s_names,th_names,t_names,values
UserA,h01_wi01,PV sys,0.0
UserA,h01_wi01,National Grid EE,0.0
UserA,h01_wi01,Storage EE,0.30000000000000004
UserA,h01_wi01,Gas Boiler,0.0
UserA,h01_wi01,HP,0.0
UserA,h01_wi01,AC,0.0
UserA,h01_wi01,Storage HW,0.0
UserA,h01_wi01,Radiators,0.0
UserA,h01_wi01,Floor heating,0.0
UserA,h01_wi01,Induction stove,0.0
UserA,h01_wi01,Gas stove,0.0
UserA,h01_wi01,Gas National Grid,0.0
UserA,h02_wi01,PV sys,0.0
UserA,h02_wi01,National Grid EE,0.0
UserA,h02_wi01,Storage EE,0.30000000000000004
UserA,h02_wi01,Gas Boiler,0.0
UserA,h02_wi01,HP,0.0
UserA,h02_wi01,AC,0.0
UserA,h02_wi01,Storage HW,0.0
UserA,h02_wi01,Radiators,0.0
UserA,h02_wi01,Floor heating,0.0
UserA,h02_wi01,Induction stove,0.0
UserA,h02_wi01,Gas stove,0.0
UserA,h02_wi01,Gas National Grid,0.0
UserA,h03_wi01,PV sys,0.0
UserA,h03_wi01,National Grid EE,0.0
UserA,h03_wi01,Storage EE,0.30000000000000004
UserA,h03_wi01,Gas Boiler,0.0
UserA,h03_wi01,HP,0.0
UserA,h03_wi01,AC,0.0
UserA,h03_wi01,Storage HW,0.0
UserA,h03_wi01,Radiators,0.0
UserA,h03_wi01,Floor heating,0.0
UserA,h03_wi01,Induction stove,0.0
UserA,h03_wi01,Gas stove,0.0
UserA,h03_wi01,Gas National Grid,0.0
UserA,h04_wi01,PV sys,0.0
UserA,h04_wi01,National Grid EE,0.0
UserA,h04_wi01,Storage EE,0.30000000000000004
UserA,h04_wi01,Gas Boiler,0.0
UserA,h04_wi01,HP,0.0
UserA,h04_wi01,AC,0.0
UserA,h04_wi01,Storage HW,0.0
UserA,h04_wi01,Radiators,0.0
UserA,h04_wi01,Floor heating,0.0
UserA,h04_wi01,Induction stove,0.0
UserA,h04_wi01,Gas stove,0.0
UserA,h04_wi01,Gas National Grid,0.0
UserA,h05_wi01,PV sys,0.0
UserA,h05_wi01,National Grid EE,0.0
UserA,h05_wi01,Storage EE,0.30000000000000004
UserA,h05_wi01,Gas Boiler,0.0
UserA,h05_wi01,HP,0.0
UserA,h05_wi01,AC,0.0
UserA,h05_wi01,Storage HW,0.0
UserA,h05_wi01,Radiators,0.0
UserA,h05_wi01,Floor heating,0.0
UserA,h05_wi01,Induction stove,0.0
UserA,h05_wi01,Gas stove,0.0
UserA,h05_wi01,Gas National Grid,0.0
UserA,h06_wi01,PV sys,0.0
UserA,h06_wi01,National Grid EE,0.0
UserA,h06_wi01,Storage EE,0.30000000000000004
UserA,h06_wi01,Gas Boiler,0.0
UserA,h06_wi01,HP,0.0
UserA,h06_wi01,AC,0.0
UserA,h06_wi01,Storage HW,0.0
UserA,h06_wi01,Radiators,0.0
UserA,h06_wi01,Floor heating,0.0
UserA,h06_wi01,Induction stove,0.0
UserA,h06_wi01,Gas stove,0.0
UserA,h06_wi01,Gas National Grid,0.0
UserA,h07_wi01,PV sys,0.0
UserA,h07_wi01,National Grid EE,0.0
UserA,h07_wi01,Storage EE,0.30000000000000004
UserA,h07_wi01,Gas Boiler,0.0
UserA,h07_wi01,HP,0.0
UserA,h07_wi01,AC,0.0
UserA,h07_wi01,Storage HW,0.0
UserA,h07_wi01,Radiators,0.0
UserA,h07_wi01,Floor heating,0.0
UserA,h07_wi01,Induction stove,0.0
UserA,h07_wi01,Gas stove,0.0
UserA,h07_wi01,Gas National Grid,0.0
UserA,h08_wi01,PV sys,0.0
UserA,h08_wi01,National Grid EE,0.0
UserA,h08_wi01,Storage EE,0.33280000000000004
UserA,h08_wi01,Gas Boiler,0.0
UserA,h08_wi01,HP,0.0
UserA,h08_wi01,AC,0.0
UserA,h08_wi01,Storage HW,0.0
UserA,h08_wi01,Radiators,0.0
UserA,h08_wi01,Floor heating,0.0
UserA,h08_wi01,Induction stove,0.0
UserA,h08_wi01,Gas stove,0.0
UserA,h08_wi01,Gas National Grid,0.0
UserA,h09_wi01,PV sys,0.0
UserA,h09_wi01,National Grid EE,0.0
UserA,h09_wi01,Storage EE,0.5240344833333322
UserA,h09_wi01,Gas Boiler,0.0
UserA,h09_wi01,HP,0.0
UserA,h09_wi01,AC,0.0
UserA,h09_wi01,Storage HW,0.0
UserA,h09_wi01,Radiators,0.0
UserA,h09_wi01,Floor heating,0.0
UserA,h09_wi01,Induction stove,0.0
UserA,h09_wi01,Gas stove,0.0
UserA,h09_wi01,Gas National Grid,0.0
UserA,h10_wi01,PV sys,0.0
UserA,h10_wi01,National Grid EE,0.0
UserA,h10_wi01,Storage EE,1.1741582
UserA,h10_wi01,Gas Boiler,0.0
UserA,h10_wi01,HP,0.0
UserA,h10_wi01,AC,0.0
UserA,h10_wi01,Storage HW,0.0
UserA,h10_wi01,Radiators,0.0
UserA,h10_wi01,Floor heating,0.0
UserA,h10_wi01,Induction stove,0.0
UserA,h10_wi01,Gas stove,0.0
UserA,h10_wi01,Gas National Grid,0.0
UserA,h11_wi01,PV sys,0.0
UserA,h11_wi01,National Grid EE,0.0
UserA,h11_wi01,Storage EE,1.8823633166666662
UserA,h11_wi01,Gas Boiler,0.0
UserA,h11_wi01,HP,0.0
UserA,h11_wi01,AC,0.0
UserA,h11_wi01,Storage HW,0.0
UserA,h11_wi01,Radiators,0.0
UserA,h11_wi01,Floor heating,0.0
UserA,h11_wi01,Induction stove,0.0
UserA,h11_wi01,Gas stove,0.0
UserA,h11_wi01,Gas National Grid,0.0
UserA,h12_wi01,PV sys,0.0
UserA,h12_wi01,National Grid EE,0.0
UserA,h12_wi01,Storage EE,2.6045927666666664
UserA,h12_wi01,Gas Boiler,0.0
UserA,h12_wi01,HP,0.0
UserA,h12_wi01,AC,0.0
UserA,h12_wi01,Storage HW,0.0
UserA,h12_wi01,Radiators,0.0
UserA,h12_wi01,Floor heating,0.0
UserA,h12_wi01,Induction stove,0.0
UserA,h12_wi01,Gas stove,0.0
UserA,h12_wi01,Gas National Grid,0.0
UserA,h13_wi01,PV sys,0.0
UserA,h13_wi01,National Grid EE,0.0
UserA,h13_wi01,Storage EE,2.8499999999999996
UserA,h13_wi01,Gas Boiler,0.0
UserA,h13_wi01,HP,0.0
UserA,h13_wi01,AC,0.0
UserA,h13_wi01,Storage HW,0.0
UserA,h13_wi01,Radiators,0.0
UserA,h13_wi01,Floor heating,0.0
UserA,h13_wi01,Induction stove,0.0
UserA,h13_wi01,Gas stove,0.0
UserA,h13_wi01,Gas National Grid,0.0
UserA,h14_wi01,PV sys,0.0
UserA,h14_wi01,National Grid EE,0.0
UserA,h14_wi01,Storage EE,2.2515570833333363
UserA,h14_wi01,Gas Boiler,0.0
UserA,h14_wi01,HP,0.0
UserA,h14_wi01,AC,0.0
UserA,h14_wi01,Storage HW,0.0
UserA,h14_wi01,Radiators,0.0
UserA,h14_wi01,Floor heating,0.0
UserA,h14_wi01,Induction stove,0.0
UserA,h14_wi01,Gas stove,0.0
UserA,h14_wi01,Gas National Grid,0.0
UserA,h15_wi01,PV sys,0.0
UserA,h15_wi01,National Grid EE,0.0
UserA,h15_wi01,Storage EE,2.595237083333336
UserA,h15_wi01,Gas Boiler,0.0
UserA,h15_wi01,HP,0.0
UserA,h15_wi01,AC,0.0
UserA,h15_wi01,Storage HW,0.0
UserA,h15_wi01,Radiators,0.0
UserA,h15_wi01,Floor heating,0.0
UserA,h15_wi01,Induction stove,0.0
UserA,h15_wi01,Gas stove,0.0
UserA,h15_wi01,Gas National Grid,0.0
UserA,h16_wi01,PV sys,0.0
UserA,h16_wi01,National Grid EE,0.0
UserA,h16_wi01,Storage EE,2.509507750000001
UserA,h16_wi01,Gas Boiler,0.0
UserA,h16_wi01,HP,0.0
UserA,h16_wi01,AC,0.0
UserA,h16_wi01,Storage HW,0.0
UserA,h16_wi01,Radiators,0.0
UserA,h16_wi01,Floor heating,0.0
UserA,h16_wi01,Induction stove,0.0
UserA,h16_wi01,Gas stove,0.0
UserA,h16_wi01,Gas National Grid,0.0
UserA,h17_wi01,PV sys,0.0
UserA,h17_wi01,National Grid EE,0.0
UserA,h17_wi01,Storage EE,2.509507750000001
UserA,h17_wi01,Gas Boiler,0.0
UserA,h17_wi01,HP,0.0
UserA,h17_wi01,AC,0.0
UserA,h17_wi01,Storage HW,0.0
UserA,h17_wi01,Radiators,0.0
UserA,h17_wi01,Floor heating,0.0
UserA,h17_wi01,Induction stove,0.0
UserA,h17_wi01,Gas stove,0.0
UserA,h17_wi01,Gas National Grid,0.0
UserA,h18_wi01,PV sys,0.0
UserA,h18_wi01,National Grid EE,0.0
UserA,h18_wi01,Storage EE,2.509507750000001
UserA,h18_wi01,Gas Boiler,0.0
UserA,h18_wi01,HP,0.0
UserA,h18_wi01,AC,0.0
UserA,h18_wi01,Storage HW,0.0
UserA,h18_wi01,Radiators,0.0
UserA,h18_wi01,Floor heating,0.0
UserA,h18_wi01,Induction stove,0.0
UserA,h18_wi01,Gas stove,0.0
UserA,h18_wi01,Gas National Grid,0.0
UserA,h19_wi01,PV sys,0.0
UserA,h19_wi01,National Grid EE,0.0
UserA,h19_wi01,Storage EE,2.509507750000001
UserA,h19_wi01,Gas Boiler,0.0
UserA,h19_wi01,HP,0.0
UserA,h19_wi01,AC,0.0
UserA,h19_wi01,Storage HW,0.0
UserA,h19_wi01,Radiators,0.0
UserA,h19_wi01,Floor heating,0.0
UserA,h19_wi01,Induction stove,0.0
UserA,h19_wi01,Gas stove,0.0
UserA,h19_wi01,Gas National Grid,0.0
UserA,h20_wi01,PV sys,0.0
UserA,h20_wi01,National Grid EE,0.0
UserA,h20_wi01,Storage EE,2.509507750000001
UserA,h20_wi01,Gas Boiler,0.0
UserA,h20_wi01,HP,0.0
UserA,h20_wi01,AC,0.0
UserA,h20_wi01,Storage HW,0.0
UserA,h20_wi01,Radiators,0.0
UserA,h20_wi01,Floor heating,0.0
UserA,h20_wi01,Induction stove,0.0
UserA,h20_wi01,Gas stove,0.0
UserA,h20_wi01,Gas National Grid,0.0
UserA,h21_wi01,PV sys,0.0
UserA,h21_wi01,National Grid EE,0.0
UserA,h21_wi01,Storage EE,2.509507750000001
UserA,h21_wi01,Gas Boiler,0.0
UserA,h21_wi01,HP,0.0
UserA,h21_wi01,AC,0.0
UserA,h21_wi01,Storage HW,0.0
UserA,h21_wi01,Radiators,0.0
UserA,h21_wi01,Floor heating,0.0
UserA,h21_wi01,Induction stove,0.0
UserA,h21_wi01,Gas stove,0.0
UserA,h21_wi01,Gas National Grid,0.0
UserA,h22_wi01,PV sys,0.0
UserA,h22_wi01,National Grid EE,0.0
UserA,h22_wi01,Storage EE,2.509507750000001
UserA,h22_wi01,Gas Boiler,0.0
UserA,h22_wi01,HP,0.0
UserA,h22_wi01,AC,0.0
UserA,h22_wi01,Storage HW,0.0
UserA,h22_wi01,Radiators,0.0
UserA,h22_wi01,Floor heating,0.0
UserA,h22_wi01,Induction stove,0.0
UserA,h22_wi01,Gas stove,0.0
UserA,h22_wi01,Gas National Grid,0.0
UserA,h23_wi01,PV sys,0.0
UserA,h23_wi01,National Grid EE,0.0
UserA,h23_wi01,Storage EE,2.509507750000001
UserA,h23_wi01,Gas Boiler,0.0
UserA,h23_wi01,HP,0.0
UserA,h23_wi01,AC,0.0
UserA,h23_wi01,Storage HW,0.0
UserA,h23_wi01,Radiators,0.0
UserA,h23_wi01,Floor heating,0.0
UserA,h23_wi01,Induction stove,0.0
UserA,h23_wi01,Gas stove,0.0
UserA,h23_wi01,Gas National Grid,0.0
UserA,h24_wi01,PV sys,0.0
UserA,h24_wi01,National Grid EE,0.0
UserA,h24_wi01,Storage EE,2.509507750000001
UserA,h24_wi01,Gas Boiler,0.0
UserA,h24_wi01,HP,0.0
UserA,h24_wi01,AC,0.0
UserA,h24_wi01,Storage HW,0.0
UserA,h24_wi01,Radiators,0.0
UserA,h24_wi01,Floor heating,0.0
UserA,h24_wi01,Induction stove,0.0
UserA,h24_wi01,Gas stove,0.0
UserA,h24_wi01,Gas National Grid,0.0
UserA,h01_wi02,PV sys,0.0
UserA,h01_wi02,National Grid EE,0.0
UserA,h01_wi02,Storage EE,2.364157133333334
UserA,h01_wi02,Gas Boiler,0.0
UserA,h01_wi02,HP,0.0
UserA,h01_wi02,AC,0.0
UserA,h01_wi02,Storage HW,0.0
UserA,h01_wi02,Radiators,0.0
UserA,h01_wi02,Floor heating,0.0
UserA,h01_wi02,Induction stove,0.0
UserA,h01_wi02,Gas stove,0.0
UserA,h01_wi02,Gas National Grid,0.0
UserA,h02_wi02,PV sys,0.0
UserA,h02_wi02,National Grid EE,0.0
UserA,h02_wi02,Storage EE,2.250156483333334
UserA,h02_wi02,Gas Boiler,0.0
UserA,h02_wi02,HP,0.0
UserA,h02_wi02,AC,0.0
UserA,h02_wi02,Storage HW,0.0
UserA,h02_wi02,Radiators,0.0
UserA,h02_wi02,Floor heating,0.0
UserA,h02_wi02,Induction stove,0.0
UserA,h02_wi02,Gas stove,0.0
UserA,h02_wi02,Gas National Grid,0.0
UserA,h03_wi02,PV sys,0.0
UserA,h03_wi02,National Grid EE,0.0
UserA,h03_wi02,Storage EE,2.0095226000000004
UserA,h03_wi02,Gas Boiler,0.0
UserA,h03_wi02,HP,0.0
UserA,h03_wi02,AC,0.0
UserA,h03_wi02,Storage HW,0.0
UserA,h03_wi02,Radiators,0.0
UserA,h03_wi02,Floor heating,0.0
UserA,h03_wi02,Induction stove,0.0
UserA,h03_wi02,Gas stove,0.0
UserA,h03_wi02,Gas National Grid,0.0
UserA,h04_wi02,PV sys,0.0
UserA,h04_wi02,National Grid EE,0.0
UserA,h04_wi02,Storage EE,1.7984554000000004
UserA,h04_wi02,Gas Boiler,0.0
UserA,h04_wi02,HP,0.0
UserA,h04_wi02,AC,0.0
UserA,h04_wi02,Storage HW,0.0
UserA,h04_wi02,Radiators,0.0
UserA,h04_wi02,Floor heating,0.0
UserA,h04_wi02,Induction stove,0.0
UserA,h04_wi02,Gas stove,0.0
UserA,h04_wi02,Gas National Grid,0.0
UserA,h05_wi02,PV sys,0.0
UserA,h05_wi02,National Grid EE,0.0
UserA,h05_wi02,Storage EE,1.5919378500000003
UserA,h05_wi02,Gas Boiler,0.0
UserA,h05_wi02,HP,0.0
UserA,h05_wi02,AC,0.0
UserA,h05_wi02,Storage HW,0.0
UserA,h05_wi02,Radiators,0.0
UserA,h05_wi02,Floor heating,0.0
UserA,h05_wi02,Induction stove,0.0
UserA,h05_wi02,Gas stove,0.0
UserA,h05_wi02,Gas National Grid,0.0
UserA,h06_wi02,PV sys,0.0
UserA,h06_wi02,National Grid EE,0.0
UserA,h06_wi02,Storage EE,1.3708870333333336
UserA,h06_wi02,Gas Boiler,0.0
UserA,h06_wi02,HP,0.0
UserA,h06_wi02,AC,0.0
UserA,h06_wi02,Storage HW,0.0
UserA,h06_wi02,Radiators,0.0
UserA,h06_wi02,Floor heating,0.0
UserA,h06_wi02,Induction stove,0.0
UserA,h06_wi02,Gas stove,0.0
UserA,h06_wi02,Gas National Grid,0.0
UserA,h07_wi02,PV sys,0.0
UserA,h07_wi02,National Grid EE,0.0
UserA,h07_wi02,Storage EE,1.0943862666666668
UserA,h07_wi02,Gas Boiler,0.0
UserA,h07_wi02,HP,0.0
UserA,h07_wi02,AC,0.0
UserA,h07_wi02,Storage HW,0.0
UserA,h07_wi02,Radiators,0.0
UserA,h07_wi02,Floor heating,0.0
UserA,h07_wi02,Induction stove,0.0
UserA,h07_wi02,Gas stove,0.0
UserA,h07_wi02,Gas National Grid,0.0
UserA,h08_wi02,PV sys,0.0
UserA,h08_wi02,National Grid EE,0.0
UserA,h08_wi02,Storage EE,0.7777161166666666
UserA,h08_wi02,Gas Boiler,0.0
UserA,h08_wi02,HP,0.0
UserA,h08_wi02,AC,0.0
UserA,h08_wi02,Storage HW,0.0
UserA,h08_wi02,Radiators,0.0
UserA,h08_wi02,Floor heating,0.0
UserA,h08_wi02,Induction stove,0.0
UserA,h08_wi02,Gas stove,0.0
UserA,h08_wi02,Gas National Grid,0.0
UserA,h09_wi02,PV sys,0.0
UserA,h09_wi02,National Grid EE,0.0
UserA,h09_wi02,Storage EE,0.30000000000000004
UserA,h09_wi02,Gas Boiler,0.0
UserA,h09_wi02,HP,0.0
UserA,h09_wi02,AC,0.0
UserA,h09_wi02,Storage HW,0.0
UserA,h09_wi02,Radiators,0.0
UserA,h09_wi02,Floor heating,0.0
UserA,h09_wi02,Induction stove,0.0
UserA,h09_wi02,Gas stove,0.0
UserA,h09_wi02,Gas National Grid,0.0
UserA,h10_wi02,PV sys,0.0
UserA,h10_wi02,National Grid EE,0.0
UserA,h10_wi02,Storage EE,0.355336083333333
UserA,h10_wi02,Gas Boiler,0.0
UserA,h10_wi02,HP,0.0
UserA,h10_wi02,AC,0.0
UserA,h10_wi02,Storage HW,0.0
UserA,h10_wi02,Radiators,0.0
UserA,h10_wi02,Floor heating,0.0
UserA,h10_wi02,Induction stove,0.0
UserA,h10_wi02,Gas stove,0.0
UserA,h10_wi02,Gas National Grid,0.0
UserA,h11_wi02,PV sys,0.0
UserA,h11_wi02,National Grid EE,0.0
UserA,h11_wi02,Storage EE,0.4753297666666665
UserA,h11_wi02,Gas Boiler,0.0
UserA,h11_wi02,HP,0.0
UserA,h11_wi02,AC,0.0
UserA,h11_wi02,Storage HW,0.0
UserA,h11_wi02,Radiators,0.0
UserA,h11_wi02,Floor heating,0.0
UserA,h11_wi02,Induction stove,0.0
UserA,h11_wi02,Gas stove,0.0
UserA,h11_wi02,Gas National Grid,0.0
UserA,h12_wi02,PV sys,0.0
UserA,h12_wi02,National Grid EE,0.0
UserA,h12_wi02,Storage EE,1.3227777333333328
UserA,h12_wi02,Gas Boiler,0.0
UserA,h12_wi02,HP,0.0
UserA,h12_wi02,AC,0.0
UserA,h12_wi02,Storage HW,0.0
UserA,h12_wi02,Radiators,0.0
UserA,h12_wi02,Floor heating,0.0
UserA,h12_wi02,Induction stove,0.0
UserA,h12_wi02,Gas stove,0.0
UserA,h12_wi02,Gas National Grid,0.0
UserA,h13_wi02,PV sys,0.0
UserA,h13_wi02,National Grid EE,0.0
UserA,h13_wi02,Storage EE,0.5815838000000015
UserA,h13_wi02,Gas Boiler,0.0
UserA,h13_wi02,HP,0.0
UserA,h13_wi02,AC,0.0
UserA,h13_wi02,Storage HW,0.0
UserA,h13_wi02,Radiators,0.0
UserA,h13_wi02,Floor heating,0.0
UserA,h13_wi02,Induction stove,0.0
UserA,h13_wi02,Gas stove,0.0
UserA,h13_wi02,Gas National Grid,0.0
UserA,h14_wi02,PV sys,0.0
UserA,h14_wi02,National Grid EE,0.0
UserA,h14_wi02,Storage EE,1.5129916166666677
UserA,h14_wi02,Gas Boiler,0.0
UserA,h14_wi02,HP,0.0
UserA,h14_wi02,AC,0.0
UserA,h14_wi02,Storage HW,0.0
UserA,h14_wi02,Radiators,0.0
UserA,h14_wi02,Floor heating,0.0
UserA,h14_wi02,Induction stove,0.0
UserA,h14_wi02,Gas stove,0.0
UserA,h14_wi02,Gas National Grid,0.0
UserA,h15_wi02,PV sys,0.0
UserA,h15_wi02,National Grid EE,0.0
UserA,h15_wi02,Storage EE,2.1584413500000013
UserA,h15_wi02,Gas Boiler,0.0
UserA,h15_wi02,HP,0.0
UserA,h15_wi02,AC,0.0
UserA,h15_wi02,Storage HW,0.0
UserA,h15_wi02,Radiators,0.0
UserA,h15_wi02,Floor heating,0.0
UserA,h15_wi02,Induction stove,0.0
UserA,h15_wi02,Gas stove,0.0
UserA,h15_wi02,Gas National Grid,0.0
UserA,h16_wi02,PV sys,0.0
UserA,h16_wi02,National Grid EE,0.0
UserA,h16_wi02,Storage EE,2.448957983333335
UserA,h16_wi02,Gas Boiler,0.0
UserA,h16_wi02,HP,0.0
UserA,h16_wi02,AC,0.0
UserA,h16_wi02,Storage HW,0.0
UserA,h16_wi02,Radiators,0.0
UserA,h16_wi02,Floor heating,0.0
UserA,h16_wi02,Induction stove,0.0
UserA,h16_wi02,Gas stove,0.0
UserA,h16_wi02,Gas National Grid,0.0
UserA,h17_wi02,PV sys,0.0
UserA,h17_wi02,National Grid EE,0.0
UserA,h17_wi02,Storage EE,2.208291300000001
UserA,h17_wi02,Gas Boiler,0.0
UserA,h17_wi02,HP,0.0
UserA,h17_wi02,AC,0.0
UserA,h17_wi02,Storage HW,0.0
UserA,h17_wi02,Radiators,0.0
UserA,h17_wi02,Floor heating,0.0
UserA,h17_wi02,Induction stove,0.0
UserA,h17_wi02,Gas stove,0.0
UserA,h17_wi02,Gas National Grid,0.0
UserA,h18_wi02,PV sys,0.0
UserA,h18_wi02,National Grid EE,0.0
UserA,h18_wi02,Storage EE,1.9935395166666672
UserA,h18_wi02,Gas Boiler,0.0
UserA,h18_wi02,HP,0.0
UserA,h18_wi02,AC,0.0
UserA,h18_wi02,Storage HW,0.0
UserA,h18_wi02,Radiators,0.0
UserA,h18_wi02,Floor heating,0.0
UserA,h18_wi02,Induction stove,0.0
UserA,h18_wi02,Gas stove,0.0
UserA,h18_wi02,Gas National Grid,0.0
UserA,h19_wi02,PV sys,0.0
UserA,h19_wi02,National Grid EE,0.0
UserA,h19_wi02,Storage EE,1.6391743000000008
UserA,h19_wi02,Gas Boiler,0.0
UserA,h19_wi02,HP,0.0
UserA,h19_wi02,AC,0.0
UserA,h19_wi02,Storage HW,0.0
UserA,h19_wi02,Radiators,0.0
UserA,h19_wi02,Floor heating,0.0
UserA,h19_wi02,Induction stove,0.0
UserA,h19_wi02,Gas stove,0.0
UserA,h19_wi02,Gas National Grid,0.0
UserA,h20_wi02,PV sys,0.0
UserA,h20_wi02,National Grid EE,0.0
UserA,h20_wi02,Storage EE,1.3023715333333337
UserA,h20_wi02,Gas Boiler,0.0
UserA,h20_wi02,HP,0.0
UserA,h20_wi02,AC,0.0
UserA,h20_wi02,Storage HW,0.0
UserA,h20_wi02,Radiators,0.0
UserA,h20_wi02,Floor heating,0.0
UserA,h20_wi02,Induction stove,0.0
UserA,h20_wi02,Gas stove,0.0
UserA,h20_wi02,Gas National Grid,0.0
UserA,h21_wi02,PV sys,0.0
UserA,h21_wi02,National Grid EE,0.0
UserA,h21_wi02,Storage EE,1.0209818000000002
UserA,h21_wi02,Gas Boiler,0.0
UserA,h21_wi02,HP,0.0
UserA,h21_wi02,AC,0.0
UserA,h21_wi02,Storage HW,0.0
UserA,h21_wi02,Radiators,0.0
UserA,h21_wi02,Floor heating,0.0
UserA,h21_wi02,Induction stove,0.0
UserA,h21_wi02,Gas stove,0.0
UserA,h21_wi02,Gas National Grid,0.0
UserA,h22_wi02,PV sys,0.0
UserA,h22_wi02,National Grid EE,0.0
UserA,h22_wi02,Storage EE,0.7304878833333335
UserA,h22_wi02,Gas Boiler,0.0
UserA,h22_wi02,HP,0.0
UserA,h22_wi02,AC,0.0
UserA,h22_wi02,Storage HW,0.0
UserA,h22_wi02,Radiators,0.0
UserA,h22_wi02,Floor heating,0.0
UserA,h22_wi02,Induction stove,0.0
UserA,h22_wi02,Gas stove,0.0
UserA,h22_wi02,Gas National Grid,0.0
UserA,h23_wi02,PV sys,0.0
UserA,h23_wi02,National Grid EE,0.0
UserA,h23_wi02,Storage EE,0.4792697833333337
UserA,h23_wi02,Gas Boiler,0.0
UserA,h23_wi02,HP,0.0
UserA,h23_wi02,AC,0.0
UserA,h23_wi02,Storage HW,0.0
UserA,h23_wi02,Radiators,0.0
UserA,h23_wi02,Floor heating,0.0
UserA,h23_wi02,Induction stove,0.0
UserA,h23_wi02,Gas stove,0.0
UserA,h23_wi02,Gas National Grid,0.0
UserA,h24_wi02,PV sys,0.0
UserA,h24_wi02,National Grid EE,0.0
UserA,h24_wi02,Storage EE,0.30000000000000004
UserA,h24_wi02,Gas Boiler,0.0
UserA,h24_wi02,HP,0.0
UserA,h24_wi02,AC,0.0
UserA,h24_wi02,Storage HW,0.0
UserA,h24_wi02,Radiators,0.0
UserA,h24_wi02,Floor heating,0.0
UserA,h24_wi02,Induction stove,0.0
UserA,h24_wi02,Gas stove,0.0
UserA,h24_wi02,Gas National Grid,0.0
UserA,h01_wi03,PV sys,0.0
UserA,h01_wi03,National Grid EE,0.0
UserA,h01_wi03,Storage EE,0.30000000000000027
UserA,h01_wi03,Gas Boiler,0.0
UserA,h01_wi03,HP,0.0
UserA,h01_wi03,AC,0.0
UserA,h01_wi03,Storage HW,0.0
UserA,h01_wi03,Radiators,0.0
UserA,h01_wi03,Floor heating,0.0
UserA,h01_wi03,Induction stove,0.0
UserA,h01_wi03,Gas stove,0.0
UserA,h01_wi03,Gas National Grid,0.0
UserA,h02_wi03,PV sys,0.0
UserA,h02_wi03,National Grid EE,0.0
UserA,h02_wi03,Storage EE,0.30000000000000027
UserA,h02_wi03,Gas Boiler,0.0
UserA,h02_wi03,HP,0.0
UserA,h02_wi03,AC,0.0
UserA,h02_wi03,Storage HW,0.0
UserA,h02_wi03,Radiators,0.0
UserA,h02_wi03,Floor heating,0.0
UserA,h02_wi03,Induction stove,0.0
UserA,h02_wi03,Gas stove,0.0
UserA,h02_wi03,Gas National Grid,0.0
UserA,h03_wi03,PV sys,0.0
UserA,h03_wi03,National Grid EE,0.0
UserA,h03_wi03,Storage EE,0.30000000000000027
UserA,h03_wi03,Gas Boiler,0.0
UserA,h03_wi03,HP,0.0
UserA,h03_wi03,AC,0.0
UserA,h03_wi03,Storage HW,0.0
UserA,h03_wi03,Radiators,0.0
UserA,h03_wi03,Floor heating,0.0
UserA,h03_wi03,Induction stove,0.0
UserA,h03_wi03,Gas stove,0.0
UserA,h03_wi03,Gas National Grid,0.0
UserA,h04_wi03,PV sys,0.0
UserA,h04_wi03,National Grid EE,0.0
UserA,h04_wi03,Storage EE,0.30000000000000004
UserA,h04_wi03,Gas Boiler,0.0
UserA,h04_wi03,HP,0.0
UserA,h04_wi03,AC,0.0
UserA,h04_wi03,Storage HW,0.0
UserA,h04_wi03,Radiators,0.0
UserA,h04_wi03,Floor heating,0.0
UserA,h04_wi03,Induction stove,0.0
UserA,h04_wi03,Gas stove,0.0
UserA,h04_wi03,Gas National Grid,0.0
UserA,h05_wi03,PV sys,0.0
UserA,h05_wi03,National Grid EE,0.0
UserA,h05_wi03,Storage EE,0.30000000000000027
UserA,h05_wi03,Gas Boiler,0.0
UserA,h05_wi03,HP,0.0
UserA,h05_wi03,AC,0.0
UserA,h05_wi03,Storage HW,0.0
UserA,h05_wi03,Radiators,0.0
UserA,h05_wi03,Floor heating,0.0
UserA,h05_wi03,Induction stove,0.0
UserA,h05_wi03,Gas stove,0.0
UserA,h05_wi03,Gas National Grid,0.0
UserA,h06_wi03,PV sys,0.0
UserA,h06_wi03,National Grid EE,0.0
UserA,h06_wi03,Storage EE,0.30000000000000004
UserA,h06_wi03,Gas Boiler,0.0
UserA,h06_wi03,HP,0.0
UserA,h06_wi03,AC,0.0
UserA,h06_wi03,Storage HW,0.0
UserA,h06_wi03,Radiators,0.0
UserA,h06_wi03,Floor heating,0.0
UserA,h06_wi03,Induction stove,0.0
UserA,h06_wi03,Gas stove,0.0
UserA,h06_wi03,Gas National Grid,0.0
UserA,h07_wi03,PV sys,0.0
UserA,h07_wi03,National Grid EE,0.0
UserA,h07_wi03,Storage EE,0.30000000000000027
UserA,h07_wi03,Gas Boiler,0.0
UserA,h07_wi03,HP,0.0
UserA,h07_wi03,AC,0.0
UserA,h07_wi03,Storage HW,0.0
UserA,h07_wi03,Radiators,0.0
UserA,h07_wi03,Floor heating,0.0
UserA,h07_wi03,Induction stove,0.0
UserA,h07_wi03,Gas stove,0.0
UserA,h07_wi03,Gas National Grid,0.0
UserA,h08_wi03,PV sys,0.0
UserA,h08_wi03,National Grid EE,0.0
UserA,h08_wi03,Storage EE,0.30000000000000004
UserA,h08_wi03,Gas Boiler,0.0
UserA,h08_wi03,HP,0.0
UserA,h08_wi03,AC,0.0
UserA,h08_wi03,Storage HW,0.0
UserA,h08_wi03,Radiators,0.0
UserA,h08_wi03,Floor heating,0.0
UserA,h08_wi03,Induction stove,0.0
UserA,h08_wi03,Gas stove,0.0
UserA,h08_wi03,Gas National Grid,0.0
UserA,h09_wi03,PV sys,0.0
UserA,h09_wi03,National Grid EE,0.0
UserA,h09_wi03,Storage EE,0.4355241166666669
UserA,h09_wi03,Gas Boiler,0.0
UserA,h09_wi03,HP,0.0
UserA,h09_wi03,AC,0.0
UserA,h09_wi03,Storage HW,0.0
UserA,h09_wi03,Radiators,0.0
UserA,h09_wi03,Floor heating,0.0
UserA,h09_wi03,Induction stove,0.0
UserA,h09_wi03,Gas stove,0.0
UserA,h09_wi03,Gas National Grid,0.0
UserA,h10_wi03,PV sys,0.0
UserA,h10_wi03,National Grid EE,0.0
UserA,h10_wi03,Storage EE,1.0270544833333335
UserA,h10_wi03,Gas Boiler,0.0
UserA,h10_wi03,HP,0.0
UserA,h10_wi03,AC,0.0
UserA,h10_wi03,Storage HW,0.0
UserA,h10_wi03,Radiators,0.0
UserA,h10_wi03,Floor heating,0.0
UserA,h10_wi03,Induction stove,0.0
UserA,h10_wi03,Gas stove,0.0
UserA,h10_wi03,Gas National Grid,0.0
UserA,h11_wi03,PV sys,0.0
UserA,h11_wi03,National Grid EE,0.0
UserA,h11_wi03,Storage EE,2.2059096152538062
UserA,h11_wi03,Gas Boiler,0.0
UserA,h11_wi03,HP,0.0
UserA,h11_wi03,AC,0.0
UserA,h11_wi03,Storage HW,0.0
UserA,h11_wi03,Radiators,0.0
UserA,h11_wi03,Floor heating,0.0
UserA,h11_wi03,Induction stove,0.0
UserA,h11_wi03,Gas stove,0.0
UserA,h11_wi03,Gas National Grid,0.0
UserA,h12_wi03,PV sys,0.0
UserA,h12_wi03,National Grid EE,0.0
UserA,h12_wi03,Storage EE,0.705909615253806
UserA,h12_wi03,Gas Boiler,0.0
UserA,h12_wi03,HP,0.0
UserA,h12_wi03,AC,0.0
UserA,h12_wi03,Storage HW,0.0
UserA,h12_wi03,Radiators,0.0
UserA,h12_wi03,Floor heating,0.0
UserA,h12_wi03,Induction stove,0.0
UserA,h12_wi03,Gas stove,0.0
UserA,h12_wi03,Gas National Grid,0.0
UserA,h13_wi03,PV sys,0.0
UserA,h13_wi03,National Grid EE,0.0
UserA,h13_wi03,Storage EE,0.3000000000000014
UserA,h13_wi03,Gas Boiler,0.0
UserA,h13_wi03,HP,0.0
UserA,h13_wi03,AC,0.0
UserA,h13_wi03,Storage HW,0.0
UserA,h13_wi03,Radiators,0.0
UserA,h13_wi03,Floor heating,0.0
UserA,h13_wi03,Induction stove,0.0
UserA,h13_wi03,Gas stove,0.0
UserA,h13_wi03,Gas National Grid,0.0
UserA,h14_wi03,PV sys,0.0
UserA,h14_wi03,National Grid EE,0.0
UserA,h14_wi03,Storage EE,1.4653571499999998
UserA,h14_wi03,Gas Boiler,0.0
UserA,h14_wi03,HP,0.0
UserA,h14_wi03,AC,0.0
UserA,h14_wi03,Storage HW,0.0
UserA,h14_wi03,Radiators,0.0
UserA,h14_wi03,Floor heating,0.0
UserA,h14_wi03,Induction stove,0.0
UserA,h14_wi03,Gas stove,0.0
UserA,h14_wi03,Gas National Grid,0.0
UserA,h15_wi03,PV sys,0.0
UserA,h15_wi03,National Grid EE,0.0
UserA,h15_wi03,Storage EE,2.428560166666666
UserA,h15_wi03,Gas Boiler,0.0
UserA,h15_wi03,HP,0.0
UserA,h15_wi03,AC,0.0
UserA,h15_wi03,Storage HW,0.0
UserA,h15_wi03,Radiators,0.0
UserA,h15_wi03,Floor heating,0.0
UserA,h15_wi03,Induction stove,0.0
UserA,h15_wi03,Gas stove,0.0
UserA,h15_wi03,Gas National Grid,0.0
UserA,h16_wi03,PV sys,0.0
UserA,h16_wi03,National Grid EE,0.0
UserA,h16_wi03,Storage EE,2.7866033666666663
UserA,h16_wi03,Gas Boiler,0.0
UserA,h16_wi03,HP,0.0
UserA,h16_wi03,AC,0.0
UserA,h16_wi03,Storage HW,0.0
UserA,h16_wi03,Radiators,0.0
UserA,h16_wi03,Floor heating,0.0
UserA,h16_wi03,Induction stove,0.0
UserA,h16_wi03,Gas stove,0.0
UserA,h16_wi03,Gas National Grid,0.0
UserA,h17_wi03,PV sys,0.0
UserA,h17_wi03,National Grid EE,0.0
UserA,h17_wi03,Storage EE,2.8499999999999996
UserA,h17_wi03,Gas Boiler,0.0
UserA,h17_wi03,HP,0.0
UserA,h17_wi03,AC,0.0
UserA,h17_wi03,Storage HW,0.0
UserA,h17_wi03,Radiators,0.0
UserA,h17_wi03,Floor heating,0.0
UserA,h17_wi03,Induction stove,0.0
UserA,h17_wi03,Gas stove,0.0
UserA,h17_wi03,Gas National Grid,0.0
UserA,h18_wi03,PV sys,0.0
UserA,h18_wi03,National Grid EE,0.0
UserA,h18_wi03,Storage EE,2.8499999999999996
UserA,h18_wi03,Gas Boiler,0.0
UserA,h18_wi03,HP,0.0
UserA,h18_wi03,AC,0.0
UserA,h18_wi03,Storage HW,0.0
UserA,h18_wi03,Radiators,0.0
UserA,h18_wi03,Floor heating,0.0
UserA,h18_wi03,Induction stove,0.0
UserA,h18_wi03,Gas stove,0.0
UserA,h18_wi03,Gas National Grid,0.0
UserA,h19_wi03,PV sys,0.0
UserA,h19_wi03,National Grid EE,0.0
UserA,h19_wi03,Storage EE,2.8499999999999996
UserA,h19_wi03,Gas Boiler,0.0
UserA,h19_wi03,HP,0.0
UserA,h19_wi03,AC,0.0
UserA,h19_wi03,Storage HW,0.0
UserA,h19_wi03,Radiators,0.0
UserA,h19_wi03,Floor heating,0.0
UserA,h19_wi03,Induction stove,0.0
UserA,h19_wi03,Gas stove,0.0
UserA,h19_wi03,Gas National Grid,0.0
UserA,h20_wi03,PV sys,0.0
UserA,h20_wi03,National Grid EE,0.0
UserA,h20_wi03,Storage EE,2.8499999999999996
UserA,h20_wi03,Gas Boiler,0.0
UserA,h20_wi03,HP,0.0
UserA,h20_wi03,AC,0.0
UserA,h20_wi03,Storage HW,0.0
UserA,h20_wi03,Radiators,0.0
UserA,h20_wi03,Floor heating,0.0
UserA,h20_wi03,Induction stove,0.0
UserA,h20_wi03,Gas stove,0.0
UserA,h20_wi03,Gas National Grid,0.0
UserA,h21_wi03,PV sys,0.0
UserA,h21_wi03,National Grid EE,0.0
UserA,h21_wi03,Storage EE,2.8499999999999996
UserA,h21_wi03,Gas Boiler,0.0
UserA,h21_wi03,HP,0.0
UserA,h21_wi03,AC,0.0
UserA,h21_wi03,Storage HW,0.0
UserA,h21_wi03,Radiators,0.0
UserA,h21_wi03,Floor heating,0.0
UserA,h21_wi03,Induction stove,0.0
UserA,h21_wi03,Gas stove,0.0
UserA,h21_wi03,Gas National Grid,0.0
UserA,h22_wi03,PV sys,0.0
UserA,h22_wi03,National Grid EE,0.0
UserA,h22_wi03,Storage EE,2.8499999999999996
UserA,h22_wi03,Gas Boiler,0.0
UserA,h22_wi03,HP,0.0
UserA,h22_wi03,AC,0.0
UserA,h22_wi03,Storage HW,0.0
UserA,h22_wi03,Radiators,0.0
UserA,h22_wi03,Floor heating,0.0
UserA,h22_wi03,Induction stove,0.0
UserA,h22_wi03,Gas stove,0.0
UserA,h22_wi03,Gas National Grid,0.0
UserA,h23_wi03,PV sys,0.0
UserA,h23_wi03,National Grid EE,0.0
UserA,h23_wi03,Storage EE,2.8499999999999996
UserA,h23_wi03,Gas Boiler,0.0
UserA,h23_wi03,HP,0.0
UserA,h23_wi03,AC,0.0
UserA,h23_wi03,Storage HW,0.0
UserA,h23_wi03,Radiators,0.0
UserA,h23_wi03,Floor heating,0.0
UserA,h23_wi03,Induction stove,0.0
UserA,h23_wi03,Gas stove,0.0
UserA,h23_wi03,Gas National Grid,0.0
UserA,h24_wi03,PV sys,0.0
UserA,h24_wi03,National Grid EE,0.0
UserA,h24_wi03,Storage EE,2.8499999999999996
UserA,h24_wi03,Gas Boiler,0.0
UserA,h24_wi03,HP,0.0
UserA,h24_wi03,AC,0.0
UserA,h24_wi03,Storage HW,0.0
UserA,h24_wi03,Radiators,0.0
UserA,h24_wi03,Floor heating,0.0
UserA,h24_wi03,Induction stove,0.0
UserA,h24_wi03,Gas stove,0.0
UserA,h24_wi03,Gas National Grid,0.0
UserA,h01_wi04,PV sys,0.0
UserA,h01_wi04,National Grid EE,0.0
UserA,h01_wi04,Storage EE,2.6864941499999997
UserA,h01_wi04,Gas Boiler,0.0
UserA,h01_wi04,HP,0.0
UserA,h01_wi04,AC,0.0
UserA,h01_wi04,Storage HW,0.0
UserA,h01_wi04,Radiators,0.0
UserA,h01_wi04,Floor heating,0.0
UserA,h01_wi04,Induction stove,0.0
UserA,h01_wi04,Gas stove,0.0
UserA,h01_wi04,Gas National Grid,0.0
UserA,h02_wi04,PV sys,0.0
UserA,h02_wi04,National Grid EE,0.0
UserA,h02_wi04,Storage EE,2.555377
UserA,h02_wi04,Gas Boiler,0.0
UserA,h02_wi04,HP,0.0
UserA,h02_wi04,AC,0.0
UserA,h02_wi04,Storage HW,0.0
UserA,h02_wi04,Radiators,0.0
UserA,h02_wi04,Floor heating,0.0
UserA,h02_wi04,Induction stove,0.0
UserA,h02_wi04,Gas stove,0.0
UserA,h02_wi04,Gas National Grid,0.0
UserA,h03_wi04,PV sys,0.0
UserA,h03_wi04,National Grid EE,0.0
UserA,h03_wi04,Storage EE,2.4522263333333334
UserA,h03_wi04,Gas Boiler,0.0
UserA,h03_wi04,HP,0.0
UserA,h03_wi04,AC,0.0
UserA,h03_wi04,Storage HW,0.0
UserA,h03_wi04,Radiators,0.0
UserA,h03_wi04,Floor heating,0.0
UserA,h03_wi04,Induction stove,0.0
UserA,h03_wi04,Gas stove,0.0
UserA,h03_wi04,Gas National Grid,0.0
UserA,h04_wi04,PV sys,0.0
UserA,h04_wi04,National Grid EE,0.0
UserA,h04_wi04,Storage EE,2.2164533833333353
UserA,h04_wi04,Gas Boiler,0.0
UserA,h04_wi04,HP,0.0
UserA,h04_wi04,AC,0.0
UserA,h04_wi04,Storage HW,0.0
UserA,h04_wi04,Radiators,0.0
UserA,h04_wi04,Floor heating,0.0
UserA,h04_wi04,Induction stove,0.0
UserA,h04_wi04,Gas stove,0.0
UserA,h04_wi04,Gas National Grid,0.0
UserA,h05_wi04,PV sys,0.0
UserA,h05_wi04,National Grid EE,0.0
UserA,h05_wi04,Storage EE,2.034203250000002
UserA,h05_wi04,Gas Boiler,0.0
UserA,h05_wi04,HP,0.0
UserA,h05_wi04,AC,0.0
UserA,h05_wi04,Storage HW,0.0
UserA,h05_wi04,Radiators,0.0
UserA,h05_wi04,Floor heating,0.0
UserA,h05_wi04,Induction stove,0.0
UserA,h05_wi04,Gas stove,0.0
UserA,h05_wi04,Gas National Grid,0.0
UserA,h06_wi04,PV sys,0.0
UserA,h06_wi04,National Grid EE,0.0
UserA,h06_wi04,Storage EE,1.8617032500000015
UserA,h06_wi04,Gas Boiler,0.0
UserA,h06_wi04,HP,0.0
UserA,h06_wi04,AC,0.0
UserA,h06_wi04,Storage HW,0.0
UserA,h06_wi04,Radiators,0.0
UserA,h06_wi04,Floor heating,0.0
UserA,h06_wi04,Induction stove,0.0
UserA,h06_wi04,Gas stove,0.0
UserA,h06_wi04,Gas National Grid,0.0
UserA,h07_wi04,PV sys,0.0
UserA,h07_wi04,National Grid EE,0.0
UserA,h07_wi04,Storage EE,1.6892024833333346
UserA,h07_wi04,Gas Boiler,0.0
UserA,h07_wi04,HP,0.0
UserA,h07_wi04,AC,0.0
UserA,h07_wi04,Storage HW,0.0
UserA,h07_wi04,Radiators,0.0
UserA,h07_wi04,Floor heating,0.0
UserA,h07_wi04,Induction stove,0.0
UserA,h07_wi04,Gas stove,0.0
UserA,h07_wi04,Gas National Grid,0.0
UserA,h08_wi04,PV sys,0.0
UserA,h08_wi04,National Grid EE,0.0
UserA,h08_wi04,Storage EE,1.7385666666666677
UserA,h08_wi04,Gas Boiler,0.0
UserA,h08_wi04,HP,0.0
UserA,h08_wi04,AC,0.0
UserA,h08_wi04,Storage HW,0.0
UserA,h08_wi04,Radiators,0.0
UserA,h08_wi04,Floor heating,0.0
UserA,h08_wi04,Induction stove,0.0
UserA,h08_wi04,Gas stove,0.0
UserA,h08_wi04,Gas National Grid,0.0
UserA,h09_wi04,PV sys,0.0
UserA,h09_wi04,National Grid EE,0.0
UserA,h09_wi04,Storage EE,2.241883550000001
UserA,h09_wi04,Gas Boiler,0.0
UserA,h09_wi04,HP,0.0
UserA,h09_wi04,AC,0.0
UserA,h09_wi04,Storage HW,0.0
UserA,h09_wi04,Radiators,0.0
UserA,h09_wi04,Floor heating,0.0
UserA,h09_wi04,Induction stove,0.0
UserA,h09_wi04,Gas stove,0.0
UserA,h09_wi04,Gas National Grid,0.0
UserA,h10_wi04,PV sys,0.0
UserA,h10_wi04,National Grid EE,0.0
UserA,h10_wi04,Storage EE,2.8499999999999996
UserA,h10_wi04,Gas Boiler,0.0
UserA,h10_wi04,HP,0.0
UserA,h10_wi04,AC,0.0
UserA,h10_wi04,Storage HW,0.0
UserA,h10_wi04,Radiators,0.0
UserA,h10_wi04,Floor heating,0.0
UserA,h10_wi04,Induction stove,0.0
UserA,h10_wi04,Gas stove,0.0
UserA,h10_wi04,Gas National Grid,0.0
UserA,h11_wi04,PV sys,0.0
UserA,h11_wi04,National Grid EE,0.0
UserA,h11_wi04,Storage EE,2.8499999999999996
UserA,h11_wi04,Gas Boiler,0.0
UserA,h11_wi04,HP,0.0
UserA,h11_wi04,AC,0.0
UserA,h11_wi04,Storage HW,0.0
UserA,h11_wi04,Radiators,0.0
UserA,h11_wi04,Floor heating,0.0
UserA,h11_wi04,Induction stove,0.0
UserA,h11_wi04,Gas stove,0.0
UserA,h11_wi04,Gas National Grid,0.0
UserA,h12_wi04,PV sys,0.0
UserA,h12_wi04,National Grid EE,0.0
UserA,h12_wi04,Storage EE,2.8499999999999996
UserA,h12_wi04,Gas Boiler,0.0
UserA,h12_wi04,HP,0.0
UserA,h12_wi04,AC,0.0
UserA,h12_wi04,Storage HW,0.0
UserA,h12_wi04,Radiators,0.0
UserA,h12_wi04,Floor heating,0.0
UserA,h12_wi04,Induction stove,0.0
UserA,h12_wi04,Gas stove,0.0
UserA,h12_wi04,Gas National Grid,0.0
UserA,h13_wi04,PV sys,0.0
UserA,h13_wi04,National Grid EE,0.0
UserA,h13_wi04,Storage EE,2.8499999999999996
UserA,h13_wi04,Gas Boiler,0.0
UserA,h13_wi04,HP,0.0
UserA,h13_wi04,AC,0.0
UserA,h13_wi04,Storage HW,0.0
UserA,h13_wi04,Radiators,0.0
UserA,h13_wi04,Floor heating,0.0
UserA,h13_wi04,Induction stove,0.0
UserA,h13_wi04,Gas stove,0.0
UserA,h13_wi04,Gas National Grid,0.0
UserA,h14_wi04,PV sys,0.0
UserA,h14_wi04,National Grid EE,0.0
UserA,h14_wi04,Storage EE,1.9303402999999997
UserA,h14_wi04,Gas Boiler,0.0
UserA,h14_wi04,HP,0.0
UserA,h14_wi04,AC,0.0
UserA,h14_wi04,Storage HW,0.0
UserA,h14_wi04,Radiators,0.0
UserA,h14_wi04,Floor heating,0.0
UserA,h14_wi04,Induction stove,0.0
UserA,h14_wi04,Gas stove,0.0
UserA,h14_wi04,Gas National Grid,0.0
UserA,h15_wi04,PV sys,0.0
UserA,h15_wi04,National Grid EE,0.0
UserA,h15_wi04,Storage EE,2.8499999999999996
UserA,h15_wi04,Gas Boiler,0.0
UserA,h15_wi04,HP,0.0
UserA,h15_wi04,AC,0.0
UserA,h15_wi04,Storage HW,0.0
UserA,h15_wi04,Radiators,0.0
UserA,h15_wi04,Floor heating,0.0
UserA,h15_wi04,Induction stove,0.0
UserA,h15_wi04,Gas stove,0.0
UserA,h15_wi04,Gas National Grid,0.0
UserA,h16_wi04,PV sys,0.0
UserA,h16_wi04,National Grid EE,0.0
UserA,h16_wi04,Storage EE,2.7692699999999997
UserA,h16_wi04,Gas Boiler,0.0
UserA,h16_wi04,HP,0.0
UserA,h16_wi04,AC,0.0
UserA,h16_wi04,Storage HW,0.0
UserA,h16_wi04,Radiators,0.0
UserA,h16_wi04,Floor heating,0.0
UserA,h16_wi04,Induction stove,0.0
UserA,h16_wi04,Gas stove,0.0
UserA,h16_wi04,Gas National Grid,0.0
UserA,h17_wi04,PV sys,0.0
UserA,h17_wi04,National Grid EE,0.0
UserA,h17_wi04,Storage EE,2.8499999999999996
UserA,h17_wi04,Gas Boiler,0.0
UserA,h17_wi04,HP,0.0
UserA,h17_wi04,AC,0.0
UserA,h17_wi04,Storage HW,0.0
UserA,h17_wi04,Radiators,0.0
UserA,h17_wi04,Floor heating,0.0
UserA,h17_wi04,Induction stove,0.0
UserA,h17_wi04,Gas stove,0.0
UserA,h17_wi04,Gas National Grid,0.0
UserA,h18_wi04,PV sys,0.0
UserA,h18_wi04,National Grid EE,0.0
UserA,h18_wi04,Storage EE,2.579999833333333
UserA,h18_wi04,Gas Boiler,0.0
UserA,h18_wi04,HP,0.0
UserA,h18_wi04,AC,0.0
UserA,h18_wi04,Storage HW,0.0
UserA,h18_wi04,Radiators,0.0
UserA,h18_wi04,Floor heating,0.0
UserA,h18_wi04,Induction stove,0.0
UserA,h18_wi04,Gas stove,0.0
UserA,h18_wi04,Gas National Grid,0.0
UserA,h19_wi04,PV sys,0.0
UserA,h19_wi04,National Grid EE,0.0
UserA,h19_wi04,Storage EE,2.579999833333333
UserA,h19_wi04,Gas Boiler,0.0
UserA,h19_wi04,HP,0.0
UserA,h19_wi04,AC,0.0
UserA,h19_wi04,Storage HW,0.0
UserA,h19_wi04,Radiators,0.0
UserA,h19_wi04,Floor heating,0.0
UserA,h19_wi04,Induction stove,0.0
UserA,h19_wi04,Gas stove,0.0
UserA,h19_wi04,Gas National Grid,0.0
UserA,h20_wi04,PV sys,0.0
UserA,h20_wi04,National Grid EE,0.0
UserA,h20_wi04,Storage EE,2.579999833333333
UserA,h20_wi04,Gas Boiler,0.0
UserA,h20_wi04,HP,0.0
UserA,h20_wi04,AC,0.0
UserA,h20_wi04,Storage HW,0.0
UserA,h20_wi04,Radiators,0.0
UserA,h20_wi04,Floor heating,0.0
UserA,h20_wi04,Induction stove,0.0
UserA,h20_wi04,Gas stove,0.0
UserA,h20_wi04,Gas National Grid,0.0
UserA,h21_wi04,PV sys,0.0
UserA,h21_wi04,National Grid EE,0.0
UserA,h21_wi04,Storage EE,2.579999833333333
UserA,h21_wi04,Gas Boiler,0.0
UserA,h21_wi04,HP,0.0
UserA,h21_wi04,AC,0.0
UserA,h21_wi04,Storage HW,0.0
UserA,h21_wi04,Radiators,0.0
UserA,h21_wi04,Floor heating,0.0
UserA,h21_wi04,Induction stove,0.0
UserA,h21_wi04,Gas stove,0.0
UserA,h21_wi04,Gas National Grid,0.0
UserA,h22_wi04,PV sys,0.0
UserA,h22_wi04,National Grid EE,0.0
UserA,h22_wi04,Storage EE,2.0647327499999992
UserA,h22_wi04,Gas Boiler,0.0
UserA,h22_wi04,HP,0.0
UserA,h22_wi04,AC,0.0
UserA,h22_wi04,Storage HW,0.0
UserA,h22_wi04,Radiators,0.0
UserA,h22_wi04,Floor heating,0.0
UserA,h22_wi04,Induction stove,0.0
UserA,h22_wi04,Gas stove,0.0
UserA,h22_wi04,Gas National Grid,0.0
UserA,h23_wi04,PV sys,0.0
UserA,h23_wi04,National Grid EE,0.0
UserA,h23_wi04,Storage EE,2.0647327499999992
UserA,h23_wi04,Gas Boiler,0.0
UserA,h23_wi04,HP,0.0
UserA,h23_wi04,AC,0.0
UserA,h23_wi04,Storage HW,0.0
UserA,h23_wi04,Radiators,0.0
UserA,h23_wi04,Floor heating,0.0
UserA,h23_wi04,Induction stove,0.0
UserA,h23_wi04,Gas stove,0.0
UserA,h23_wi04,Gas National Grid,0.0
UserA,h24_wi04,PV sys,0.0
UserA,h24_wi04,National Grid EE,0.0
UserA,h24_wi04,Storage EE,1.8089202666666668
UserA,h24_wi04,Gas Boiler,0.0
UserA,h24_wi04,HP,0.0
UserA,h24_wi04,AC,0.0
UserA,h24_wi04,Storage HW,0.0
UserA,h24_wi04,Radiators,0.0
UserA,h24_wi04,Floor heating,0.0
UserA,h24_wi04,Induction stove,0.0
UserA,h24_wi04,Gas stove,0.0
UserA,h24_wi04,Gas National Grid,0.0
UserA,h01_wi05,PV sys,0.0
UserA,h01_wi05,National Grid EE,0.0
UserA,h01_wi05,Storage EE,1.6652057833333338
UserA,h01_wi05,Gas Boiler,0.0
UserA,h01_wi05,HP,0.0
UserA,h01_wi05,AC,0.0
UserA,h01_wi05,Storage HW,0.0
UserA,h01_wi05,Radiators,0.0
UserA,h01_wi05,Floor heating,0.0
UserA,h01_wi05,Induction stove,0.0
UserA,h01_wi05,Gas stove,0.0
UserA,h01_wi05,Gas National Grid,0.0
UserA,h02_wi05,PV sys,0.0
UserA,h02_wi05,National Grid EE,0.0
UserA,h02_wi05,Storage EE,1.514022066666667
UserA,h02_wi05,Gas Boiler,0.0
UserA,h02_wi05,HP,0.0
UserA,h02_wi05,AC,0.0
UserA,h02_wi05,Storage HW,0.0
UserA,h02_wi05,Radiators,0.0
UserA,h02_wi05,Floor heating,0.0
UserA,h02_wi05,Induction stove,0.0
UserA,h02_wi05,Gas stove,0.0
UserA,h02_wi05,Gas National Grid,0.0
UserA,h03_wi05,PV sys,0.0
UserA,h03_wi05,National Grid EE,0.0
UserA,h03_wi05,Storage EE,1.361022066666667
UserA,h03_wi05,Gas Boiler,0.0
UserA,h03_wi05,HP,0.0
UserA,h03_wi05,AC,0.0
UserA,h03_wi05,Storage HW,0.0
UserA,h03_wi05,Radiators,0.0
UserA,h03_wi05,Floor heating,0.0
UserA,h03_wi05,Induction stove,0.0
UserA,h03_wi05,Gas stove,0.0
UserA,h03_wi05,Gas National Grid,0.0
UserA,h04_wi05,PV sys,0.0
UserA,h04_wi05,National Grid EE,0.0
UserA,h04_wi05,Storage EE,1.2432051833333335
UserA,h04_wi05,Gas Boiler,0.0
UserA,h04_wi05,HP,0.0
UserA,h04_wi05,AC,0.0
UserA,h04_wi05,Storage HW,0.0
UserA,h04_wi05,Radiators,0.0
UserA,h04_wi05,Floor heating,0.0
UserA,h04_wi05,Induction stove,0.0
UserA,h04_wi05,Gas stove,0.0
UserA,h04_wi05,Gas National Grid,0.0
UserA,h05_wi05,PV sys,0.0
UserA,h05_wi05,National Grid EE,0.0
UserA,h05_wi05,Storage EE,1.0673217500000003
UserA,h05_wi05,Gas Boiler,0.0
UserA,h05_wi05,HP,0.0
UserA,h05_wi05,AC,0.0
UserA,h05_wi05,Storage HW,0.0
UserA,h05_wi05,Radiators,0.0
UserA,h05_wi05,Floor heating,0.0
UserA,h05_wi05,Induction stove,0.0
UserA,h05_wi05,Gas stove,0.0
UserA,h05_wi05,Gas National Grid,0.0
UserA,h06_wi05,PV sys,0.0
UserA,h06_wi05,National Grid EE,0.0
UserA,h06_wi05,Storage EE,0.8948217500000002
UserA,h06_wi05,Gas Boiler,0.0
UserA,h06_wi05,HP,0.0
UserA,h06_wi05,AC,0.0
UserA,h06_wi05,Storage HW,0.0
UserA,h06_wi05,Radiators,0.0
UserA,h06_wi05,Floor heating,0.0
UserA,h06_wi05,Induction stove,0.0
UserA,h06_wi05,Gas stove,0.0
UserA,h06_wi05,Gas National Grid,0.0
UserA,h07_wi05,PV sys,0.0
UserA,h07_wi05,National Grid EE,0.0
UserA,h07_wi05,Storage EE,0.6685713000000001
UserA,h07_wi05,Gas Boiler,0.0
UserA,h07_wi05,HP,0.0
UserA,h07_wi05,AC,0.0
UserA,h07_wi05,Storage HW,0.0
UserA,h07_wi05,Radiators,0.0
UserA,h07_wi05,Floor heating,0.0
UserA,h07_wi05,Induction stove,0.0
UserA,h07_wi05,Gas stove,0.0
UserA,h07_wi05,Gas National Grid,0.0
UserA,h08_wi05,PV sys,0.0
UserA,h08_wi05,National Grid EE,0.0
UserA,h08_wi05,Storage EE,0.30000000000000004
UserA,h08_wi05,Gas Boiler,0.0
UserA,h08_wi05,HP,0.0
UserA,h08_wi05,AC,0.0
UserA,h08_wi05,Storage HW,0.0
UserA,h08_wi05,Radiators,0.0
UserA,h08_wi05,Floor heating,0.0
UserA,h08_wi05,Induction stove,0.0
UserA,h08_wi05,Gas stove,0.0
UserA,h08_wi05,Gas National Grid,0.0
UserA,h09_wi05,PV sys,0.0
UserA,h09_wi05,National Grid EE,0.0
UserA,h09_wi05,Storage EE,0.5207176499999995
UserA,h09_wi05,Gas Boiler,0.0
UserA,h09_wi05,HP,0.0
UserA,h09_wi05,AC,0.0
UserA,h09_wi05,Storage HW,0.0
UserA,h09_wi05,Radiators,0.0
UserA,h09_wi05,Floor heating,0.0
UserA,h09_wi05,Induction stove,0.0
UserA,h09_wi05,Gas stove,0.0
UserA,h09_wi05,Gas National Grid,0.0
UserA,h10_wi05,PV sys,0.0
UserA,h10_wi05,National Grid EE,0.0
UserA,h10_wi05,Storage EE,1.2694017999999991
UserA,h10_wi05,Gas Boiler,0.0
UserA,h10_wi05,HP,0.0
UserA,h10_wi05,AC,0.0
UserA,h10_wi05,Storage HW,0.0
UserA,h10_wi05,Radiators,0.0
UserA,h10_wi05,Floor heating,0.0
UserA,h10_wi05,Induction stove,0.0
UserA,h10_wi05,Gas stove,0.0
UserA,h10_wi05,Gas National Grid,0.0
UserA,h11_wi05,PV sys,0.0
UserA,h11_wi05,National Grid EE,0.0
UserA,h11_wi05,Storage EE,0.5317971166666667
UserA,h11_wi05,Gas Boiler,0.0
UserA,h11_wi05,HP,0.0
UserA,h11_wi05,AC,0.0
UserA,h11_wi05,Storage HW,0.0
UserA,h11_wi05,Radiators,0.0
UserA,h11_wi05,Floor heating,0.0
UserA,h11_wi05,Induction stove,0.0
UserA,h11_wi05,Gas stove,0.0
UserA,h11_wi05,Gas National Grid,0.0
UserA,h12_wi05,PV sys,0.0
UserA,h12_wi05,National Grid EE,0.0
UserA,h12_wi05,Storage EE,1.7135525000000005
UserA,h12_wi05,Gas Boiler,0.0
UserA,h12_wi05,HP,0.0
UserA,h12_wi05,AC,0.0
UserA,h12_wi05,Storage HW,0.0
UserA,h12_wi05,Radiators,0.0
UserA,h12_wi05,Floor heating,0.0
UserA,h12_wi05,Induction stove,0.0
UserA,h12_wi05,Gas stove,0.0
UserA,h12_wi05,Gas National Grid,0.0
UserA,h13_wi05,PV sys,0.0
UserA,h13_wi05,National Grid EE,0.0
UserA,h13_wi05,Storage EE,2.8499999999999996
UserA,h13_wi05,Gas Boiler,0.0
UserA,h13_wi05,HP,0.0
UserA,h13_wi05,AC,0.0
UserA,h13_wi05,Storage HW,0.0
UserA,h13_wi05,Radiators,0.0
UserA,h13_wi05,Floor heating,0.0
UserA,h13_wi05,Induction stove,0.0
UserA,h13_wi05,Gas stove,0.0
UserA,h13_wi05,Gas National Grid,0.0
UserA,h14_wi05,PV sys,0.0
UserA,h14_wi05,National Grid EE,0.0
UserA,h14_wi05,Storage EE,2.8499999999999996
UserA,h14_wi05,Gas Boiler,0.0
UserA,h14_wi05,HP,0.0
UserA,h14_wi05,AC,0.0
UserA,h14_wi05,Storage HW,0.0
UserA,h14_wi05,Radiators,0.0
UserA,h14_wi05,Floor heating,0.0
UserA,h14_wi05,Induction stove,0.0
UserA,h14_wi05,Gas stove,0.0
UserA,h14_wi05,Gas National Grid,0.0
UserA,h15_wi05,PV sys,0.0
UserA,h15_wi05,National Grid EE,0.0
UserA,h15_wi05,Storage EE,2.7654300000000003
UserA,h15_wi05,Gas Boiler,0.0
UserA,h15_wi05,HP,0.0
UserA,h15_wi05,AC,0.0
UserA,h15_wi05,Storage HW,0.0
UserA,h15_wi05,Radiators,0.0
UserA,h15_wi05,Floor heating,0.0
UserA,h15_wi05,Induction stove,0.0
UserA,h15_wi05,Gas stove,0.0
UserA,h15_wi05,Gas National Grid,0.0
UserA,h16_wi05,PV sys,0.0
UserA,h16_wi05,National Grid EE,0.0
UserA,h16_wi05,Storage EE,2.8499999999999996
UserA,h16_wi05,Gas Boiler,0.0
UserA,h16_wi05,HP,0.0
UserA,h16_wi05,AC,0.0
UserA,h16_wi05,Storage HW,0.0
UserA,h16_wi05,Radiators,0.0
UserA,h16_wi05,Floor heating,0.0
UserA,h16_wi05,Induction stove,0.0
UserA,h16_wi05,Gas stove,0.0
UserA,h16_wi05,Gas National Grid,0.0
UserA,h17_wi05,PV sys,0.0
UserA,h17_wi05,National Grid EE,0.0
UserA,h17_wi05,Storage EE,2.58
UserA,h17_wi05,Gas Boiler,0.0
UserA,h17_wi05,HP,0.0
UserA,h17_wi05,AC,0.0
UserA,h17_wi05,Storage HW,0.0
UserA,h17_wi05,Radiators,0.0
UserA,h17_wi05,Floor heating,0.0
UserA,h17_wi05,Induction stove,0.0
UserA,h17_wi05,Gas stove,0.0
UserA,h17_wi05,Gas National Grid,0.0
UserA,h18_wi05,PV sys,0.0
UserA,h18_wi05,National Grid EE,0.0
UserA,h18_wi05,Storage EE,2.3514573500038325
UserA,h18_wi05,Gas Boiler,0.0
UserA,h18_wi05,HP,0.0
UserA,h18_wi05,AC,0.0
UserA,h18_wi05,Storage HW,0.0
UserA,h18_wi05,Radiators,0.0
UserA,h18_wi05,Floor heating,0.0
UserA,h18_wi05,Induction stove,0.0
UserA,h18_wi05,Gas stove,0.0
UserA,h18_wi05,Gas National Grid,0.0
UserA,h19_wi05,PV sys,0.0
UserA,h19_wi05,National Grid EE,0.0
UserA,h19_wi05,Storage EE,2.0796166666704994
UserA,h19_wi05,Gas Boiler,0.0
UserA,h19_wi05,HP,0.0
UserA,h19_wi05,AC,0.0
UserA,h19_wi05,Storage HW,0.0
UserA,h19_wi05,Radiators,0.0
UserA,h19_wi05,Floor heating,0.0
UserA,h19_wi05,Induction stove,0.0
UserA,h19_wi05,Gas stove,0.0
UserA,h19_wi05,Gas National Grid,0.0
UserA,h20_wi05,PV sys,0.0
UserA,h20_wi05,National Grid EE,0.0
UserA,h20_wi05,Storage EE,1.80478855
UserA,h20_wi05,Gas Boiler,0.0
UserA,h20_wi05,HP,0.0
UserA,h20_wi05,AC,0.0
UserA,h20_wi05,Storage HW,0.0
UserA,h20_wi05,Radiators,0.0
UserA,h20_wi05,Floor heating,0.0
UserA,h20_wi05,Induction stove,0.0
UserA,h20_wi05,Gas stove,0.0
UserA,h20_wi05,Gas National Grid,0.0
UserA,h21_wi05,PV sys,0.0
UserA,h21_wi05,National Grid EE,0.0
UserA,h21_wi05,Storage EE,1.4592596500000001
UserA,h21_wi05,Gas Boiler,0.0
UserA,h21_wi05,HP,0.0
UserA,h21_wi05,AC,0.0
UserA,h21_wi05,Storage HW,0.0
UserA,h21_wi05,Radiators,0.0
UserA,h21_wi05,Floor heating,0.0
UserA,h21_wi05,Induction stove,0.0
UserA,h21_wi05,Gas stove,0.0
UserA,h21_wi05,Gas National Grid,0.0
UserA,h22_wi05,PV sys,0.0
UserA,h22_wi05,National Grid EE,0.0
UserA,h22_wi05,Storage EE,1.1688966500000002
UserA,h22_wi05,Gas Boiler,0.0
UserA,h22_wi05,HP,0.0
UserA,h22_wi05,AC,0.0
UserA,h22_wi05,Storage HW,0.0
UserA,h22_wi05,Radiators,0.0
UserA,h22_wi05,Floor heating,0.0
UserA,h22_wi05,Induction stove,0.0
UserA,h22_wi05,Gas stove,0.0
UserA,h22_wi05,Gas National Grid,0.0
UserA,h23_wi05,PV sys,0.0
UserA,h23_wi05,National Grid EE,0.0
UserA,h23_wi05,Storage EE,0.5628196166666667
UserA,h23_wi05,Gas Boiler,0.0
UserA,h23_wi05,HP,0.0
UserA,h23_wi05,AC,0.0
UserA,h23_wi05,Storage HW,0.0
UserA,h23_wi05,Radiators,0.0
UserA,h23_wi05,Floor heating,0.0
UserA,h23_wi05,Induction stove,0.0
UserA,h23_wi05,Gas stove,0.0
UserA,h23_wi05,Gas National Grid,0.0
UserA,h24_wi05,PV sys,0.0
UserA,h24_wi05,National Grid EE,0.0
UserA,h24_wi05,Storage EE,0.30000000000000004
UserA,h24_wi05,Gas Boiler,0.0
UserA,h24_wi05,HP,0.0
UserA,h24_wi05,AC,0.0
UserA,h24_wi05,Storage HW,0.0
UserA,h24_wi05,Radiators,0.0
UserA,h24_wi05,Floor heating,0.0
UserA,h24_wi05,Induction stove,0.0
UserA,h24_wi05,Gas stove,0.0
UserA,h24_wi05,Gas National Grid,0.0
UserA,h01_wi06,PV sys,0.0
UserA,h01_wi06,National Grid EE,0.0
UserA,h01_wi06,Storage EE,0.30000000000000004
UserA,h01_wi06,Gas Boiler,0.0
UserA,h01_wi06,HP,0.0
UserA,h01_wi06,AC,0.0
UserA,h01_wi06,Storage HW,0.0
UserA,h01_wi06,Radiators,0.0
UserA,h01_wi06,Floor heating,0.0
UserA,h01_wi06,Induction stove,0.0
UserA,h01_wi06,Gas stove,0.0
UserA,h01_wi06,Gas National Grid,0.0
UserA,h02_wi06,PV sys,0.0
UserA,h02_wi06,National Grid EE,0.0
UserA,h02_wi06,Storage EE,0.30000000000000004
UserA,h02_wi06,Gas Boiler,0.0
UserA,h02_wi06,HP,0.0
UserA,h02_wi06,AC,0.0
UserA,h02_wi06,Storage HW,0.0
UserA,h02_wi06,Radiators,0.0
UserA,h02_wi06,Floor heating,0.0
UserA,h02_wi06,Induction stove,0.0
UserA,h02_wi06,Gas stove,0.0
UserA,h02_wi06,Gas National Grid,0.0
UserA,h03_wi06,PV sys,0.0
UserA,h03_wi06,National Grid EE,0.0
UserA,h03_wi06,Storage EE,0.30000000000000004
UserA,h03_wi06,Gas Boiler,0.0
UserA,h03_wi06,HP,0.0
UserA,h03_wi06,AC,0.0
UserA,h03_wi06,Storage HW,0.0
UserA,h03_wi06,Radiators,0.0
UserA,h03_wi06,Floor heating,0.0
UserA,h03_wi06,Induction stove,0.0
UserA,h03_wi06,Gas stove,0.0
UserA,h03_wi06,Gas National Grid,0.0
UserA,h04_wi06,PV sys,0.0
UserA,h04_wi06,National Grid EE,0.0
UserA,h04_wi06,Storage EE,0.30000000000000004
UserA,h04_wi06,Gas Boiler,0.0
UserA,h04_wi06,HP,0.0
UserA,h04_wi06,AC,0.0
UserA,h04_wi06,Storage HW,0.0
UserA,h04_wi06,Radiators,0.0
UserA,h04_wi06,Floor heating,0.0
UserA,h04_wi06,Induction stove,0.0
UserA,h04_wi06,Gas stove,0.0
UserA,h04_wi06,Gas National Grid,0.0
UserA,h05_wi06,PV sys,0.0
UserA,h05_wi06,National Grid EE,0.0
UserA,h05_wi06,Storage EE,0.30000000000000004
UserA,h05_wi06,Gas Boiler,0.0
UserA,h05_wi06,HP,0.0
UserA,h05_wi06,AC,0.0
UserA,h05_wi06,Storage HW,0.0
UserA,h05_wi06,Radiators,0.0
UserA,h05_wi06,Floor heating,0.0
UserA,h05_wi06,Induction stove,0.0
UserA,h05_wi06,Gas stove,0.0
UserA,h05_wi06,Gas National Grid,0.0
UserA,h06_wi06,PV sys,0.0
UserA,h06_wi06,National Grid EE,0.0
UserA,h06_wi06,Storage EE,0.30000000000000004
UserA,h06_wi06,Gas Boiler,0.0
UserA,h06_wi06,HP,0.0
UserA,h06_wi06,AC,0.0
UserA,h06_wi06,Storage HW,0.0
UserA,h06_wi06,Radiators,0.0
UserA,h06_wi06,Floor heating,0.0
UserA,h06_wi06,Induction stove,0.0
UserA,h06_wi06,Gas stove,0.0
UserA,h06_wi06,Gas National Grid,0.0
UserA,h07_wi06,PV sys,0.0
UserA,h07_wi06,National Grid EE,0.0
UserA,h07_wi06,Storage EE,0.30000000000000004
UserA,h07_wi06,Gas Boiler,0.0
UserA,h07_wi06,HP,0.0
UserA,h07_wi06,AC,0.0
UserA,h07_wi06,Storage HW,0.0
UserA,h07_wi06,Radiators,0.0
UserA,h07_wi06,Floor heating,0.0
UserA,h07_wi06,Induction stove,0.0
UserA,h07_wi06,Gas stove,0.0
UserA,h07_wi06,Gas National Grid,0.0
UserA,h08_wi06,PV sys,0.0
UserA,h08_wi06,National Grid EE,0.0
UserA,h08_wi06,Storage EE,0.30000000000000004
UserA,h08_wi06,Gas Boiler,0.0
UserA,h08_wi06,HP,0.0
UserA,h08_wi06,AC,0.0
UserA,h08_wi06,Storage HW,0.0
UserA,h08_wi06,Radiators,0.0
UserA,h08_wi06,Floor heating,0.0
UserA,h08_wi06,Induction stove,0.0
UserA,h08_wi06,Gas stove,0.0
UserA,h08_wi06,Gas National Grid,0.0
UserA,h09_wi06,PV sys,0.0
UserA,h09_wi06,National Grid EE,0.0
UserA,h09_wi06,Storage EE,0.3903166999999997
UserA,h09_wi06,Gas Boiler,0.0
UserA,h09_wi06,HP,0.0
UserA,h09_wi06,AC,0.0
UserA,h09_wi06,Storage HW,0.0
UserA,h09_wi06,Radiators,0.0
UserA,h09_wi06,Floor heating,0.0
UserA,h09_wi06,Induction stove,0.0
UserA,h09_wi06,Gas stove,0.0
UserA,h09_wi06,Gas National Grid,0.0
UserA,h10_wi06,PV sys,0.0
UserA,h10_wi06,National Grid EE,0.0
UserA,h10_wi06,Storage EE,0.7533735499999994
UserA,h10_wi06,Gas Boiler,0.0
UserA,h10_wi06,HP,0.0
UserA,h10_wi06,AC,0.0
UserA,h10_wi06,Storage HW,0.0
UserA,h10_wi06,Radiators,0.0
UserA,h10_wi06,Floor heating,0.0
UserA,h10_wi06,Induction stove,0.0
UserA,h10_wi06,Gas stove,0.0
UserA,h10_wi06,Gas National Grid,0.0
UserA,h11_wi06,PV sys,0.0
UserA,h11_wi06,National Grid EE,0.0
UserA,h11_wi06,Storage EE,1.4154119333333328
UserA,h11_wi06,Gas Boiler,0.0
UserA,h11_wi06,HP,0.0
UserA,h11_wi06,AC,0.0
UserA,h11_wi06,Storage HW,0.0
UserA,h11_wi06,Radiators,0.0
UserA,h11_wi06,Floor heating,0.0
UserA,h11_wi06,Induction stove,0.0
UserA,h11_wi06,Gas stove,0.0
UserA,h11_wi06,Gas National Grid,0.0
UserA,h12_wi06,PV sys,0.0
UserA,h12_wi06,National Grid EE,0.0
UserA,h12_wi06,Storage EE,2.070391016666666
UserA,h12_wi06,Gas Boiler,0.0
UserA,h12_wi06,HP,0.0
UserA,h12_wi06,AC,0.0
UserA,h12_wi06,Storage HW,0.0
UserA,h12_wi06,Radiators,0.0
UserA,h12_wi06,Floor heating,0.0
UserA,h12_wi06,Induction stove,0.0
UserA,h12_wi06,Gas stove,0.0
UserA,h12_wi06,Gas National Grid,0.0
UserA,h13_wi06,PV sys,0.0
UserA,h13_wi06,National Grid EE,0.0
UserA,h13_wi06,Storage EE,2.7608802
UserA,h13_wi06,Gas Boiler,0.0
UserA,h13_wi06,HP,0.0
UserA,h13_wi06,AC,0.0
UserA,h13_wi06,Storage HW,0.0
UserA,h13_wi06,Radiators,0.0
UserA,h13_wi06,Floor heating,0.0
UserA,h13_wi06,Induction stove,0.0
UserA,h13_wi06,Gas stove,0.0
UserA,h13_wi06,Gas National Grid,0.0
UserA,h14_wi06,PV sys,0.0
UserA,h14_wi06,National Grid EE,0.0
UserA,h14_wi06,Storage EE,1.6484626333333356
UserA,h14_wi06,Gas Boiler,0.0
UserA,h14_wi06,HP,0.0
UserA,h14_wi06,AC,0.0
UserA,h14_wi06,Storage HW,0.0
UserA,h14_wi06,Radiators,0.0
UserA,h14_wi06,Floor heating,0.0
UserA,h14_wi06,Induction stove,0.0
UserA,h14_wi06,Gas stove,0.0
UserA,h14_wi06,Gas National Grid,0.0
UserA,h15_wi06,PV sys,0.0
UserA,h15_wi06,National Grid EE,0.0
UserA,h15_wi06,Storage EE,1.9921426333333356
UserA,h15_wi06,Gas Boiler,0.0
UserA,h15_wi06,HP,0.0
UserA,h15_wi06,AC,0.0
UserA,h15_wi06,Storage HW,0.0
UserA,h15_wi06,Radiators,0.0
UserA,h15_wi06,Floor heating,0.0
UserA,h15_wi06,Induction stove,0.0
UserA,h15_wi06,Gas stove,0.0
UserA,h15_wi06,Gas National Grid,0.0
UserA,h16_wi06,PV sys,0.0
UserA,h16_wi06,National Grid EE,0.0
UserA,h16_wi06,Storage EE,1.902135950000002
UserA,h16_wi06,Gas Boiler,0.0
UserA,h16_wi06,HP,0.0
UserA,h16_wi06,AC,0.0
UserA,h16_wi06,Storage HW,0.0
UserA,h16_wi06,Radiators,0.0
UserA,h16_wi06,Floor heating,0.0
UserA,h16_wi06,Induction stove,0.0
UserA,h16_wi06,Gas stove,0.0
UserA,h16_wi06,Gas National Grid,0.0
UserA,h17_wi06,PV sys,0.0
UserA,h17_wi06,National Grid EE,0.0
UserA,h17_wi06,Storage EE,1.902135950000002
UserA,h17_wi06,Gas Boiler,0.0
UserA,h17_wi06,HP,0.0
UserA,h17_wi06,AC,0.0
UserA,h17_wi06,Storage HW,0.0
UserA,h17_wi06,Radiators,0.0
UserA,h17_wi06,Floor heating,0.0
UserA,h17_wi06,Induction stove,0.0
UserA,h17_wi06,Gas stove,0.0
UserA,h17_wi06,Gas National Grid,0.0
UserA,h18_wi06,PV sys,0.0
UserA,h18_wi06,National Grid EE,0.0
UserA,h18_wi06,Storage EE,1.902135950000002
UserA,h18_wi06,Gas Boiler,0.0
UserA,h18_wi06,HP,0.0
UserA,h18_wi06,AC,0.0
UserA,h18_wi06,Storage HW,0.0
UserA,h18_wi06,Radiators,0.0
UserA,h18_wi06,Floor heating,0.0
UserA,h18_wi06,Induction stove,0.0
UserA,h18_wi06,Gas stove,0.0
UserA,h18_wi06,Gas National Grid,0.0
UserA,h19_wi06,PV sys,0.0
UserA,h19_wi06,National Grid EE,0.0
UserA,h19_wi06,Storage EE,1.902135950000002
UserA,h19_wi06,Gas Boiler,0.0
UserA,h19_wi06,HP,0.0
UserA,h19_wi06,AC,0.0
UserA,h19_wi06,Storage HW,0.0
UserA,h19_wi06,Radiators,0.0
UserA,h19_wi06,Floor heating,0.0
UserA,h19_wi06,Induction stove,0.0
UserA,h19_wi06,Gas stove,0.0
UserA,h19_wi06,Gas National Grid,0.0
UserA,h20_wi06,PV sys,0.0
UserA,h20_wi06,National Grid EE,0.0
UserA,h20_wi06,Storage EE,1.902135950000002
UserA,h20_wi06,Gas Boiler,0.0
UserA,h20_wi06,HP,0.0
UserA,h20_wi06,AC,0.0
UserA,h20_wi06,Storage HW,0.0
UserA,h20_wi06,Radiators,0.0
UserA,h20_wi06,Floor heating,0.0
UserA,h20_wi06,Induction stove,0.0
UserA,h20_wi06,Gas stove,0.0
UserA,h20_wi06,Gas National Grid,0.0
UserA,h21_wi06,PV sys,0.0
UserA,h21_wi06,National Grid EE,0.0
UserA,h21_wi06,Storage EE,1.902135950000002
UserA,h21_wi06,Gas Boiler,0.0
UserA,h21_wi06,HP,0.0
UserA,h21_wi06,AC,0.0
UserA,h21_wi06,Storage HW,0.0
UserA,h21_wi06,Radiators,0.0
UserA,h21_wi06,Floor heating,0.0
UserA,h21_wi06,Induction stove,0.0
UserA,h21_wi06,Gas stove,0.0
UserA,h21_wi06,Gas National Grid,0.0
UserA,h22_wi06,PV sys,0.0
UserA,h22_wi06,National Grid EE,0.0
UserA,h22_wi06,Storage EE,1.902135950000002
UserA,h22_wi06,Gas Boiler,0.0
UserA,h22_wi06,HP,0.0
UserA,h22_wi06,AC,0.0
UserA,h22_wi06,Storage HW,0.0
UserA,h22_wi06,Radiators,0.0
UserA,h22_wi06,Floor heating,0.0
UserA,h22_wi06,Induction stove,0.0
UserA,h22_wi06,Gas stove,0.0
UserA,h22_wi06,Gas National Grid,0.0
UserA,h23_wi06,PV sys,0.0
UserA,h23_wi06,National Grid EE,0.0
UserA,h23_wi06,Storage EE,1.902135950000002
UserA,h23_wi06,Gas Boiler,0.0
UserA,h23_wi06,HP,0.0
UserA,h23_wi06,AC,0.0
UserA,h23_wi06,Storage HW,0.0
UserA,h23_wi06,Radiators,0.0
UserA,h23_wi06,Floor heating,0.0
UserA,h23_wi06,Induction stove,0.0
UserA,h23_wi06,Gas stove,0.0
UserA,h23_wi06,Gas National Grid,0.0
UserA,h24_wi06,PV sys,0.0
UserA,h24_wi06,National Grid EE,0.0
UserA,h24_wi06,Storage EE,1.902135950000002
UserA,h24_wi06,Gas Boiler,0.0
UserA,h24_wi06,HP,0.0
UserA,h24_wi06,AC,0.0
UserA,h24_wi06,Storage HW,0.0
UserA,h24_wi06,Radiators,0.0
UserA,h24_wi06,Floor heating,0.0
UserA,h24_wi06,Induction stove,0.0
UserA,h24_wi06,Gas stove,0.0
UserA,h24_wi06,Gas National Grid,0.0
UserA,h01_wi07,PV sys,0.0
UserA,h01_wi07,National Grid EE,0.0
UserA,h01_wi07,Storage EE,1.787395450000002
UserA,h01_wi07,Gas Boiler,0.0
UserA,h01_wi07,HP,0.0
UserA,h01_wi07,AC,0.0
UserA,h01_wi07,Storage HW,0.0
UserA,h01_wi07,Radiators,0.0
UserA,h01_wi07,Floor heating,0.0
UserA,h01_wi07,Induction stove,0.0
UserA,h01_wi07,Gas stove,0.0
UserA,h01_wi07,Gas National Grid,0.0
UserA,h02_wi07,PV sys,0.0
UserA,h02_wi07,National Grid EE,0.0
UserA,h02_wi07,Storage EE,1.6621179833333353
UserA,h02_wi07,Gas Boiler,0.0
UserA,h02_wi07,HP,0.0
UserA,h02_wi07,AC,0.0
UserA,h02_wi07,Storage HW,0.0
UserA,h02_wi07,Radiators,0.0
UserA,h02_wi07,Floor heating,0.0
UserA,h02_wi07,Induction stove,0.0
UserA,h02_wi07,Gas stove,0.0
UserA,h02_wi07,Gas National Grid,0.0
UserA,h03_wi07,PV sys,0.0
UserA,h03_wi07,National Grid EE,0.0
UserA,h03_wi07,Storage EE,1.5352836166666683
UserA,h03_wi07,Gas Boiler,0.0
UserA,h03_wi07,HP,0.0
UserA,h03_wi07,AC,0.0
UserA,h03_wi07,Storage HW,0.0
UserA,h03_wi07,Radiators,0.0
UserA,h03_wi07,Floor heating,0.0
UserA,h03_wi07,Induction stove,0.0
UserA,h03_wi07,Gas stove,0.0
UserA,h03_wi07,Gas National Grid,0.0
UserA,h04_wi07,PV sys,0.0
UserA,h04_wi07,National Grid EE,0.0
UserA,h04_wi07,Storage EE,1.4468000500000018
UserA,h04_wi07,Gas Boiler,0.0
UserA,h04_wi07,HP,0.0
UserA,h04_wi07,AC,0.0
UserA,h04_wi07,Storage HW,0.0
UserA,h04_wi07,Radiators,0.0
UserA,h04_wi07,Floor heating,0.0
UserA,h04_wi07,Induction stove,0.0
UserA,h04_wi07,Gas stove,0.0
UserA,h04_wi07,Gas National Grid,0.0
UserA,h05_wi07,PV sys,0.0
UserA,h05_wi07,National Grid EE,0.0
UserA,h05_wi07,Storage EE,1.2875500000000017
UserA,h05_wi07,Gas Boiler,0.0
UserA,h05_wi07,HP,0.0
UserA,h05_wi07,AC,0.0
UserA,h05_wi07,Storage HW,0.0
UserA,h05_wi07,Radiators,0.0
UserA,h05_wi07,Floor heating,0.0
UserA,h05_wi07,Induction stove,0.0
UserA,h05_wi07,Gas stove,0.0
UserA,h05_wi07,Gas National Grid,0.0
UserA,h06_wi07,PV sys,0.0
UserA,h06_wi07,National Grid EE,0.0
UserA,h06_wi07,Storage EE,1.1042162500000017
UserA,h06_wi07,Gas Boiler,0.0
UserA,h06_wi07,HP,0.0
UserA,h06_wi07,AC,0.0
UserA,h06_wi07,Storage HW,0.0
UserA,h06_wi07,Radiators,0.0
UserA,h06_wi07,Floor heating,0.0
UserA,h06_wi07,Induction stove,0.0
UserA,h06_wi07,Gas stove,0.0
UserA,h06_wi07,Gas National Grid,0.0
UserA,h07_wi07,PV sys,0.0
UserA,h07_wi07,National Grid EE,0.0
UserA,h07_wi07,Storage EE,0.8970491666666682
UserA,h07_wi07,Gas Boiler,0.0
UserA,h07_wi07,HP,0.0
UserA,h07_wi07,AC,0.0
UserA,h07_wi07,Storage HW,0.0
UserA,h07_wi07,Radiators,0.0
UserA,h07_wi07,Floor heating,0.0
UserA,h07_wi07,Induction stove,0.0
UserA,h07_wi07,Gas stove,0.0
UserA,h07_wi07,Gas National Grid,0.0
UserA,h08_wi07,PV sys,0.0
UserA,h08_wi07,National Grid EE,0.0
UserA,h08_wi07,Storage EE,0.4720471333333345
UserA,h08_wi07,Gas Boiler,0.0
UserA,h08_wi07,HP,0.0
UserA,h08_wi07,AC,0.0
UserA,h08_wi07,Storage HW,0.0
UserA,h08_wi07,Radiators,0.0
UserA,h08_wi07,Floor heating,0.0
UserA,h08_wi07,Induction stove,0.0
UserA,h08_wi07,Gas stove,0.0
UserA,h08_wi07,Gas National Grid,0.0
UserA,h09_wi07,PV sys,0.0
UserA,h09_wi07,National Grid EE,0.0
UserA,h09_wi07,Storage EE,0.41016363333333383
UserA,h09_wi07,Gas Boiler,0.0
UserA,h09_wi07,HP,0.0
UserA,h09_wi07,AC,0.0
UserA,h09_wi07,Storage HW,0.0
UserA,h09_wi07,Radiators,0.0
UserA,h09_wi07,Floor heating,0.0
UserA,h09_wi07,Induction stove,0.0
UserA,h09_wi07,Gas stove,0.0
UserA,h09_wi07,Gas National Grid,0.0
UserA,h10_wi07,PV sys,0.0
UserA,h10_wi07,National Grid EE,0.0
UserA,h10_wi07,Storage EE,0.30000000000000004
UserA,h10_wi07,Gas Boiler,0.0
UserA,h10_wi07,HP,0.0
UserA,h10_wi07,AC,0.0
UserA,h10_wi07,Storage HW,0.0
UserA,h10_wi07,Radiators,0.0
UserA,h10_wi07,Floor heating,0.0
UserA,h10_wi07,Induction stove,0.0
UserA,h10_wi07,Gas stove,0.0
UserA,h10_wi07,Gas National Grid,0.0
UserA,h11_wi07,PV sys,0.0
UserA,h11_wi07,National Grid EE,0.0
UserA,h11_wi07,Storage EE,0.30000000000000004
UserA,h11_wi07,Gas Boiler,0.0
UserA,h11_wi07,HP,0.0
UserA,h11_wi07,AC,0.0
UserA,h11_wi07,Storage HW,0.0
UserA,h11_wi07,Radiators,0.0
UserA,h11_wi07,Floor heating,0.0
UserA,h11_wi07,Induction stove,0.0
UserA,h11_wi07,Gas stove,0.0
UserA,h11_wi07,Gas National Grid,0.0
UserA,h12_wi07,PV sys,0.0
UserA,h12_wi07,National Grid EE,0.0
UserA,h12_wi07,Storage EE,0.30000000000000004
UserA,h12_wi07,Gas Boiler,0.0
UserA,h12_wi07,HP,0.0
UserA,h12_wi07,AC,0.0
UserA,h12_wi07,Storage HW,0.0
UserA,h12_wi07,Radiators,0.0
UserA,h12_wi07,Floor heating,0.0
UserA,h12_wi07,Induction stove,0.0
UserA,h12_wi07,Gas stove,0.0
UserA,h12_wi07,Gas National Grid,0.0
UserA,h13_wi07,PV sys,0.0
UserA,h13_wi07,National Grid EE,0.0
UserA,h13_wi07,Storage EE,1.2918745166666665
UserA,h13_wi07,Gas Boiler,0.0
UserA,h13_wi07,HP,0.0
UserA,h13_wi07,AC,0.0
UserA,h13_wi07,Storage HW,0.0
UserA,h13_wi07,Radiators,0.0
UserA,h13_wi07,Floor heating,0.0
UserA,h13_wi07,Induction stove,0.0
UserA,h13_wi07,Gas stove,0.0
UserA,h13_wi07,Gas National Grid,0.0
UserA,h14_wi07,PV sys,0.0
UserA,h14_wi07,National Grid EE,0.0
UserA,h14_wi07,Storage EE,2.2127821333333326
UserA,h14_wi07,Gas Boiler,0.0
UserA,h14_wi07,HP,0.0
UserA,h14_wi07,AC,0.0
UserA,h14_wi07,Storage HW,0.0
UserA,h14_wi07,Radiators,0.0
UserA,h14_wi07,Floor heating,0.0
UserA,h14_wi07,Induction stove,0.0
UserA,h14_wi07,Gas stove,0.0
UserA,h14_wi07,Gas National Grid,0.0
UserA,h15_wi07,PV sys,0.0
UserA,h15_wi07,National Grid EE,0.0
UserA,h15_wi07,Storage EE,2.8499999999999996
UserA,h15_wi07,Gas Boiler,0.0
UserA,h15_wi07,HP,0.0
UserA,h15_wi07,AC,0.0
UserA,h15_wi07,Storage HW,0.0
UserA,h15_wi07,Radiators,0.0
UserA,h15_wi07,Floor heating,0.0
UserA,h15_wi07,Induction stove,0.0
UserA,h15_wi07,Gas stove,0.0
UserA,h15_wi07,Gas National Grid,0.0
UserA,h16_wi07,PV sys,0.0
UserA,h16_wi07,National Grid EE,0.0
UserA,h16_wi07,Storage EE,2.8499999999999996
UserA,h16_wi07,Gas Boiler,0.0
UserA,h16_wi07,HP,0.0
UserA,h16_wi07,AC,0.0
UserA,h16_wi07,Storage HW,0.0
UserA,h16_wi07,Radiators,0.0
UserA,h16_wi07,Floor heating,0.0
UserA,h16_wi07,Induction stove,0.0
UserA,h16_wi07,Gas stove,0.0
UserA,h16_wi07,Gas National Grid,0.0
UserA,h17_wi07,PV sys,0.0
UserA,h17_wi07,National Grid EE,0.0
UserA,h17_wi07,Storage EE,2.8499999999999996
UserA,h17_wi07,Gas Boiler,0.0
UserA,h17_wi07,HP,0.0
UserA,h17_wi07,AC,0.0
UserA,h17_wi07,Storage HW,0.0
UserA,h17_wi07,Radiators,0.0
UserA,h17_wi07,Floor heating,0.0
UserA,h17_wi07,Induction stove,0.0
UserA,h17_wi07,Gas stove,0.0
UserA,h17_wi07,Gas National Grid,0.0
UserA,h18_wi07,PV sys,0.0
UserA,h18_wi07,National Grid EE,0.0
UserA,h18_wi07,Storage EE,2.8499999999999996
UserA,h18_wi07,Gas Boiler,0.0
UserA,h18_wi07,HP,0.0
UserA,h18_wi07,AC,0.0
UserA,h18_wi07,Storage HW,0.0
UserA,h18_wi07,Radiators,0.0
UserA,h18_wi07,Floor heating,0.0
UserA,h18_wi07,Induction stove,0.0
UserA,h18_wi07,Gas stove,0.0
UserA,h18_wi07,Gas National Grid,0.0
UserA,h19_wi07,PV sys,0.0
UserA,h19_wi07,National Grid EE,0.0
UserA,h19_wi07,Storage EE,2.8499999999999996
UserA,h19_wi07,Gas Boiler,0.0
UserA,h19_wi07,HP,0.0
UserA,h19_wi07,AC,0.0
UserA,h19_wi07,Storage HW,0.0
UserA,h19_wi07,Radiators,0.0
UserA,h19_wi07,Floor heating,0.0
UserA,h19_wi07,Induction stove,0.0
UserA,h19_wi07,Gas stove,0.0
UserA,h19_wi07,Gas National Grid,0.0
UserA,h20_wi07,PV sys,0.0
UserA,h20_wi07,National Grid EE,0.0
UserA,h20_wi07,Storage EE,2.8499999999999996
UserA,h20_wi07,Gas Boiler,0.0
UserA,h20_wi07,HP,0.0
UserA,h20_wi07,AC,0.0
UserA,h20_wi07,Storage HW,0.0
UserA,h20_wi07,Radiators,0.0
UserA,h20_wi07,Floor heating,0.0
UserA,h20_wi07,Induction stove,0.0
UserA,h20_wi07,Gas stove,0.0
UserA,h20_wi07,Gas National Grid,0.0
UserA,h21_wi07,PV sys,0.0
UserA,h21_wi07,National Grid EE,0.0
UserA,h21_wi07,Storage EE,2.8499999999999996
UserA,h21_wi07,Gas Boiler,0.0
UserA,h21_wi07,HP,0.0
UserA,h21_wi07,AC,0.0
UserA,h21_wi07,Storage HW,0.0
UserA,h21_wi07,Radiators,0.0
UserA,h21_wi07,Floor heating,0.0
UserA,h21_wi07,Induction stove,0.0
UserA,h21_wi07,Gas stove,0.0
UserA,h21_wi07,Gas National Grid,0.0
UserA,h22_wi07,PV sys,0.0
UserA,h22_wi07,National Grid EE,0.0
UserA,h22_wi07,Storage EE,2.8499999999999996
UserA,h22_wi07,Gas Boiler,0.0
UserA,h22_wi07,HP,0.0
UserA,h22_wi07,AC,0.0
UserA,h22_wi07,Storage HW,0.0
UserA,h22_wi07,Radiators,0.0
UserA,h22_wi07,Floor heating,0.0
UserA,h22_wi07,Induction stove,0.0
UserA,h22_wi07,Gas stove,0.0
UserA,h22_wi07,Gas National Grid,0.0
UserA,h23_wi07,PV sys,0.0
UserA,h23_wi07,National Grid EE,0.0
UserA,h23_wi07,Storage EE,2.8499999999999996
UserA,h23_wi07,Gas Boiler,0.0
UserA,h23_wi07,HP,0.0
UserA,h23_wi07,AC,0.0
UserA,h23_wi07,Storage HW,0.0
UserA,h23_wi07,Radiators,0.0
UserA,h23_wi07,Floor heating,0.0
UserA,h23_wi07,Induction stove,0.0
UserA,h23_wi07,Gas stove,0.0
UserA,h23_wi07,Gas National Grid,0.0
UserA,h24_wi07,PV sys,0.0
UserA,h24_wi07,National Grid EE,0.0
UserA,h24_wi07,Storage EE,2.8499999999999996
UserA,h24_wi07,Gas Boiler,0.0
UserA,h24_wi07,HP,0.0
UserA,h24_wi07,AC,0.0
UserA,h24_wi07,Storage HW,0.0
UserA,h24_wi07,Radiators,0.0
UserA,h24_wi07,Floor heating,0.0
UserA,h24_wi07,Induction stove,0.0
UserA,h24_wi07,Gas stove,0.0
UserA,h24_wi07,Gas National Grid,0.0
UserA,h01_wi08,PV sys,0.0
UserA,h01_wi08,National Grid EE,0.0
UserA,h01_wi08,Storage EE,2.8499999999999996
UserA,h01_wi08,Gas Boiler,0.0
UserA,h01_wi08,HP,0.0
UserA,h01_wi08,AC,0.0
UserA,h01_wi08,Storage HW,0.0
UserA,h01_wi08,Radiators,0.0
UserA,h01_wi08,Floor heating,0.0
UserA,h01_wi08,Induction stove,0.0
UserA,h01_wi08,Gas stove,0.0
UserA,h01_wi08,Gas National Grid,0.0
UserA,h02_wi08,PV sys,0.0
UserA,h02_wi08,National Grid EE,0.0
UserA,h02_wi08,Storage EE,2.8499999999999996
UserA,h02_wi08,Gas Boiler,0.0
UserA,h02_wi08,HP,0.0
UserA,h02_wi08,AC,0.0
UserA,h02_wi08,Storage HW,0.0
UserA,h02_wi08,Radiators,0.0
UserA,h02_wi08,Floor heating,0.0
UserA,h02_wi08,Induction stove,0.0
UserA,h02_wi08,Gas stove,0.0
UserA,h02_wi08,Gas National Grid,0.0
UserA,h03_wi08,PV sys,0.0
UserA,h03_wi08,National Grid EE,0.0
UserA,h03_wi08,Storage EE,2.8499999999999996
UserA,h03_wi08,Gas Boiler,0.0
UserA,h03_wi08,HP,0.0
UserA,h03_wi08,AC,0.0
UserA,h03_wi08,Storage HW,0.0
UserA,h03_wi08,Radiators,0.0
UserA,h03_wi08,Floor heating,0.0
UserA,h03_wi08,Induction stove,0.0
UserA,h03_wi08,Gas stove,0.0
UserA,h03_wi08,Gas National Grid,0.0
UserA,h04_wi08,PV sys,0.0
UserA,h04_wi08,National Grid EE,0.0
UserA,h04_wi08,Storage EE,2.6757660499999996
UserA,h04_wi08,Gas Boiler,0.0
UserA,h04_wi08,HP,0.0
UserA,h04_wi08,AC,0.0
UserA,h04_wi08,Storage HW,0.0
UserA,h04_wi08,Radiators,0.0
UserA,h04_wi08,Floor heating,0.0
UserA,h04_wi08,Induction stove,0.0
UserA,h04_wi08,Gas stove,0.0
UserA,h04_wi08,Gas National Grid,0.0
UserA,h05_wi08,PV sys,0.0
UserA,h05_wi08,National Grid EE,0.0
UserA,h05_wi08,Storage EE,2.5195150499999994
UserA,h05_wi08,Gas Boiler,0.0
UserA,h05_wi08,HP,0.0
UserA,h05_wi08,AC,0.0
UserA,h05_wi08,Storage HW,0.0
UserA,h05_wi08,Radiators,0.0
UserA,h05_wi08,Floor heating,0.0
UserA,h05_wi08,Induction stove,0.0
UserA,h05_wi08,Gas stove,0.0
UserA,h05_wi08,Gas National Grid,0.0
UserA,h06_wi08,PV sys,0.0
UserA,h06_wi08,National Grid EE,0.0
UserA,h06_wi08,Storage EE,2.3470143499999994
UserA,h06_wi08,Gas Boiler,0.0
UserA,h06_wi08,HP,0.0
UserA,h06_wi08,AC,0.0
UserA,h06_wi08,Storage HW,0.0
UserA,h06_wi08,Radiators,0.0
UserA,h06_wi08,Floor heating,0.0
UserA,h06_wi08,Induction stove,0.0
UserA,h06_wi08,Gas stove,0.0
UserA,h06_wi08,Gas National Grid,0.0
UserA,h07_wi08,PV sys,0.0
UserA,h07_wi08,National Grid EE,0.0
UserA,h07_wi08,Storage EE,2.3470143499999994
UserA,h07_wi08,Gas Boiler,0.0
UserA,h07_wi08,HP,0.0
UserA,h07_wi08,AC,0.0
UserA,h07_wi08,Storage HW,0.0
UserA,h07_wi08,Radiators,0.0
UserA,h07_wi08,Floor heating,0.0
UserA,h07_wi08,Induction stove,0.0
UserA,h07_wi08,Gas stove,0.0
UserA,h07_wi08,Gas National Grid,0.0
UserA,h08_wi08,PV sys,0.0
UserA,h08_wi08,National Grid EE,0.0
UserA,h08_wi08,Storage EE,2.136606449999999
UserA,h08_wi08,Gas Boiler,0.0
UserA,h08_wi08,HP,0.0
UserA,h08_wi08,AC,0.0
UserA,h08_wi08,Storage HW,0.0
UserA,h08_wi08,Radiators,0.0
UserA,h08_wi08,Floor heating,0.0
UserA,h08_wi08,Induction stove,0.0
UserA,h08_wi08,Gas stove,0.0
UserA,h08_wi08,Gas National Grid,0.0
UserA,h09_wi08,PV sys,0.0
UserA,h09_wi08,National Grid EE,0.0
UserA,h09_wi08,Storage EE,1.9686609333333323
UserA,h09_wi08,Gas Boiler,0.0
UserA,h09_wi08,HP,0.0
UserA,h09_wi08,AC,0.0
UserA,h09_wi08,Storage HW,0.0
UserA,h09_wi08,Radiators,0.0
UserA,h09_wi08,Floor heating,0.0
UserA,h09_wi08,Induction stove,0.0
UserA,h09_wi08,Gas stove,0.0
UserA,h09_wi08,Gas National Grid,0.0
UserA,h10_wi08,PV sys,0.0
UserA,h10_wi08,National Grid EE,0.0
UserA,h10_wi08,Storage EE,1.875228633333332
UserA,h10_wi08,Gas Boiler,0.0
UserA,h10_wi08,HP,0.0
UserA,h10_wi08,AC,0.0
UserA,h10_wi08,Storage HW,0.0
UserA,h10_wi08,Radiators,0.0
UserA,h10_wi08,Floor heating,0.0
UserA,h10_wi08,Induction stove,0.0
UserA,h10_wi08,Gas stove,0.0
UserA,h10_wi08,Gas National Grid,0.0
UserA,h11_wi08,PV sys,0.0
UserA,h11_wi08,National Grid EE,0.0
UserA,h11_wi08,Storage EE,1.8684937499999985
UserA,h11_wi08,Gas Boiler,0.0
UserA,h11_wi08,HP,0.0
UserA,h11_wi08,AC,0.0
UserA,h11_wi08,Storage HW,0.0
UserA,h11_wi08,Radiators,0.0
UserA,h11_wi08,Floor heating,0.0
UserA,h11_wi08,Induction stove,0.0
UserA,h11_wi08,Gas stove,0.0
UserA,h11_wi08,Gas National Grid,0.0
UserA,h12_wi08,PV sys,0.0
UserA,h12_wi08,National Grid EE,0.0
UserA,h12_wi08,Storage EE,2.040913199999998
UserA,h12_wi08,Gas Boiler,0.0
UserA,h12_wi08,HP,0.0
UserA,h12_wi08,AC,0.0
UserA,h12_wi08,Storage HW,0.0
UserA,h12_wi08,Radiators,0.0
UserA,h12_wi08,Floor heating,0.0
UserA,h12_wi08,Induction stove,0.0
UserA,h12_wi08,Gas stove,0.0
UserA,h12_wi08,Gas National Grid,0.0
UserA,h13_wi08,PV sys,0.0
UserA,h13_wi08,National Grid EE,0.0
UserA,h13_wi08,Storage EE,2.5819331999999977
UserA,h13_wi08,Gas Boiler,0.0
UserA,h13_wi08,HP,0.0
UserA,h13_wi08,AC,0.0
UserA,h13_wi08,Storage HW,0.0
UserA,h13_wi08,Radiators,0.0
UserA,h13_wi08,Floor heating,0.0
UserA,h13_wi08,Induction stove,0.0
UserA,h13_wi08,Gas stove,0.0
UserA,h13_wi08,Gas National Grid,0.0
UserA,h14_wi08,PV sys,0.0
UserA,h14_wi08,National Grid EE,0.0
UserA,h14_wi08,Storage EE,2.669300633333332
UserA,h14_wi08,Gas Boiler,0.0
UserA,h14_wi08,HP,0.0
UserA,h14_wi08,AC,0.0
UserA,h14_wi08,Storage HW,0.0
UserA,h14_wi08,Radiators,0.0
UserA,h14_wi08,Floor heating,0.0
UserA,h14_wi08,Induction stove,0.0
UserA,h14_wi08,Gas stove,0.0
UserA,h14_wi08,Gas National Grid,0.0
UserA,h15_wi08,PV sys,0.0
UserA,h15_wi08,National Grid EE,0.0
UserA,h15_wi08,Storage EE,2.8499999999999996
UserA,h15_wi08,Gas Boiler,0.0
UserA,h15_wi08,HP,0.0
UserA,h15_wi08,AC,0.0
UserA,h15_wi08,Storage HW,0.0
UserA,h15_wi08,Radiators,0.0
UserA,h15_wi08,Floor heating,0.0
UserA,h15_wi08,Induction stove,0.0
UserA,h15_wi08,Gas stove,0.0
UserA,h15_wi08,Gas National Grid,0.0
UserA,h16_wi08,PV sys,0.0
UserA,h16_wi08,National Grid EE,0.0
UserA,h16_wi08,Storage EE,2.8499999999999996
UserA,h16_wi08,Gas Boiler,0.0
UserA,h16_wi08,HP,0.0
UserA,h16_wi08,AC,0.0
UserA,h16_wi08,Storage HW,0.0
UserA,h16_wi08,Radiators,0.0
UserA,h16_wi08,Floor heating,0.0
UserA,h16_wi08,Induction stove,0.0
UserA,h16_wi08,Gas stove,0.0
UserA,h16_wi08,Gas National Grid,0.0
UserA,h17_wi08,PV sys,0.0
UserA,h17_wi08,National Grid EE,0.0
UserA,h17_wi08,Storage EE,2.8499999999999996
UserA,h17_wi08,Gas Boiler,0.0
UserA,h17_wi08,HP,0.0
UserA,h17_wi08,AC,0.0
UserA,h17_wi08,Storage HW,0.0
UserA,h17_wi08,Radiators,0.0
UserA,h17_wi08,Floor heating,0.0
UserA,h17_wi08,Induction stove,0.0
UserA,h17_wi08,Gas stove,0.0
UserA,h17_wi08,Gas National Grid,0.0
UserA,h18_wi08,PV sys,0.0
UserA,h18_wi08,National Grid EE,0.0
UserA,h18_wi08,Storage EE,2.8499999999999996
UserA,h18_wi08,Gas Boiler,0.0
UserA,h18_wi08,HP,0.0
UserA,h18_wi08,AC,0.0
UserA,h18_wi08,Storage HW,0.0
UserA,h18_wi08,Radiators,0.0
UserA,h18_wi08,Floor heating,0.0
UserA,h18_wi08,Induction stove,0.0
UserA,h18_wi08,Gas stove,0.0
UserA,h18_wi08,Gas National Grid,0.0
UserA,h19_wi08,PV sys,0.0
UserA,h19_wi08,National Grid EE,0.0
UserA,h19_wi08,Storage EE,2.8499999999999996
UserA,h19_wi08,Gas Boiler,0.0
UserA,h19_wi08,HP,0.0
UserA,h19_wi08,AC,0.0
UserA,h19_wi08,Storage HW,0.0
UserA,h19_wi08,Radiators,0.0
UserA,h19_wi08,Floor heating,0.0
UserA,h19_wi08,Induction stove,0.0
UserA,h19_wi08,Gas stove,0.0
UserA,h19_wi08,Gas National Grid,0.0
UserA,h20_wi08,PV sys,0.0
UserA,h20_wi08,National Grid EE,0.0
UserA,h20_wi08,Storage EE,2.8499999999999996
UserA,h20_wi08,Gas Boiler,0.0
UserA,h20_wi08,HP,0.0
UserA,h20_wi08,AC,0.0
UserA,h20_wi08,Storage HW,0.0
UserA,h20_wi08,Radiators,0.0
UserA,h20_wi08,Floor heating,0.0
UserA,h20_wi08,Induction stove,0.0
UserA,h20_wi08,Gas stove,0.0
UserA,h20_wi08,Gas National Grid,0.0
UserA,h21_wi08,PV sys,0.0
UserA,h21_wi08,National Grid EE,0.0
UserA,h21_wi08,Storage EE,2.8499999999999996
UserA,h21_wi08,Gas Boiler,0.0
UserA,h21_wi08,HP,0.0
UserA,h21_wi08,AC,0.0
UserA,h21_wi08,Storage HW,0.0
UserA,h21_wi08,Radiators,0.0
UserA,h21_wi08,Floor heating,0.0
UserA,h21_wi08,Induction stove,0.0
UserA,h21_wi08,Gas stove,0.0
UserA,h21_wi08,Gas National Grid,0.0
UserA,h22_wi08,PV sys,0.0
UserA,h22_wi08,National Grid EE,0.0
UserA,h22_wi08,Storage EE,2.8499999999999996
UserA,h22_wi08,Gas Boiler,0.0
UserA,h22_wi08,HP,0.0
UserA,h22_wi08,AC,0.0
UserA,h22_wi08,Storage HW,0.0
UserA,h22_wi08,Radiators,0.0
UserA,h22_wi08,Floor heating,0.0
UserA,h22_wi08,Induction stove,0.0
UserA,h22_wi08,Gas stove,0.0
UserA,h22_wi08,Gas National Grid,0.0
UserA,h23_wi08,PV sys,0.0
UserA,h23_wi08,National Grid EE,0.0
UserA,h23_wi08,Storage EE,2.8499999999999996
UserA,h23_wi08,Gas Boiler,0.0
UserA,h23_wi08,HP,0.0
UserA,h23_wi08,AC,0.0
UserA,h23_wi08,Storage HW,0.0
UserA,h23_wi08,Radiators,0.0
UserA,h23_wi08,Floor heating,0.0
UserA,h23_wi08,Induction stove,0.0
UserA,h23_wi08,Gas stove,0.0
UserA,h23_wi08,Gas National Grid,0.0
UserA,h24_wi08,PV sys,0.0
UserA,h24_wi08,National Grid EE,0.0
UserA,h24_wi08,Storage EE,2.8499999999999996
UserA,h24_wi08,Gas Boiler,0.0
UserA,h24_wi08,HP,0.0
UserA,h24_wi08,AC,0.0
UserA,h24_wi08,Storage HW,1.6086491953829802e-07
UserA,h24_wi08,Radiators,0.0
UserA,h24_wi08,Floor heating,0.0
UserA,h24_wi08,Induction stove,0.0
UserA,h24_wi08,Gas stove,0.0
UserA,h24_wi08,Gas National Grid,0.0
UserA,h01_wi09,PV sys,0.0
UserA,h01_wi09,National Grid EE,0.0
UserA,h01_wi09,Storage EE,2.8499999999999996
UserA,h01_wi09,Gas Boiler,0.0
UserA,h01_wi09,HP,0.0
UserA,h01_wi09,AC,0.0
UserA,h01_wi09,Storage HW,0.0
UserA,h01_wi09,Radiators,0.0
UserA,h01_wi09,Floor heating,0.0
UserA,h01_wi09,Induction stove,0.0
UserA,h01_wi09,Gas stove,0.0
UserA,h01_wi09,Gas National Grid,0.0
UserA,h02_wi09,PV sys,0.0
UserA,h02_wi09,National Grid EE,0.0
UserA,h02_wi09,Storage EE,2.8499999999999996
UserA,h02_wi09,Gas Boiler,0.0
UserA,h02_wi09,HP,0.0
UserA,h02_wi09,AC,0.0
UserA,h02_wi09,Storage HW,0.0
UserA,h02_wi09,Radiators,0.0
UserA,h02_wi09,Floor heating,0.0
UserA,h02_wi09,Induction stove,0.0
UserA,h02_wi09,Gas stove,0.0
UserA,h02_wi09,Gas National Grid,0.0
UserA,h03_wi09,PV sys,0.0
UserA,h03_wi09,National Grid EE,0.0
UserA,h03_wi09,Storage EE,2.8499999999999996
UserA,h03_wi09,Gas Boiler,0.0
UserA,h03_wi09,HP,0.0
UserA,h03_wi09,AC,0.0
UserA,h03_wi09,Storage HW,0.0
UserA,h03_wi09,Radiators,0.0
UserA,h03_wi09,Floor heating,0.0
UserA,h03_wi09,Induction stove,0.0
UserA,h03_wi09,Gas stove,0.0
UserA,h03_wi09,Gas National Grid,0.0
UserA,h04_wi09,PV sys,0.0
UserA,h04_wi09,National Grid EE,0.0
UserA,h04_wi09,Storage EE,2.6389327999999996
UserA,h04_wi09,Gas Boiler,0.0
UserA,h04_wi09,HP,0.0
UserA,h04_wi09,AC,0.0
UserA,h04_wi09,Storage HW,0.0
UserA,h04_wi09,Radiators,0.0
UserA,h04_wi09,Floor heating,0.0
UserA,h04_wi09,Induction stove,0.0
UserA,h04_wi09,Gas stove,0.0
UserA,h04_wi09,Gas National Grid,0.0
UserA,h05_wi09,PV sys,0.0
UserA,h05_wi09,National Grid EE,0.0
UserA,h05_wi09,Storage EE,2.6389327999999996
UserA,h05_wi09,Gas Boiler,0.0
UserA,h05_wi09,HP,0.0
UserA,h05_wi09,AC,0.0
UserA,h05_wi09,Storage HW,0.0
UserA,h05_wi09,Radiators,0.0
UserA,h05_wi09,Floor heating,0.0
UserA,h05_wi09,Induction stove,0.0
UserA,h05_wi09,Gas stove,0.0
UserA,h05_wi09,Gas National Grid,0.0
UserA,h06_wi09,PV sys,0.0
UserA,h06_wi09,National Grid EE,0.0
UserA,h06_wi09,Storage EE,2.417881983333333
UserA,h06_wi09,Gas Boiler,0.0
UserA,h06_wi09,HP,0.0
UserA,h06_wi09,AC,0.0
UserA,h06_wi09,Storage HW,0.0
UserA,h06_wi09,Radiators,0.0
UserA,h06_wi09,Floor heating,0.0
UserA,h06_wi09,Induction stove,0.0
UserA,h06_wi09,Gas stove,0.0
UserA,h06_wi09,Gas National Grid,0.0
UserA,h07_wi09,PV sys,0.0
UserA,h07_wi09,National Grid EE,0.0
UserA,h07_wi09,Storage EE,2.417881983333333
UserA,h07_wi09,Gas Boiler,0.0
UserA,h07_wi09,HP,0.0
UserA,h07_wi09,AC,0.0
UserA,h07_wi09,Storage HW,0.0
UserA,h07_wi09,Radiators,0.0
UserA,h07_wi09,Floor heating,0.0
UserA,h07_wi09,Induction stove,0.0
UserA,h07_wi09,Gas stove,0.0
UserA,h07_wi09,Gas National Grid,0.0
UserA,h08_wi09,PV sys,0.0
UserA,h08_wi09,National Grid EE,0.0
UserA,h08_wi09,Storage EE,2.417881983333333
UserA,h08_wi09,Gas Boiler,0.0
UserA,h08_wi09,HP,0.0
UserA,h08_wi09,AC,0.0
UserA,h08_wi09,Storage HW,0.0
UserA,h08_wi09,Radiators,0.0
UserA,h08_wi09,Floor heating,0.0
UserA,h08_wi09,Induction stove,0.0
UserA,h08_wi09,Gas stove,0.0
UserA,h08_wi09,Gas National Grid,0.0
UserA,h09_wi09,PV sys,0.0
UserA,h09_wi09,National Grid EE,0.0
UserA,h09_wi09,Storage EE,2.3187414000000004
UserA,h09_wi09,Gas Boiler,0.0
UserA,h09_wi09,HP,0.0
UserA,h09_wi09,AC,0.0
UserA,h09_wi09,Storage HW,0.0
UserA,h09_wi09,Radiators,0.0
UserA,h09_wi09,Floor heating,0.0
UserA,h09_wi09,Induction stove,0.0
UserA,h09_wi09,Gas stove,0.0
UserA,h09_wi09,Gas National Grid,0.0
UserA,h10_wi09,PV sys,0.0
UserA,h10_wi09,National Grid EE,0.0
UserA,h10_wi09,Storage EE,2.4226214000000006
UserA,h10_wi09,Gas Boiler,0.0
UserA,h10_wi09,HP,0.0
UserA,h10_wi09,AC,0.0
UserA,h10_wi09,Storage HW,0.0
UserA,h10_wi09,Radiators,0.0
UserA,h10_wi09,Floor heating,0.0
UserA,h10_wi09,Induction stove,0.0
UserA,h10_wi09,Gas stove,0.0
UserA,h10_wi09,Gas National Grid,0.0
UserA,h11_wi09,PV sys,0.0
UserA,h11_wi09,National Grid EE,0.0
UserA,h11_wi09,Storage EE,2.5368414000000006
UserA,h11_wi09,Gas Boiler,0.0
UserA,h11_wi09,HP,0.0
UserA,h11_wi09,AC,0.0
UserA,h11_wi09,Storage HW,0.0
UserA,h11_wi09,Radiators,0.0
UserA,h11_wi09,Floor heating,0.0
UserA,h11_wi09,Induction stove,0.0
UserA,h11_wi09,Gas stove,0.0
UserA,h11_wi09,Gas National Grid,0.0
UserA,h12_wi09,PV sys,0.0
UserA,h12_wi09,National Grid EE,0.0
UserA,h12_wi09,Storage EE,2.6592614000000006
UserA,h12_wi09,Gas Boiler,0.0
UserA,h12_wi09,HP,0.0
UserA,h12_wi09,AC,0.0
UserA,h12_wi09,Storage HW,0.0
UserA,h12_wi09,Radiators,0.0
UserA,h12_wi09,Floor heating,0.0
UserA,h12_wi09,Induction stove,0.0
UserA,h12_wi09,Gas stove,0.0
UserA,h12_wi09,Gas National Grid,0.0
UserA,h13_wi09,PV sys,0.0
UserA,h13_wi09,National Grid EE,0.0
UserA,h13_wi09,Storage EE,2.4925853333333334
UserA,h13_wi09,Gas Boiler,0.0
UserA,h13_wi09,HP,0.0
UserA,h13_wi09,AC,0.0
UserA,h13_wi09,Storage HW,0.0
UserA,h13_wi09,Radiators,0.0
UserA,h13_wi09,Floor heating,0.0
UserA,h13_wi09,Induction stove,0.0
UserA,h13_wi09,Gas stove,0.0
UserA,h13_wi09,Gas National Grid,0.0
UserA,h14_wi09,PV sys,0.0
UserA,h14_wi09,National Grid EE,0.0
UserA,h14_wi09,Storage EE,2.34150315
UserA,h14_wi09,Gas Boiler,0.0
UserA,h14_wi09,HP,0.0
UserA,h14_wi09,AC,0.0
UserA,h14_wi09,Storage HW,0.0
UserA,h14_wi09,Radiators,0.0
UserA,h14_wi09,Floor heating,0.0
UserA,h14_wi09,Induction stove,0.0
UserA,h14_wi09,Gas stove,0.0
UserA,h14_wi09,Gas National Grid,0.0
UserA,h15_wi09,PV sys,0.0
UserA,h15_wi09,National Grid EE,0.0
UserA,h15_wi09,Storage EE,2.1578028833333334
UserA,h15_wi09,Gas Boiler,0.0
UserA,h15_wi09,HP,0.0
UserA,h15_wi09,AC,0.0
UserA,h15_wi09,Storage HW,0.0
UserA,h15_wi09,Radiators,0.0
UserA,h15_wi09,Floor heating,0.0
UserA,h15_wi09,Induction stove,0.0
UserA,h15_wi09,Gas stove,0.0
UserA,h15_wi09,Gas National Grid,0.0
UserA,h16_wi09,PV sys,0.0
UserA,h16_wi09,National Grid EE,0.0
UserA,h16_wi09,Storage EE,1.9935395166666665
UserA,h16_wi09,Gas Boiler,0.0
UserA,h16_wi09,HP,0.0
UserA,h16_wi09,AC,0.0
UserA,h16_wi09,Storage HW,0.0
UserA,h16_wi09,Radiators,0.0
UserA,h16_wi09,Floor heating,0.0
UserA,h16_wi09,Induction stove,0.0
UserA,h16_wi09,Gas stove,0.0
UserA,h16_wi09,Gas National Grid,0.0
UserA,h17_wi09,PV sys,0.0
UserA,h17_wi09,National Grid EE,0.0
UserA,h17_wi09,Storage EE,1.9935395166666665
UserA,h17_wi09,Gas Boiler,0.0
UserA,h17_wi09,HP,0.0
UserA,h17_wi09,AC,0.0
UserA,h17_wi09,Storage HW,0.0
UserA,h17_wi09,Radiators,0.0
UserA,h17_wi09,Floor heating,0.0
UserA,h17_wi09,Induction stove,0.0
UserA,h17_wi09,Gas stove,0.0
UserA,h17_wi09,Gas National Grid,0.0
UserA,h18_wi09,PV sys,0.0
UserA,h18_wi09,National Grid EE,0.0
UserA,h18_wi09,Storage EE,1.9935395166666665
UserA,h18_wi09,Gas Boiler,0.0
UserA,h18_wi09,HP,0.0
UserA,h18_wi09,AC,0.0
UserA,h18_wi09,Storage HW,0.0
UserA,h18_wi09,Radiators,0.0
UserA,h18_wi09,Floor heating,0.0
UserA,h18_wi09,Induction stove,0.0
UserA,h18_wi09,Gas stove,0.0
UserA,h18_wi09,Gas National Grid,0.0
UserA,h19_wi09,PV sys,0.0
UserA,h19_wi09,National Grid EE,0.0
UserA,h19_wi09,Storage EE,1.6391743
UserA,h19_wi09,Gas Boiler,0.0
UserA,h19_wi09,HP,0.0
UserA,h19_wi09,AC,0.0
UserA,h19_wi09,Storage HW,0.0
UserA,h19_wi09,Radiators,0.0
UserA,h19_wi09,Floor heating,0.0
UserA,h19_wi09,Induction stove,0.0
UserA,h19_wi09,Gas stove,0.0
UserA,h19_wi09,Gas National Grid,0.0
UserA,h20_wi09,PV sys,0.0
UserA,h20_wi09,National Grid EE,0.0
UserA,h20_wi09,Storage EE,1.3023715333333328
UserA,h20_wi09,Gas Boiler,0.0
UserA,h20_wi09,HP,0.0
UserA,h20_wi09,AC,0.0
UserA,h20_wi09,Storage HW,0.0
UserA,h20_wi09,Radiators,0.0
UserA,h20_wi09,Floor heating,0.0
UserA,h20_wi09,Induction stove,0.0
UserA,h20_wi09,Gas stove,0.0
UserA,h20_wi09,Gas National Grid,0.0
UserA,h21_wi09,PV sys,0.0
UserA,h21_wi09,National Grid EE,0.0
UserA,h21_wi09,Storage EE,1.0209817999999993
UserA,h21_wi09,Gas Boiler,0.0
UserA,h21_wi09,HP,0.0
UserA,h21_wi09,AC,0.0
UserA,h21_wi09,Storage HW,0.0
UserA,h21_wi09,Radiators,0.0
UserA,h21_wi09,Floor heating,0.0
UserA,h21_wi09,Induction stove,0.0
UserA,h21_wi09,Gas stove,0.0
UserA,h21_wi09,Gas National Grid,0.0
UserA,h22_wi09,PV sys,0.0
UserA,h22_wi09,National Grid EE,0.0
UserA,h22_wi09,Storage EE,0.7304878833333328
UserA,h22_wi09,Gas Boiler,0.0
UserA,h22_wi09,HP,0.0
UserA,h22_wi09,AC,0.0
UserA,h22_wi09,Storage HW,0.0
UserA,h22_wi09,Radiators,0.0
UserA,h22_wi09,Floor heating,0.0
UserA,h22_wi09,Induction stove,0.0
UserA,h22_wi09,Gas stove,0.0
UserA,h22_wi09,Gas National Grid,0.0
UserA,h23_wi09,PV sys,0.0
UserA,h23_wi09,National Grid EE,0.0
UserA,h23_wi09,Storage EE,0.47926978333333325
UserA,h23_wi09,Gas Boiler,0.0
UserA,h23_wi09,HP,0.0
UserA,h23_wi09,AC,0.0
UserA,h23_wi09,Storage HW,0.0
UserA,h23_wi09,Radiators,0.0
UserA,h23_wi09,Floor heating,0.0
UserA,h23_wi09,Induction stove,0.0
UserA,h23_wi09,Gas stove,0.0
UserA,h23_wi09,Gas National Grid,0.0
UserA,h24_wi09,PV sys,0.0
UserA,h24_wi09,National Grid EE,0.0
UserA,h24_wi09,Storage EE,0.2999999999999998
UserA,h24_wi09,Gas Boiler,0.0
UserA,h24_wi09,HP,0.0
UserA,h24_wi09,AC,0.0
UserA,h24_wi09,Storage HW,0.0
UserA,h24_wi09,Radiators,0.0
UserA,h24_wi09,Floor heating,0.0
UserA,h24_wi09,Induction stove,0.0
UserA,h24_wi09,Gas stove,0.0
UserA,h24_wi09,Gas National Grid,0.0
UserA,h01_wi10,PV sys,0.0
UserA,h01_wi10,National Grid EE,0.0
UserA,h01_wi10,Storage EE,0.2999999999999998
UserA,h01_wi10,Gas Boiler,0.0
UserA,h01_wi10,HP,0.0
UserA,h01_wi10,AC,0.0
UserA,h01_wi10,Storage HW,0.0
UserA,h01_wi10,Radiators,0.0
UserA,h01_wi10,Floor heating,0.0
UserA,h01_wi10,Induction stove,0.0
UserA,h01_wi10,Gas stove,0.0
UserA,h01_wi10,Gas National Grid,0.0
UserA,h02_wi10,PV sys,0.0
UserA,h02_wi10,National Grid EE,0.0
UserA,h02_wi10,Storage EE,0.30000000000000004
UserA,h02_wi10,Gas Boiler,0.0
UserA,h02_wi10,HP,0.0
UserA,h02_wi10,AC,0.0
UserA,h02_wi10,Storage HW,0.0
UserA,h02_wi10,Radiators,0.0
UserA,h02_wi10,Floor heating,0.0
UserA,h02_wi10,Induction stove,0.0
UserA,h02_wi10,Gas stove,0.0
UserA,h02_wi10,Gas National Grid,0.0
UserA,h03_wi10,PV sys,0.0
UserA,h03_wi10,National Grid EE,0.0
UserA,h03_wi10,Storage EE,0.30000000000000004
UserA,h03_wi10,Gas Boiler,0.0
UserA,h03_wi10,HP,0.0
UserA,h03_wi10,AC,0.0
UserA,h03_wi10,Storage HW,0.0
UserA,h03_wi10,Radiators,0.0
UserA,h03_wi10,Floor heating,0.0
UserA,h03_wi10,Induction stove,0.0
UserA,h03_wi10,Gas stove,0.0
UserA,h03_wi10,Gas National Grid,0.0
UserA,h04_wi10,PV sys,0.0
UserA,h04_wi10,National Grid EE,0.0
UserA,h04_wi10,Storage EE,0.30000000000000004
UserA,h04_wi10,Gas Boiler,0.0
UserA,h04_wi10,HP,0.0
UserA,h04_wi10,AC,0.0
UserA,h04_wi10,Storage HW,0.0
UserA,h04_wi10,Radiators,0.0
UserA,h04_wi10,Floor heating,0.0
UserA,h04_wi10,Induction stove,0.0
UserA,h04_wi10,Gas stove,0.0
UserA,h04_wi10,Gas National Grid,0.0
UserA,h05_wi10,PV sys,0.0
UserA,h05_wi10,National Grid EE,0.0
UserA,h05_wi10,Storage EE,0.30000000000000004
UserA,h05_wi10,Gas Boiler,0.0
UserA,h05_wi10,HP,0.0
UserA,h05_wi10,AC,0.0
UserA,h05_wi10,Storage HW,0.0
UserA,h05_wi10,Radiators,0.0
UserA,h05_wi10,Floor heating,0.0
UserA,h05_wi10,Induction stove,0.0
UserA,h05_wi10,Gas stove,0.0
UserA,h05_wi10,Gas National Grid,0.0
UserA,h06_wi10,PV sys,0.0
UserA,h06_wi10,National Grid EE,0.0
UserA,h06_wi10,Storage EE,0.30000000000000004
UserA,h06_wi10,Gas Boiler,0.0
UserA,h06_wi10,HP,0.0
UserA,h06_wi10,AC,0.0
UserA,h06_wi10,Storage HW,0.0
UserA,h06_wi10,Radiators,0.0
UserA,h06_wi10,Floor heating,0.0
UserA,h06_wi10,Induction stove,0.0
UserA,h06_wi10,Gas stove,0.0
UserA,h06_wi10,Gas National Grid,0.0
UserA,h07_wi10,PV sys,0.0
UserA,h07_wi10,National Grid EE,0.0
UserA,h07_wi10,Storage EE,0.30000000000000004
UserA,h07_wi10,Gas Boiler,0.0
UserA,h07_wi10,HP,0.0
UserA,h07_wi10,AC,0.0
UserA,h07_wi10,Storage HW,0.0
UserA,h07_wi10,Radiators,0.0
UserA,h07_wi10,Floor heating,0.0
UserA,h07_wi10,Induction stove,0.0
UserA,h07_wi10,Gas stove,0.0
UserA,h07_wi10,Gas National Grid,0.0
UserA,h08_wi10,PV sys,0.0
UserA,h08_wi10,National Grid EE,0.0
UserA,h08_wi10,Storage EE,0.30000000000000004
UserA,h08_wi10,Gas Boiler,0.0
UserA,h08_wi10,HP,0.0
UserA,h08_wi10,AC,0.0
UserA,h08_wi10,Storage HW,0.0
UserA,h08_wi10,Radiators,0.0
UserA,h08_wi10,Floor heating,0.0
UserA,h08_wi10,Induction stove,0.0
UserA,h08_wi10,Gas stove,0.0
UserA,h08_wi10,Gas National Grid,0.0
UserA,h09_wi10,PV sys,0.0
UserA,h09_wi10,National Grid EE,0.0
UserA,h09_wi10,Storage EE,0.31696
UserA,h09_wi10,Gas Boiler,0.0
UserA,h09_wi10,HP,0.0
UserA,h09_wi10,AC,0.0
UserA,h09_wi10,Storage HW,0.0
UserA,h09_wi10,Radiators,0.0
UserA,h09_wi10,Floor heating,0.0
UserA,h09_wi10,Induction stove,0.0
UserA,h09_wi10,Gas stove,0.0
UserA,h09_wi10,Gas National Grid,0.0
UserA,h10_wi10,PV sys,0.0
UserA,h10_wi10,National Grid EE,0.0
UserA,h10_wi10,Storage EE,0.34526
UserA,h10_wi10,Gas Boiler,0.0
UserA,h10_wi10,HP,0.0
UserA,h10_wi10,AC,0.0
UserA,h10_wi10,Storage HW,0.0
UserA,h10_wi10,Radiators,0.0
UserA,h10_wi10,Floor heating,0.0
UserA,h10_wi10,Induction stove,0.0
UserA,h10_wi10,Gas stove,0.0
UserA,h10_wi10,Gas National Grid,0.0
UserA,h11_wi10,PV sys,0.0
UserA,h11_wi10,National Grid EE,0.0
UserA,h11_wi10,Storage EE,0.41868
UserA,h11_wi10,Gas Boiler,0.0
UserA,h11_wi10,HP,0.0
UserA,h11_wi10,AC,0.0
UserA,h11_wi10,Storage HW,0.0
UserA,h11_wi10,Radiators,0.0
UserA,h11_wi10,Floor heating,0.0
UserA,h11_wi10,Induction stove,0.0
UserA,h11_wi10,Gas stove,0.0
UserA,h11_wi10,Gas National Grid,0.0
UserA,h12_wi10,PV sys,0.0
UserA,h12_wi10,National Grid EE,0.0
UserA,h12_wi10,Storage EE,0.45756
UserA,h12_wi10,Gas Boiler,0.0
UserA,h12_wi10,HP,0.0
UserA,h12_wi10,AC,0.0
UserA,h12_wi10,Storage HW,0.0
UserA,h12_wi10,Radiators,0.0
UserA,h12_wi10,Floor heating,0.0
UserA,h12_wi10,Induction stove,0.0
UserA,h12_wi10,Gas stove,0.0
UserA,h12_wi10,Gas National Grid,0.0
UserA,h13_wi10,PV sys,0.0
UserA,h13_wi10,National Grid EE,0.0
UserA,h13_wi10,Storage EE,0.48306
UserA,h13_wi10,Gas Boiler,0.0
UserA,h13_wi10,HP,0.0
UserA,h13_wi10,AC,0.0
UserA,h13_wi10,Storage HW,0.0
UserA,h13_wi10,Radiators,0.0
UserA,h13_wi10,Floor heating,0.0
UserA,h13_wi10,Induction stove,0.0
UserA,h13_wi10,Gas stove,0.0
UserA,h13_wi10,Gas National Grid,0.0
UserA,h14_wi10,PV sys,0.0
UserA,h14_wi10,National Grid EE,0.0
UserA,h14_wi10,Storage EE,0.5010000000000001
UserA,h14_wi10,Gas Boiler,0.0
UserA,h14_wi10,HP,0.0
UserA,h14_wi10,AC,0.0
UserA,h14_wi10,Storage HW,0.0
UserA,h14_wi10,Radiators,0.0
UserA,h14_wi10,Floor heating,0.0
UserA,h14_wi10,Induction stove,0.0
UserA,h14_wi10,Gas stove,0.0
UserA,h14_wi10,Gas National Grid,0.0
UserA,h15_wi10,PV sys,0.0
UserA,h15_wi10,National Grid EE,0.0
UserA,h15_wi10,Storage EE,0.5097800000000001
UserA,h15_wi10,Gas Boiler,0.0
UserA,h15_wi10,HP,0.0
UserA,h15_wi10,AC,0.0
UserA,h15_wi10,Storage HW,0.0
UserA,h15_wi10,Radiators,0.0
UserA,h15_wi10,Floor heating,0.0
UserA,h15_wi10,Induction stove,0.0
UserA,h15_wi10,Gas stove,0.0
UserA,h15_wi10,Gas National Grid,0.0
UserA,h16_wi10,PV sys,0.0
UserA,h16_wi10,National Grid EE,0.0
UserA,h16_wi10,Storage EE,0.5288400000000001
UserA,h16_wi10,Gas Boiler,0.0
UserA,h16_wi10,HP,0.0
UserA,h16_wi10,AC,0.0
UserA,h16_wi10,Storage HW,0.0
UserA,h16_wi10,Radiators,0.0
UserA,h16_wi10,Floor heating,0.0
UserA,h16_wi10,Induction stove,0.0
UserA,h16_wi10,Gas stove,0.0
UserA,h16_wi10,Gas National Grid,0.0
UserA,h17_wi10,PV sys,0.0
UserA,h17_wi10,National Grid EE,0.0
UserA,h17_wi10,Storage EE,0.5288400000000001
UserA,h17_wi10,Gas Boiler,0.0
UserA,h17_wi10,HP,0.0
UserA,h17_wi10,AC,0.0
UserA,h17_wi10,Storage HW,0.0
UserA,h17_wi10,Radiators,0.0
UserA,h17_wi10,Floor heating,0.0
UserA,h17_wi10,Induction stove,0.0
UserA,h17_wi10,Gas stove,0.0
UserA,h17_wi10,Gas National Grid,0.0
UserA,h18_wi10,PV sys,0.0
UserA,h18_wi10,National Grid EE,0.0
UserA,h18_wi10,Storage EE,0.5288400000000001
UserA,h18_wi10,Gas Boiler,0.0
UserA,h18_wi10,HP,0.0
UserA,h18_wi10,AC,0.0
UserA,h18_wi10,Storage HW,0.0
UserA,h18_wi10,Radiators,0.0
UserA,h18_wi10,Floor heating,0.0
UserA,h18_wi10,Induction stove,0.0
UserA,h18_wi10,Gas stove,0.0
UserA,h18_wi10,Gas National Grid,0.0
UserA,h19_wi10,PV sys,0.0
UserA,h19_wi10,National Grid EE,0.0
UserA,h19_wi10,Storage EE,0.5288400000000001
UserA,h19_wi10,Gas Boiler,0.0
UserA,h19_wi10,HP,0.0
UserA,h19_wi10,AC,0.0
UserA,h19_wi10,Storage HW,0.0
UserA,h19_wi10,Radiators,0.0
UserA,h19_wi10,Floor heating,0.0
UserA,h19_wi10,Induction stove,0.0
UserA,h19_wi10,Gas stove,0.0
UserA,h19_wi10,Gas National Grid,0.0
UserA,h20_wi10,PV sys,0.0
UserA,h20_wi10,National Grid EE,0.0
UserA,h20_wi10,Storage EE,0.5288400000000001
UserA,h20_wi10,Gas Boiler,0.0
UserA,h20_wi10,HP,0.0
UserA,h20_wi10,AC,0.0
UserA,h20_wi10,Storage HW,0.0
UserA,h20_wi10,Radiators,0.0
UserA,h20_wi10,Floor heating,0.0
UserA,h20_wi10,Induction stove,0.0
UserA,h20_wi10,Gas stove,0.0
UserA,h20_wi10,Gas National Grid,0.0
UserA,h21_wi10,PV sys,0.0
UserA,h21_wi10,National Grid EE,0.0
UserA,h21_wi10,Storage EE,0.5288400000000001
UserA,h21_wi10,Gas Boiler,0.0
UserA,h21_wi10,HP,0.0
UserA,h21_wi10,AC,0.0
UserA,h21_wi10,Storage HW,0.0
UserA,h21_wi10,Radiators,0.0
UserA,h21_wi10,Floor heating,0.0
UserA,h21_wi10,Induction stove,0.0
UserA,h21_wi10,Gas stove,0.0
UserA,h21_wi10,Gas National Grid,0.0
UserA,h22_wi10,PV sys,0.0
UserA,h22_wi10,National Grid EE,0.0
UserA,h22_wi10,Storage EE,0.5288400000000001
UserA,h22_wi10,Gas Boiler,0.0
UserA,h22_wi10,HP,0.0
UserA,h22_wi10,AC,0.0
UserA,h22_wi10,Storage HW,0.0
UserA,h22_wi10,Radiators,0.0
UserA,h22_wi10,Floor heating,0.0
UserA,h22_wi10,Induction stove,0.0
UserA,h22_wi10,Gas stove,0.0
UserA,h22_wi10,Gas National Grid,0.0
UserA,h23_wi10,PV sys,0.0
UserA,h23_wi10,National Grid EE,0.0
UserA,h23_wi10,Storage EE,0.5288400000000001
UserA,h23_wi10,Gas Boiler,0.0
UserA,h23_wi10,HP,0.0
UserA,h23_wi10,AC,0.0
UserA,h23_wi10,Storage HW,0.0
UserA,h23_wi10,Radiators,0.0
UserA,h23_wi10,Floor heating,0.0
UserA,h23_wi10,Induction stove,0.0
UserA,h23_wi10,Gas stove,0.0
UserA,h23_wi10,Gas National Grid,0.0
UserA,h24_wi10,PV sys,0.0
UserA,h24_wi10,National Grid EE,0.0
UserA,h24_wi10,Storage EE,0.5288400000000001
UserA,h24_wi10,Gas Boiler,0.0
UserA,h24_wi10,HP,0.0
UserA,h24_wi10,AC,0.0
UserA,h24_wi10,Storage HW,0.0
UserA,h24_wi10,Radiators,0.0
UserA,h24_wi10,Floor heating,0.0
UserA,h24_wi10,Induction stove,0.0
UserA,h24_wi10,Gas stove,0.0
UserA,h24_wi10,Gas National Grid,0.0
UserA,h01_wi11,PV sys,0.0
UserA,h01_wi11,National Grid EE,0.0
UserA,h01_wi11,Storage EE,0.5288400000000001
UserA,h01_wi11,Gas Boiler,0.0
UserA,h01_wi11,HP,0.0
UserA,h01_wi11,AC,0.0
UserA,h01_wi11,Storage HW,0.0
UserA,h01_wi11,Radiators,0.0
UserA,h01_wi11,Floor heating,0.0
UserA,h01_wi11,Induction stove,0.0
UserA,h01_wi11,Gas stove,0.0
UserA,h01_wi11,Gas National Grid,0.0
UserA,h02_wi11,PV sys,0.0
UserA,h02_wi11,National Grid EE,0.0
UserA,h02_wi11,Storage EE,0.5288400000000001
UserA,h02_wi11,Gas Boiler,0.0
UserA,h02_wi11,HP,0.0
UserA,h02_wi11,AC,0.0
UserA,h02_wi11,Storage HW,0.0
UserA,h02_wi11,Radiators,0.0
UserA,h02_wi11,Floor heating,0.0
UserA,h02_wi11,Induction stove,0.0
UserA,h02_wi11,Gas stove,0.0
UserA,h02_wi11,Gas National Grid,0.0
UserA,h03_wi11,PV sys,0.0
UserA,h03_wi11,National Grid EE,0.0
UserA,h03_wi11,Storage EE,0.5288400000000001
UserA,h03_wi11,Gas Boiler,0.0
UserA,h03_wi11,HP,0.0
UserA,h03_wi11,AC,0.0
UserA,h03_wi11,Storage HW,0.0
UserA,h03_wi11,Radiators,0.0
UserA,h03_wi11,Floor heating,0.0
UserA,h03_wi11,Induction stove,0.0
UserA,h03_wi11,Gas stove,0.0
UserA,h03_wi11,Gas National Grid,0.0
UserA,h04_wi11,PV sys,0.0
UserA,h04_wi11,National Grid EE,0.0
UserA,h04_wi11,Storage EE,0.5288400000000001
UserA,h04_wi11,Gas Boiler,0.0
UserA,h04_wi11,HP,0.0
UserA,h04_wi11,AC,0.0
UserA,h04_wi11,Storage HW,0.0
UserA,h04_wi11,Radiators,0.0
UserA,h04_wi11,Floor heating,0.0
UserA,h04_wi11,Induction stove,0.0
UserA,h04_wi11,Gas stove,0.0
UserA,h04_wi11,Gas National Grid,0.0
UserA,h05_wi11,PV sys,0.0
UserA,h05_wi11,National Grid EE,0.0
UserA,h05_wi11,Storage EE,0.5288400000000001
UserA,h05_wi11,Gas Boiler,0.0
UserA,h05_wi11,HP,0.0
UserA,h05_wi11,AC,0.0
UserA,h05_wi11,Storage HW,0.0
UserA,h05_wi11,Radiators,0.0
UserA,h05_wi11,Floor heating,0.0
UserA,h05_wi11,Induction stove,0.0
UserA,h05_wi11,Gas stove,0.0
UserA,h05_wi11,Gas National Grid,0.0
UserA,h06_wi11,PV sys,0.0
UserA,h06_wi11,National Grid EE,0.0
UserA,h06_wi11,Storage EE,0.5288400000000001
UserA,h06_wi11,Gas Boiler,0.0
UserA,h06_wi11,HP,0.0
UserA,h06_wi11,AC,0.0
UserA,h06_wi11,Storage HW,0.0
UserA,h06_wi11,Radiators,0.0
UserA,h06_wi11,Floor heating,0.0
UserA,h06_wi11,Induction stove,0.0
UserA,h06_wi11,Gas stove,0.0
UserA,h06_wi11,Gas National Grid,0.0
UserA,h07_wi11,PV sys,0.0
UserA,h07_wi11,National Grid EE,0.0
UserA,h07_wi11,Storage EE,0.5288400000000001
UserA,h07_wi11,Gas Boiler,0.0
UserA,h07_wi11,HP,0.0
UserA,h07_wi11,AC,0.0
UserA,h07_wi11,Storage HW,0.0
UserA,h07_wi11,Radiators,0.0
UserA,h07_wi11,Floor heating,0.0
UserA,h07_wi11,Induction stove,0.0
UserA,h07_wi11,Gas stove,0.0
UserA,h07_wi11,Gas National Grid,0.0
UserA,h08_wi11,PV sys,0.0
UserA,h08_wi11,National Grid EE,0.0
UserA,h08_wi11,Storage EE,0.54285
UserA,h08_wi11,Gas Boiler,0.0
UserA,h08_wi11,HP,0.0
UserA,h08_wi11,AC,0.0
UserA,h08_wi11,Storage HW,0.0
UserA,h08_wi11,Radiators,0.0
UserA,h08_wi11,Floor heating,0.0
UserA,h08_wi11,Induction stove,0.0
UserA,h08_wi11,Gas stove,0.0
UserA,h08_wi11,Gas National Grid,0.0
UserA,h09_wi11,PV sys,0.0
UserA,h09_wi11,National Grid EE,0.0
UserA,h09_wi11,Storage EE,0.4039868833333332
UserA,h09_wi11,Gas Boiler,0.0
UserA,h09_wi11,HP,0.0
UserA,h09_wi11,AC,0.0
UserA,h09_wi11,Storage HW,0.0
UserA,h09_wi11,Radiators,0.0
UserA,h09_wi11,Floor heating,0.0
UserA,h09_wi11,Induction stove,0.0
UserA,h09_wi11,Gas stove,0.0
UserA,h09_wi11,Gas National Grid,0.0
UserA,h10_wi11,PV sys,0.0
UserA,h10_wi11,National Grid EE,0.0
UserA,h10_wi11,Storage EE,0.6137551833333345
UserA,h10_wi11,Gas Boiler,0.0
UserA,h10_wi11,HP,0.0
UserA,h10_wi11,AC,0.0
UserA,h10_wi11,Storage HW,0.0
UserA,h10_wi11,Radiators,0.0
UserA,h10_wi11,Floor heating,0.0
UserA,h10_wi11,Induction stove,0.0
UserA,h10_wi11,Gas stove,0.0
UserA,h10_wi11,Gas National Grid,0.0
UserA,h11_wi11,PV sys,0.0
UserA,h11_wi11,National Grid EE,0.0
UserA,h11_wi11,Storage EE,0.6327695666666677
UserA,h11_wi11,Gas Boiler,0.0
UserA,h11_wi11,HP,0.0
UserA,h11_wi11,AC,0.0
UserA,h11_wi11,Storage HW,0.0
UserA,h11_wi11,Radiators,0.0
UserA,h11_wi11,Floor heating,0.0
UserA,h11_wi11,Induction stove,0.0
UserA,h11_wi11,Gas stove,0.0
UserA,h11_wi11,Gas National Grid,0.0
UserA,h12_wi11,PV sys,0.0
UserA,h12_wi11,National Grid EE,0.0
UserA,h12_wi11,Storage EE,0.7487718666666675
UserA,h12_wi11,Gas Boiler,0.0
UserA,h12_wi11,HP,0.0
UserA,h12_wi11,AC,0.0
UserA,h12_wi11,Storage HW,0.0
UserA,h12_wi11,Radiators,0.0
UserA,h12_wi11,Floor heating,0.0
UserA,h12_wi11,Induction stove,0.0
UserA,h12_wi11,Gas stove,0.0
UserA,h12_wi11,Gas National Grid,0.0
UserA,h13_wi11,PV sys,0.0
UserA,h13_wi11,National Grid EE,0.0
UserA,h13_wi11,Storage EE,0.9514562166666672
UserA,h13_wi11,Gas Boiler,0.0
UserA,h13_wi11,HP,0.0
UserA,h13_wi11,AC,0.0
UserA,h13_wi11,Storage HW,0.0
UserA,h13_wi11,Radiators,0.0
UserA,h13_wi11,Floor heating,0.0
UserA,h13_wi11,Induction stove,0.0
UserA,h13_wi11,Gas stove,0.0
UserA,h13_wi11,Gas National Grid,0.0
UserA,h14_wi11,PV sys,0.0
UserA,h14_wi11,National Grid EE,0.0
UserA,h14_wi11,Storage EE,1.2721639333333337
UserA,h14_wi11,Gas Boiler,0.0
UserA,h14_wi11,HP,0.0
UserA,h14_wi11,AC,0.0
UserA,h14_wi11,Storage HW,0.0
UserA,h14_wi11,Radiators,0.0
UserA,h14_wi11,Floor heating,0.0
UserA,h14_wi11,Induction stove,0.0
UserA,h14_wi11,Gas stove,0.0
UserA,h14_wi11,Gas National Grid,0.0
UserA,h15_wi11,PV sys,0.0
UserA,h15_wi11,National Grid EE,0.0
UserA,h15_wi11,Storage EE,1.5051136333333335
UserA,h15_wi11,Gas Boiler,0.0
UserA,h15_wi11,HP,0.0
UserA,h15_wi11,AC,0.0
UserA,h15_wi11,Storage HW,0.0
UserA,h15_wi11,Radiators,0.0
UserA,h15_wi11,Floor heating,0.0
UserA,h15_wi11,Induction stove,0.0
UserA,h15_wi11,Gas stove,0.0
UserA,h15_wi11,Gas National Grid,0.0
UserA,h16_wi11,PV sys,0.0
UserA,h16_wi11,National Grid EE,0.0
UserA,h16_wi11,Storage EE,1.4944002666666671
UserA,h16_wi11,Gas Boiler,0.0
UserA,h16_wi11,HP,0.0
UserA,h16_wi11,AC,0.0
UserA,h16_wi11,Storage HW,0.0
UserA,h16_wi11,Radiators,0.0
UserA,h16_wi11,Floor heating,0.0
UserA,h16_wi11,Induction stove,0.0
UserA,h16_wi11,Gas stove,0.0
UserA,h16_wi11,Gas National Grid,0.0
UserA,h17_wi11,PV sys,0.0
UserA,h17_wi11,National Grid EE,0.0
UserA,h17_wi11,Storage EE,1.4944002666666671
UserA,h17_wi11,Gas Boiler,0.0
UserA,h17_wi11,HP,0.0
UserA,h17_wi11,AC,0.0
UserA,h17_wi11,Storage HW,0.0
UserA,h17_wi11,Radiators,0.0
UserA,h17_wi11,Floor heating,0.0
UserA,h17_wi11,Induction stove,0.0
UserA,h17_wi11,Gas stove,0.0
UserA,h17_wi11,Gas National Grid,0.0
UserA,h18_wi11,PV sys,0.0
UserA,h18_wi11,National Grid EE,0.0
UserA,h18_wi11,Storage EE,1.4944002666666671
UserA,h18_wi11,Gas Boiler,0.0
UserA,h18_wi11,HP,0.0
UserA,h18_wi11,AC,0.0
UserA,h18_wi11,Storage HW,0.0
UserA,h18_wi11,Radiators,0.0
UserA,h18_wi11,Floor heating,0.0
UserA,h18_wi11,Induction stove,0.0
UserA,h18_wi11,Gas stove,0.0
UserA,h18_wi11,Gas National Grid,0.0
UserA,h19_wi11,PV sys,0.0
UserA,h19_wi11,National Grid EE,0.0
UserA,h19_wi11,Storage EE,1.4944002666666671
UserA,h19_wi11,Gas Boiler,0.0
UserA,h19_wi11,HP,0.0
UserA,h19_wi11,AC,0.0
UserA,h19_wi11,Storage HW,0.0
UserA,h19_wi11,Radiators,0.0
UserA,h19_wi11,Floor heating,0.0
UserA,h19_wi11,Induction stove,0.0
UserA,h19_wi11,Gas stove,0.0
UserA,h19_wi11,Gas National Grid,0.0
UserA,h20_wi11,PV sys,0.0
UserA,h20_wi11,National Grid EE,0.0
UserA,h20_wi11,Storage EE,1.4944002666666671
UserA,h20_wi11,Gas Boiler,0.0
UserA,h20_wi11,HP,0.0
UserA,h20_wi11,AC,0.0
UserA,h20_wi11,Storage HW,0.0
UserA,h20_wi11,Radiators,0.0
UserA,h20_wi11,Floor heating,0.0
UserA,h20_wi11,Induction stove,0.0
UserA,h20_wi11,Gas stove,0.0
UserA,h20_wi11,Gas National Grid,0.0
UserA,h21_wi11,PV sys,0.0
UserA,h21_wi11,National Grid EE,0.0
UserA,h21_wi11,Storage EE,1.4944002666666671
UserA,h21_wi11,Gas Boiler,0.0
UserA,h21_wi11,HP,0.0
UserA,h21_wi11,AC,0.0
UserA,h21_wi11,Storage HW,0.0
UserA,h21_wi11,Radiators,0.0
UserA,h21_wi11,Floor heating,0.0
UserA,h21_wi11,Induction stove,0.0
UserA,h21_wi11,Gas stove,0.0
UserA,h21_wi11,Gas National Grid,0.0
UserA,h22_wi11,PV sys,0.0
UserA,h22_wi11,National Grid EE,0.0
UserA,h22_wi11,Storage EE,1.4944002666666671
UserA,h22_wi11,Gas Boiler,0.0
UserA,h22_wi11,HP,0.0
UserA,h22_wi11,AC,0.0
UserA,h22_wi11,Storage HW,0.0
UserA,h22_wi11,Radiators,0.0
UserA,h22_wi11,Floor heating,0.0
UserA,h22_wi11,Induction stove,0.0
UserA,h22_wi11,Gas stove,0.0
UserA,h22_wi11,Gas National Grid,0.0
UserA,h23_wi11,PV sys,0.0
UserA,h23_wi11,National Grid EE,0.0
UserA,h23_wi11,Storage EE,1.4944002666666671
UserA,h23_wi11,Gas Boiler,0.0
UserA,h23_wi11,HP,0.0
UserA,h23_wi11,AC,0.0
UserA,h23_wi11,Storage HW,0.0
UserA,h23_wi11,Radiators,0.0
UserA,h23_wi11,Floor heating,0.0
UserA,h23_wi11,Induction stove,0.0
UserA,h23_wi11,Gas stove,0.0
UserA,h23_wi11,Gas National Grid,0.0
UserA,h24_wi11,PV sys,0.0
UserA,h24_wi11,National Grid EE,0.0
UserA,h24_wi11,Storage EE,1.4944002666666671
UserA,h24_wi11,Gas Boiler,0.0
UserA,h24_wi11,HP,0.0
UserA,h24_wi11,AC,0.0
UserA,h24_wi11,Storage HW,0.0
UserA,h24_wi11,Radiators,0.0
UserA,h24_wi11,Floor heating,0.0
UserA,h24_wi11,Induction stove,0.0
UserA,h24_wi11,Gas stove,0.0
UserA,h24_wi11,Gas National Grid,0.0
UserA,h01_wi12,PV sys,0.0
UserA,h01_wi12,National Grid EE,0.0
UserA,h01_wi12,Storage EE,1.350685783333334
UserA,h01_wi12,Gas Boiler,0.0
UserA,h01_wi12,HP,0.0
UserA,h01_wi12,AC,0.0
UserA,h01_wi12,Storage HW,0.0
UserA,h01_wi12,Radiators,0.0
UserA,h01_wi12,Floor heating,0.0
UserA,h01_wi12,Induction stove,0.0
UserA,h01_wi12,Gas stove,0.0
UserA,h01_wi12,Gas National Grid,0.0
UserA,h02_wi12,PV sys,0.0
UserA,h02_wi12,National Grid EE,0.0
UserA,h02_wi12,Storage EE,1.199502066666667
UserA,h02_wi12,Gas Boiler,0.0
UserA,h02_wi12,HP,0.0
UserA,h02_wi12,AC,0.0
UserA,h02_wi12,Storage HW,0.0
UserA,h02_wi12,Radiators,0.0
UserA,h02_wi12,Floor heating,0.0
UserA,h02_wi12,Induction stove,0.0
UserA,h02_wi12,Gas stove,0.0
UserA,h02_wi12,Gas National Grid,0.0
UserA,h03_wi12,PV sys,0.0
UserA,h03_wi12,National Grid EE,0.0
UserA,h03_wi12,Storage EE,1.0465020666666671
UserA,h03_wi12,Gas Boiler,0.0
UserA,h03_wi12,HP,0.0
UserA,h03_wi12,AC,0.0
UserA,h03_wi12,Storage HW,0.0
UserA,h03_wi12,Radiators,0.0
UserA,h03_wi12,Floor heating,0.0
UserA,h03_wi12,Induction stove,0.0
UserA,h03_wi12,Gas stove,0.0
UserA,h03_wi12,Gas National Grid,0.0
UserA,h04_wi12,PV sys,0.0
UserA,h04_wi12,National Grid EE,0.0
UserA,h04_wi12,Storage EE,0.9286851833333338
UserA,h04_wi12,Gas Boiler,0.0
UserA,h04_wi12,HP,0.0
UserA,h04_wi12,AC,0.0
UserA,h04_wi12,Storage HW,0.0
UserA,h04_wi12,Radiators,0.0
UserA,h04_wi12,Floor heating,0.0
UserA,h04_wi12,Induction stove,0.0
UserA,h04_wi12,Gas stove,0.0
UserA,h04_wi12,Gas National Grid,0.0
UserA,h05_wi12,PV sys,0.0
UserA,h05_wi12,National Grid EE,0.0
UserA,h05_wi12,Storage EE,0.7528017500000004
UserA,h05_wi12,Gas Boiler,0.0
UserA,h05_wi12,HP,0.0
UserA,h05_wi12,AC,0.0
UserA,h05_wi12,Storage HW,0.0
UserA,h05_wi12,Radiators,0.0
UserA,h05_wi12,Floor heating,0.0
UserA,h05_wi12,Induction stove,0.0
UserA,h05_wi12,Gas stove,0.0
UserA,h05_wi12,Gas National Grid,0.0
UserA,h06_wi12,PV sys,0.0
UserA,h06_wi12,National Grid EE,0.0
UserA,h06_wi12,Storage EE,0.5803017500000005
UserA,h06_wi12,Gas Boiler,0.0
UserA,h06_wi12,HP,0.0
UserA,h06_wi12,AC,0.0
UserA,h06_wi12,Storage HW,0.0
UserA,h06_wi12,Radiators,0.0
UserA,h06_wi12,Floor heating,0.0
UserA,h06_wi12,Induction stove,0.0
UserA,h06_wi12,Gas stove,0.0
UserA,h06_wi12,Gas National Grid,0.0
UserA,h07_wi12,PV sys,0.0
UserA,h07_wi12,National Grid EE,0.0
UserA,h07_wi12,Storage EE,0.35405130000000024
UserA,h07_wi12,Gas Boiler,0.0
UserA,h07_wi12,HP,0.0
UserA,h07_wi12,AC,0.0
UserA,h07_wi12,Storage HW,0.0
UserA,h07_wi12,Radiators,0.0
UserA,h07_wi12,Floor heating,0.0
UserA,h07_wi12,Induction stove,0.0
UserA,h07_wi12,Gas stove,0.0
UserA,h07_wi12,Gas National Grid,0.0
UserA,h08_wi12,PV sys,0.0
UserA,h08_wi12,National Grid EE,0.0
UserA,h08_wi12,Storage EE,0.30000000000000004
UserA,h08_wi12,Gas Boiler,0.0
UserA,h08_wi12,HP,0.0
UserA,h08_wi12,AC,0.0
UserA,h08_wi12,Storage HW,0.0
UserA,h08_wi12,Radiators,0.0
UserA,h08_wi12,Floor heating,0.0
UserA,h08_wi12,Induction stove,0.0
UserA,h08_wi12,Gas stove,0.0
UserA,h08_wi12,Gas National Grid,0.0
UserA,h09_wi12,PV sys,0.0
UserA,h09_wi12,National Grid EE,0.0
UserA,h09_wi12,Storage EE,0.6555676499999996
UserA,h09_wi12,Gas Boiler,0.0
UserA,h09_wi12,HP,0.0
UserA,h09_wi12,AC,0.0
UserA,h09_wi12,Storage HW,0.0
UserA,h09_wi12,Radiators,0.0
UserA,h09_wi12,Floor heating,0.0
UserA,h09_wi12,Induction stove,0.0
UserA,h09_wi12,Gas stove,0.0
UserA,h09_wi12,Gas National Grid,0.0
UserA,h10_wi12,PV sys,0.0
UserA,h10_wi12,National Grid EE,0.0
UserA,h10_wi12,Storage EE,1.517851799999999
UserA,h10_wi12,Gas Boiler,0.0
UserA,h10_wi12,HP,0.0
UserA,h10_wi12,AC,0.0
UserA,h10_wi12,Storage HW,0.0
UserA,h10_wi12,Radiators,0.0
UserA,h10_wi12,Floor heating,0.0
UserA,h10_wi12,Induction stove,0.0
UserA,h10_wi12,Gas stove,0.0
UserA,h10_wi12,Gas National Grid,0.0
UserA,h11_wi12,PV sys,0.0
UserA,h11_wi12,National Grid EE,0.0
UserA,h11_wi12,Storage EE,0.30000000000000004
UserA,h11_wi12,Gas Boiler,0.0
UserA,h11_wi12,HP,0.0
UserA,h11_wi12,AC,0.0
UserA,h11_wi12,Storage HW,0.0
UserA,h11_wi12,Radiators,0.0
UserA,h11_wi12,Floor heating,0.0
UserA,h11_wi12,Induction stove,0.0
UserA,h11_wi12,Gas stove,0.0
UserA,h11_wi12,Gas National Grid,0.0
UserA,h12_wi12,PV sys,0.0
UserA,h12_wi12,National Grid EE,0.0
UserA,h12_wi12,Storage EE,1.6228553833333337
UserA,h12_wi12,Gas Boiler,0.0
UserA,h12_wi12,HP,0.0
UserA,h12_wi12,AC,0.0
UserA,h12_wi12,Storage HW,0.0
UserA,h12_wi12,Radiators,0.0
UserA,h12_wi12,Floor heating,0.0
UserA,h12_wi12,Induction stove,0.0
UserA,h12_wi12,Gas stove,0.0
UserA,h12_wi12,Gas National Grid,0.0
UserA,h13_wi12,PV sys,0.0
UserA,h13_wi12,National Grid EE,0.0
UserA,h13_wi12,Storage EE,2.849999999999997
UserA,h13_wi12,Gas Boiler,0.0
UserA,h13_wi12,HP,0.0
UserA,h13_wi12,AC,0.0
UserA,h13_wi12,Storage HW,0.0
UserA,h13_wi12,Radiators,0.0
UserA,h13_wi12,Floor heating,0.0
UserA,h13_wi12,Induction stove,0.0
UserA,h13_wi12,Gas stove,0.0
UserA,h13_wi12,Gas National Grid,0.0
UserA,h14_wi12,PV sys,0.0
UserA,h14_wi12,National Grid EE,0.0
UserA,h14_wi12,Storage EE,2.8499999999999996
UserA,h14_wi12,Gas Boiler,0.0
UserA,h14_wi12,HP,0.0
UserA,h14_wi12,AC,0.0
UserA,h14_wi12,Storage HW,0.0
UserA,h14_wi12,Radiators,0.0
UserA,h14_wi12,Floor heating,0.0
UserA,h14_wi12,Induction stove,0.0
UserA,h14_wi12,Gas stove,0.0
UserA,h14_wi12,Gas National Grid,0.0
UserA,h15_wi12,PV sys,0.0
UserA,h15_wi12,National Grid EE,0.0
UserA,h15_wi12,Storage EE,2.20727
UserA,h15_wi12,Gas Boiler,0.0
UserA,h15_wi12,HP,0.0
UserA,h15_wi12,AC,0.0
UserA,h15_wi12,Storage HW,0.0
UserA,h15_wi12,Radiators,0.0
UserA,h15_wi12,Floor heating,0.0
UserA,h15_wi12,Induction stove,0.0
UserA,h15_wi12,Gas stove,0.0
UserA,h15_wi12,Gas National Grid,0.0
UserA,h16_wi12,PV sys,0.0
UserA,h16_wi12,National Grid EE,0.0
UserA,h16_wi12,Storage EE,2.76927
UserA,h16_wi12,Gas Boiler,0.0
UserA,h16_wi12,HP,0.0
UserA,h16_wi12,AC,0.0
UserA,h16_wi12,Storage HW,0.0
UserA,h16_wi12,Radiators,0.0
UserA,h16_wi12,Floor heating,0.0
UserA,h16_wi12,Induction stove,0.0
UserA,h16_wi12,Gas stove,0.0
UserA,h16_wi12,Gas National Grid,0.0
UserA,h17_wi12,PV sys,0.0
UserA,h17_wi12,National Grid EE,0.0
UserA,h17_wi12,Storage EE,2.8499999999999996
UserA,h17_wi12,Gas Boiler,0.0
UserA,h17_wi12,HP,0.0
UserA,h17_wi12,AC,0.0
UserA,h17_wi12,Storage HW,0.0
UserA,h17_wi12,Radiators,0.0
UserA,h17_wi12,Floor heating,0.0
UserA,h17_wi12,Induction stove,0.0
UserA,h17_wi12,Gas stove,0.0
UserA,h17_wi12,Gas National Grid,0.0
UserA,h18_wi12,PV sys,0.0
UserA,h18_wi12,National Grid EE,0.0
UserA,h18_wi12,Storage EE,2.85
UserA,h18_wi12,Gas Boiler,0.0
UserA,h18_wi12,HP,0.0
UserA,h18_wi12,AC,0.0
UserA,h18_wi12,Storage HW,0.0
UserA,h18_wi12,Radiators,0.0
UserA,h18_wi12,Floor heating,0.0
UserA,h18_wi12,Induction stove,0.0
UserA,h18_wi12,Gas stove,0.0
UserA,h18_wi12,Gas National Grid,0.0
UserA,h19_wi12,PV sys,0.0
UserA,h19_wi12,National Grid EE,0.0
UserA,h19_wi12,Storage EE,2.85
UserA,h19_wi12,Gas Boiler,0.0
UserA,h19_wi12,HP,0.0
UserA,h19_wi12,AC,0.0
UserA,h19_wi12,Storage HW,0.0
UserA,h19_wi12,Radiators,0.0
UserA,h19_wi12,Floor heating,0.0
UserA,h19_wi12,Induction stove,0.0
UserA,h19_wi12,Gas stove,0.0
UserA,h19_wi12,Gas National Grid,0.0
UserA,h20_wi12,PV sys,0.0
UserA,h20_wi12,National Grid EE,0.0
UserA,h20_wi12,Storage EE,2.85
UserA,h20_wi12,Gas Boiler,0.0
UserA,h20_wi12,HP,0.0
UserA,h20_wi12,AC,0.0
UserA,h20_wi12,Storage HW,0.0
UserA,h20_wi12,Radiators,0.0
UserA,h20_wi12,Floor heating,0.0
UserA,h20_wi12,Induction stove,0.0
UserA,h20_wi12,Gas stove,0.0
UserA,h20_wi12,Gas National Grid,0.0
UserA,h21_wi12,PV sys,0.0
UserA,h21_wi12,National Grid EE,0.0
UserA,h21_wi12,Storage EE,2.5044711
UserA,h21_wi12,Gas Boiler,0.0
UserA,h21_wi12,HP,0.0
UserA,h21_wi12,AC,0.0
UserA,h21_wi12,Storage HW,0.0
UserA,h21_wi12,Radiators,0.0
UserA,h21_wi12,Floor heating,0.0
UserA,h21_wi12,Induction stove,0.0
UserA,h21_wi12,Gas stove,0.0
UserA,h21_wi12,Gas National Grid,0.0
UserA,h22_wi12,PV sys,0.0
UserA,h22_wi12,National Grid EE,0.0
UserA,h22_wi12,Storage EE,2.5044711
UserA,h22_wi12,Gas Boiler,0.0
UserA,h22_wi12,HP,0.0
UserA,h22_wi12,AC,0.0
UserA,h22_wi12,Storage HW,0.0
UserA,h22_wi12,Radiators,0.0
UserA,h22_wi12,Floor heating,0.0
UserA,h22_wi12,Induction stove,0.0
UserA,h22_wi12,Gas stove,0.0
UserA,h22_wi12,Gas National Grid,0.0
UserA,h23_wi12,PV sys,0.0
UserA,h23_wi12,National Grid EE,0.0
UserA,h23_wi12,Storage EE,2.362788450000001
UserA,h23_wi12,Gas Boiler,0.0
UserA,h23_wi12,HP,0.0
UserA,h23_wi12,AC,0.0
UserA,h23_wi12,Storage HW,0.0
UserA,h23_wi12,Radiators,0.0
UserA,h23_wi12,Floor heating,0.0
UserA,h23_wi12,Induction stove,0.0
UserA,h23_wi12,Gas stove,0.0
UserA,h23_wi12,Gas National Grid,0.0
UserA,h24_wi12,PV sys,0.0
UserA,h24_wi12,National Grid EE,0.0
UserA,h24_wi12,Storage EE,2.0999688333333335
UserA,h24_wi12,Gas Boiler,0.0
UserA,h24_wi12,HP,0.0
UserA,h24_wi12,AC,0.0
UserA,h24_wi12,Storage HW,0.0
UserA,h24_wi12,Radiators,0.0
UserA,h24_wi12,Floor heating,0.0
UserA,h24_wi12,Induction stove,0.0
UserA,h24_wi12,Gas stove,0.0
UserA,h24_wi12,Gas National Grid,0.0
UserA,h01_wi13,PV sys,0.0
UserA,h01_wi13,National Grid EE,0.0
UserA,h01_wi13,Storage EE,1.9268888500000003
UserA,h01_wi13,Gas Boiler,0.0
UserA,h01_wi13,HP,0.0
UserA,h01_wi13,AC,0.0
UserA,h01_wi13,Storage HW,0.0
UserA,h01_wi13,Radiators,0.0
UserA,h01_wi13,Floor heating,0.0
UserA,h01_wi13,Induction stove,0.0
UserA,h01_wi13,Gas stove,0.0
UserA,h01_wi13,Gas National Grid,0.0
UserA,h02_wi13,PV sys,0.0
UserA,h02_wi13,National Grid EE,0.0
UserA,h02_wi13,Storage EE,1.7809387666666672
UserA,h02_wi13,Gas Boiler,0.0
UserA,h02_wi13,HP,0.0
UserA,h02_wi13,AC,0.0
UserA,h02_wi13,Storage HW,0.0
UserA,h02_wi13,Radiators,0.0
UserA,h02_wi13,Floor heating,0.0
UserA,h02_wi13,Induction stove,0.0
UserA,h02_wi13,Gas stove,0.0
UserA,h02_wi13,Gas National Grid,0.0
UserA,h03_wi13,PV sys,0.0
UserA,h03_wi13,National Grid EE,0.0
UserA,h03_wi13,Storage EE,1.6313554000000006
UserA,h03_wi13,Gas Boiler,0.0
UserA,h03_wi13,HP,0.0
UserA,h03_wi13,AC,0.0
UserA,h03_wi13,Storage HW,0.0
UserA,h03_wi13,Radiators,0.0
UserA,h03_wi13,Floor heating,0.0
UserA,h03_wi13,Induction stove,0.0
UserA,h03_wi13,Gas stove,0.0
UserA,h03_wi13,Gas National Grid,0.0
UserA,h04_wi13,PV sys,0.0
UserA,h04_wi13,National Grid EE,0.0
UserA,h04_wi13,Storage EE,1.5262387000000006
UserA,h04_wi13,Gas Boiler,0.0
UserA,h04_wi13,HP,0.0
UserA,h04_wi13,AC,0.0
UserA,h04_wi13,Storage HW,0.0
UserA,h04_wi13,Radiators,0.0
UserA,h04_wi13,Floor heating,0.0
UserA,h04_wi13,Induction stove,0.0
UserA,h04_wi13,Gas stove,0.0
UserA,h04_wi13,Gas National Grid,0.0
UserA,h05_wi13,PV sys,0.0
UserA,h05_wi13,National Grid EE,0.0
UserA,h05_wi13,Storage EE,1.350572016666667
UserA,h05_wi13,Gas Boiler,0.0
UserA,h05_wi13,HP,0.0
UserA,h05_wi13,AC,0.0
UserA,h05_wi13,Storage HW,0.0
UserA,h05_wi13,Radiators,0.0
UserA,h05_wi13,Floor heating,0.0
UserA,h05_wi13,Induction stove,0.0
UserA,h05_wi13,Gas stove,0.0
UserA,h05_wi13,Gas National Grid,0.0
UserA,h06_wi13,PV sys,0.0
UserA,h06_wi13,National Grid EE,0.0
UserA,h06_wi13,Storage EE,1.0839886500000004
UserA,h06_wi13,Gas Boiler,0.0
UserA,h06_wi13,HP,0.0
UserA,h06_wi13,AC,0.0
UserA,h06_wi13,Storage HW,0.0
UserA,h06_wi13,Radiators,0.0
UserA,h06_wi13,Floor heating,0.0
UserA,h06_wi13,Induction stove,0.0
UserA,h06_wi13,Gas stove,0.0
UserA,h06_wi13,Gas National Grid,0.0
UserA,h07_wi13,PV sys,0.0
UserA,h07_wi13,National Grid EE,0.0
UserA,h07_wi13,Storage EE,0.7343213833333336
UserA,h07_wi13,Gas Boiler,0.0
UserA,h07_wi13,HP,0.0
UserA,h07_wi13,AC,0.0
UserA,h07_wi13,Storage HW,0.0
UserA,h07_wi13,Radiators,0.0
UserA,h07_wi13,Floor heating,0.0
UserA,h07_wi13,Induction stove,0.0
UserA,h07_wi13,Gas stove,0.0
UserA,h07_wi13,Gas National Grid,0.0
UserA,h08_wi13,PV sys,0.0
UserA,h08_wi13,National Grid EE,0.0
UserA,h08_wi13,Storage EE,0.30000000000000004
UserA,h08_wi13,Gas Boiler,0.0
UserA,h08_wi13,HP,0.0
UserA,h08_wi13,AC,0.0
UserA,h08_wi13,Storage HW,0.0
UserA,h08_wi13,Radiators,0.0
UserA,h08_wi13,Floor heating,0.0
UserA,h08_wi13,Induction stove,0.0
UserA,h08_wi13,Gas stove,0.0
UserA,h08_wi13,Gas National Grid,0.0
UserA,h09_wi13,PV sys,0.0
UserA,h09_wi13,National Grid EE,0.0
UserA,h09_wi13,Storage EE,0.5384666999999996
UserA,h09_wi13,Gas Boiler,0.0
UserA,h09_wi13,HP,0.0
UserA,h09_wi13,AC,0.0
UserA,h09_wi13,Storage HW,0.0
UserA,h09_wi13,Radiators,0.0
UserA,h09_wi13,Floor heating,0.0
UserA,h09_wi13,Induction stove,0.0
UserA,h09_wi13,Gas stove,0.0
UserA,h09_wi13,Gas National Grid,0.0
UserA,h10_wi13,PV sys,0.0
UserA,h10_wi13,National Grid EE,0.0
UserA,h10_wi13,Storage EE,1.1604835499999995
UserA,h10_wi13,Gas Boiler,0.0
UserA,h10_wi13,HP,0.0
UserA,h10_wi13,AC,0.0
UserA,h10_wi13,Storage HW,0.0
UserA,h10_wi13,Radiators,0.0
UserA,h10_wi13,Floor heating,0.0
UserA,h10_wi13,Induction stove,0.0
UserA,h10_wi13,Gas stove,0.0
UserA,h10_wi13,Gas National Grid,0.0
UserA,h11_wi13,PV sys,0.0
UserA,h11_wi13,National Grid EE,0.0
UserA,h11_wi13,Storage EE,2.1101520652538053
UserA,h11_wi13,Gas Boiler,0.0
UserA,h11_wi13,HP,0.0
UserA,h11_wi13,AC,0.0
UserA,h11_wi13,Storage HW,0.0
UserA,h11_wi13,Radiators,0.0
UserA,h11_wi13,Floor heating,0.0
UserA,h11_wi13,Induction stove,0.0
UserA,h11_wi13,Gas stove,0.0
UserA,h11_wi13,Gas National Grid,0.0
UserA,h12_wi13,PV sys,0.0
UserA,h12_wi13,National Grid EE,0.0
UserA,h12_wi13,Storage EE,2.8499999999999996
UserA,h12_wi13,Gas Boiler,0.0
UserA,h12_wi13,HP,0.0
UserA,h12_wi13,AC,0.0
UserA,h12_wi13,Storage HW,0.0
UserA,h12_wi13,Radiators,0.0
UserA,h12_wi13,Floor heating,0.0
UserA,h12_wi13,Induction stove,0.0
UserA,h12_wi13,Gas stove,0.0
UserA,h12_wi13,Gas National Grid,0.0
UserA,h13_wi13,PV sys,0.0
UserA,h13_wi13,National Grid EE,0.0
UserA,h13_wi13,Storage EE,2.8499999999999996
UserA,h13_wi13,Gas Boiler,0.0
UserA,h13_wi13,HP,0.0
UserA,h13_wi13,AC,0.0
UserA,h13_wi13,Storage HW,0.0
UserA,h13_wi13,Radiators,0.0
UserA,h13_wi13,Floor heating,0.0
UserA,h13_wi13,Induction stove,0.0
UserA,h13_wi13,Gas stove,0.0
UserA,h13_wi13,Gas National Grid,0.0
UserA,h14_wi13,PV sys,0.0
UserA,h14_wi13,National Grid EE,0.0
UserA,h14_wi13,Storage EE,2.1889141999999997
UserA,h14_wi13,Gas Boiler,0.0
UserA,h14_wi13,HP,0.0
UserA,h14_wi13,AC,0.0
UserA,h14_wi13,Storage HW,0.0
UserA,h14_wi13,Radiators,0.0
UserA,h14_wi13,Floor heating,0.0
UserA,h14_wi13,Induction stove,0.0
UserA,h14_wi13,Gas stove,0.0
UserA,h14_wi13,Gas National Grid,0.0
UserA,h15_wi13,PV sys,0.0
UserA,h15_wi13,National Grid EE,0.0
UserA,h15_wi13,Storage EE,2.7295966833333334
UserA,h15_wi13,Gas Boiler,0.0
UserA,h15_wi13,HP,0.0
UserA,h15_wi13,AC,0.0
UserA,h15_wi13,Storage HW,0.0
UserA,h15_wi13,Radiators,0.0
UserA,h15_wi13,Floor heating,0.0
UserA,h15_wi13,Induction stove,0.0
UserA,h15_wi13,Gas stove,0.0
UserA,h15_wi13,Gas National Grid,0.0
UserA,h16_wi13,PV sys,0.0
UserA,h16_wi13,National Grid EE,0.0
UserA,h16_wi13,Storage EE,2.85
UserA,h16_wi13,Gas Boiler,0.0
UserA,h16_wi13,HP,0.0
UserA,h16_wi13,AC,0.0
UserA,h16_wi13,Storage HW,0.0
UserA,h16_wi13,Radiators,0.0
UserA,h16_wi13,Floor heating,0.0
UserA,h16_wi13,Induction stove,0.0
UserA,h16_wi13,Gas stove,0.0
UserA,h16_wi13,Gas National Grid,0.0
UserA,h17_wi13,PV sys,0.0
UserA,h17_wi13,National Grid EE,0.0
UserA,h17_wi13,Storage EE,2.85
UserA,h17_wi13,Gas Boiler,0.0
UserA,h17_wi13,HP,0.0
UserA,h17_wi13,AC,0.0
UserA,h17_wi13,Storage HW,0.0
UserA,h17_wi13,Radiators,0.0
UserA,h17_wi13,Floor heating,0.0
UserA,h17_wi13,Induction stove,0.0
UserA,h17_wi13,Gas stove,0.0
UserA,h17_wi13,Gas National Grid,0.0
UserA,h18_wi13,PV sys,0.0
UserA,h18_wi13,National Grid EE,0.0
UserA,h18_wi13,Storage EE,2.85
UserA,h18_wi13,Gas Boiler,0.0
UserA,h18_wi13,HP,0.0
UserA,h18_wi13,AC,0.0
UserA,h18_wi13,Storage HW,0.0
UserA,h18_wi13,Radiators,0.0
UserA,h18_wi13,Floor heating,0.0
UserA,h18_wi13,Induction stove,0.0
UserA,h18_wi13,Gas stove,0.0
UserA,h18_wi13,Gas National Grid,0.0
UserA,h19_wi13,PV sys,0.0
UserA,h19_wi13,National Grid EE,0.0
UserA,h19_wi13,Storage EE,2.85
UserA,h19_wi13,Gas Boiler,0.0
UserA,h19_wi13,HP,0.0
UserA,h19_wi13,AC,0.0
UserA,h19_wi13,Storage HW,0.0
UserA,h19_wi13,Radiators,0.0
UserA,h19_wi13,Floor heating,0.0
UserA,h19_wi13,Induction stove,0.0
UserA,h19_wi13,Gas stove,0.0
UserA,h19_wi13,Gas National Grid,0.0
UserA,h20_wi13,PV sys,0.0
UserA,h20_wi13,National Grid EE,0.0
UserA,h20_wi13,Storage EE,2.85
UserA,h20_wi13,Gas Boiler,0.0
UserA,h20_wi13,HP,0.0
UserA,h20_wi13,AC,0.0
UserA,h20_wi13,Storage HW,0.0
UserA,h20_wi13,Radiators,0.0
UserA,h20_wi13,Floor heating,0.0
UserA,h20_wi13,Induction stove,0.0
UserA,h20_wi13,Gas stove,0.0
UserA,h20_wi13,Gas National Grid,0.0
UserA,h21_wi13,PV sys,0.0
UserA,h21_wi13,National Grid EE,0.0
UserA,h21_wi13,Storage EE,2.85
UserA,h21_wi13,Gas Boiler,0.0
UserA,h21_wi13,HP,0.0
UserA,h21_wi13,AC,0.0
UserA,h21_wi13,Storage HW,0.0
UserA,h21_wi13,Radiators,0.0
UserA,h21_wi13,Floor heating,0.0
UserA,h21_wi13,Induction stove,0.0
UserA,h21_wi13,Gas stove,0.0
UserA,h21_wi13,Gas National Grid,0.0
UserA,h22_wi13,PV sys,0.0
UserA,h22_wi13,National Grid EE,0.0
UserA,h22_wi13,Storage EE,2.85
UserA,h22_wi13,Gas Boiler,0.0
UserA,h22_wi13,HP,0.0
UserA,h22_wi13,AC,0.0
UserA,h22_wi13,Storage HW,0.0
UserA,h22_wi13,Radiators,0.0
UserA,h22_wi13,Floor heating,0.0
UserA,h22_wi13,Induction stove,0.0
UserA,h22_wi13,Gas stove,0.0
UserA,h22_wi13,Gas National Grid,0.0
UserA,h23_wi13,PV sys,0.0
UserA,h23_wi13,National Grid EE,0.0
UserA,h23_wi13,Storage EE,2.8499999999999996
UserA,h23_wi13,Gas Boiler,0.0
UserA,h23_wi13,HP,0.0
UserA,h23_wi13,AC,0.0
UserA,h23_wi13,Storage HW,0.0
UserA,h23_wi13,Radiators,0.0
UserA,h23_wi13,Floor heating,0.0
UserA,h23_wi13,Induction stove,0.0
UserA,h23_wi13,Gas stove,0.0
UserA,h23_wi13,Gas National Grid,0.0
UserA,h24_wi13,PV sys,0.0
UserA,h24_wi13,National Grid EE,0.0
UserA,h24_wi13,Storage EE,2.85
UserA,h24_wi13,Gas Boiler,0.0
UserA,h24_wi13,HP,0.0
UserA,h24_wi13,AC,0.0
UserA,h24_wi13,Storage HW,0.0
UserA,h24_wi13,Radiators,0.0
UserA,h24_wi13,Floor heating,0.0
UserA,h24_wi13,Induction stove,0.0
UserA,h24_wi13,Gas stove,0.0
UserA,h24_wi13,Gas National Grid,0.0
UserA,h01_wi14,PV sys,0.0
UserA,h01_wi14,National Grid EE,0.0
UserA,h01_wi14,Storage EE,2.7352595
UserA,h01_wi14,Gas Boiler,0.0
UserA,h01_wi14,HP,0.0
UserA,h01_wi14,AC,0.0
UserA,h01_wi14,Storage HW,0.0
UserA,h01_wi14,Radiators,0.0
UserA,h01_wi14,Floor heating,0.0
UserA,h01_wi14,Induction stove,0.0
UserA,h01_wi14,Gas stove,0.0
UserA,h01_wi14,Gas National Grid,0.0
UserA,h02_wi14,PV sys,0.0
UserA,h02_wi14,National Grid EE,0.0
UserA,h02_wi14,Storage EE,2.6099820333333335
UserA,h02_wi14,Gas Boiler,0.0
UserA,h02_wi14,HP,0.0
UserA,h02_wi14,AC,0.0
UserA,h02_wi14,Storage HW,0.0
UserA,h02_wi14,Radiators,0.0
UserA,h02_wi14,Floor heating,0.0
UserA,h02_wi14,Induction stove,0.0
UserA,h02_wi14,Gas stove,0.0
UserA,h02_wi14,Gas National Grid,0.0
UserA,h03_wi14,PV sys,0.0
UserA,h03_wi14,National Grid EE,0.0
UserA,h03_wi14,Storage EE,2.6099820333333335
UserA,h03_wi14,Gas Boiler,0.0
UserA,h03_wi14,HP,0.0
UserA,h03_wi14,AC,0.0
UserA,h03_wi14,Storage HW,0.0
UserA,h03_wi14,Radiators,0.0
UserA,h03_wi14,Floor heating,0.0
UserA,h03_wi14,Induction stove,0.0
UserA,h03_wi14,Gas stove,0.0
UserA,h03_wi14,Gas National Grid,0.0
UserA,h04_wi14,PV sys,0.0
UserA,h04_wi14,National Grid EE,0.0
UserA,h04_wi14,Storage EE,2.521498466666667
UserA,h04_wi14,Gas Boiler,0.0
UserA,h04_wi14,HP,0.0
UserA,h04_wi14,AC,0.0
UserA,h04_wi14,Storage HW,0.0
UserA,h04_wi14,Radiators,0.0
UserA,h04_wi14,Floor heating,0.0
UserA,h04_wi14,Induction stove,0.0
UserA,h04_wi14,Gas stove,0.0
UserA,h04_wi14,Gas National Grid,0.0
UserA,h05_wi14,PV sys,0.0
UserA,h05_wi14,National Grid EE,0.0
UserA,h05_wi14,Storage EE,2.521498466666667
UserA,h05_wi14,Gas Boiler,0.0
UserA,h05_wi14,HP,0.0
UserA,h05_wi14,AC,0.0
UserA,h05_wi14,Storage HW,0.0
UserA,h05_wi14,Radiators,0.0
UserA,h05_wi14,Floor heating,0.0
UserA,h05_wi14,Induction stove,0.0
UserA,h05_wi14,Gas stove,0.0
UserA,h05_wi14,Gas National Grid,0.0
UserA,h06_wi14,PV sys,0.0
UserA,h06_wi14,National Grid EE,0.0
UserA,h06_wi14,Storage EE,2.521498466666667
UserA,h06_wi14,Gas Boiler,0.0
UserA,h06_wi14,HP,0.0
UserA,h06_wi14,AC,0.0
UserA,h06_wi14,Storage HW,0.0
UserA,h06_wi14,Radiators,0.0
UserA,h06_wi14,Floor heating,0.0
UserA,h06_wi14,Induction stove,0.0
UserA,h06_wi14,Gas stove,0.0
UserA,h06_wi14,Gas National Grid,0.0
UserA,h07_wi14,PV sys,0.0
UserA,h07_wi14,National Grid EE,0.0
UserA,h07_wi14,Storage EE,2.521498466666667
UserA,h07_wi14,Gas Boiler,0.0
UserA,h07_wi14,HP,0.0
UserA,h07_wi14,AC,0.0
UserA,h07_wi14,Storage HW,0.0
UserA,h07_wi14,Radiators,0.0
UserA,h07_wi14,Floor heating,0.0
UserA,h07_wi14,Induction stove,0.0
UserA,h07_wi14,Gas stove,0.0
UserA,h07_wi14,Gas National Grid,0.0
UserA,h08_wi14,PV sys,0.0
UserA,h08_wi14,National Grid EE,0.0
UserA,h08_wi14,Storage EE,2.521498466666667
UserA,h08_wi14,Gas Boiler,0.0
UserA,h08_wi14,HP,0.0
UserA,h08_wi14,AC,0.0
UserA,h08_wi14,Storage HW,0.0
UserA,h08_wi14,Radiators,0.0
UserA,h08_wi14,Floor heating,0.0
UserA,h08_wi14,Induction stove,0.0
UserA,h08_wi14,Gas stove,0.0
UserA,h08_wi14,Gas National Grid,0.0
UserA,h09_wi14,PV sys,0.0
UserA,h09_wi14,National Grid EE,0.0
UserA,h09_wi14,Storage EE,2.606898466666667
UserA,h09_wi14,Gas Boiler,0.0
UserA,h09_wi14,HP,0.0
UserA,h09_wi14,AC,0.0
UserA,h09_wi14,Storage HW,0.0
UserA,h09_wi14,Radiators,0.0
UserA,h09_wi14,Floor heating,0.0
UserA,h09_wi14,Induction stove,0.0
UserA,h09_wi14,Gas stove,0.0
UserA,h09_wi14,Gas National Grid,0.0
UserA,h10_wi14,PV sys,0.0
UserA,h10_wi14,National Grid EE,0.0
UserA,h10_wi14,Storage EE,2.710778466666667
UserA,h10_wi14,Gas Boiler,0.0
UserA,h10_wi14,HP,0.0
UserA,h10_wi14,AC,0.0
UserA,h10_wi14,Storage HW,0.0
UserA,h10_wi14,Radiators,0.0
UserA,h10_wi14,Floor heating,0.0
UserA,h10_wi14,Induction stove,0.0
UserA,h10_wi14,Gas stove,0.0
UserA,h10_wi14,Gas National Grid,0.0
UserA,h11_wi14,PV sys,0.0
UserA,h11_wi14,National Grid EE,0.0
UserA,h11_wi14,Storage EE,2.7275799999999997
UserA,h11_wi14,Gas Boiler,0.0
UserA,h11_wi14,HP,0.0
UserA,h11_wi14,AC,0.0
UserA,h11_wi14,Storage HW,0.0
UserA,h11_wi14,Radiators,0.0
UserA,h11_wi14,Floor heating,0.0
UserA,h11_wi14,Induction stove,0.0
UserA,h11_wi14,Gas stove,0.0
UserA,h11_wi14,Gas National Grid,0.0
UserA,h12_wi14,PV sys,0.0
UserA,h12_wi14,National Grid EE,0.0
UserA,h12_wi14,Storage EE,2.8499999999999996
UserA,h12_wi14,Gas Boiler,0.0
UserA,h12_wi14,HP,0.0
UserA,h12_wi14,AC,0.0
UserA,h12_wi14,Storage HW,0.0
UserA,h12_wi14,Radiators,0.0
UserA,h12_wi14,Floor heating,0.0
UserA,h12_wi14,Induction stove,0.0
UserA,h12_wi14,Gas stove,0.0
UserA,h12_wi14,Gas National Grid,0.0
UserA,h13_wi14,PV sys,0.0
UserA,h13_wi14,National Grid EE,0.0
UserA,h13_wi14,Storage EE,2.6713245166666657
UserA,h13_wi14,Gas Boiler,0.0
UserA,h13_wi14,HP,0.0
UserA,h13_wi14,AC,0.0
UserA,h13_wi14,Storage HW,0.0
UserA,h13_wi14,Radiators,0.0
UserA,h13_wi14,Floor heating,0.0
UserA,h13_wi14,Induction stove,0.0
UserA,h13_wi14,Gas stove,0.0
UserA,h13_wi14,Gas National Grid,0.0
UserA,h14_wi14,PV sys,0.0
UserA,h14_wi14,National Grid EE,0.0
UserA,h14_wi14,Storage EE,2.509742133333332
UserA,h14_wi14,Gas Boiler,0.0
UserA,h14_wi14,HP,0.0
UserA,h14_wi14,AC,0.0
UserA,h14_wi14,Storage HW,0.0
UserA,h14_wi14,Radiators,0.0
UserA,h14_wi14,Floor heating,0.0
UserA,h14_wi14,Induction stove,0.0
UserA,h14_wi14,Gas stove,0.0
UserA,h14_wi14,Gas National Grid,0.0
UserA,h15_wi14,PV sys,0.0
UserA,h15_wi14,National Grid EE,0.0
UserA,h15_wi14,Storage EE,2.3293750999999987
UserA,h15_wi14,Gas Boiler,0.0
UserA,h15_wi14,HP,0.0
UserA,h15_wi14,AC,0.0
UserA,h15_wi14,Storage HW,0.0
UserA,h15_wi14,Radiators,0.0
UserA,h15_wi14,Floor heating,0.0
UserA,h15_wi14,Induction stove,0.0
UserA,h15_wi14,Gas stove,0.0
UserA,h15_wi14,Gas National Grid,0.0
UserA,h16_wi14,PV sys,0.0
UserA,h16_wi14,National Grid EE,0.0
UserA,h16_wi14,Storage EE,2.103195099999999
UserA,h16_wi14,Gas Boiler,0.0
UserA,h16_wi14,HP,0.0
UserA,h16_wi14,AC,0.0
UserA,h16_wi14,Storage HW,0.0
UserA,h16_wi14,Radiators,0.0
UserA,h16_wi14,Floor heating,0.0
UserA,h16_wi14,Induction stove,0.0
UserA,h16_wi14,Gas stove,0.0
UserA,h16_wi14,Gas National Grid,0.0
UserA,h17_wi14,PV sys,0.0
UserA,h17_wi14,National Grid EE,0.0
UserA,h17_wi14,Storage EE,2.103195099999999
UserA,h17_wi14,Gas Boiler,0.0
UserA,h17_wi14,HP,0.0
UserA,h17_wi14,AC,0.0
UserA,h17_wi14,Storage HW,0.0
UserA,h17_wi14,Radiators,0.0
UserA,h17_wi14,Floor heating,0.0
UserA,h17_wi14,Induction stove,0.0
UserA,h17_wi14,Gas stove,0.0
UserA,h17_wi14,Gas National Grid,0.0
UserA,h18_wi14,PV sys,0.0
UserA,h18_wi14,National Grid EE,0.0
UserA,h18_wi14,Storage EE,1.836527533333332
UserA,h18_wi14,Gas Boiler,0.0
UserA,h18_wi14,HP,0.0
UserA,h18_wi14,AC,0.0
UserA,h18_wi14,Storage HW,0.0
UserA,h18_wi14,Radiators,0.0
UserA,h18_wi14,Floor heating,0.0
UserA,h18_wi14,Induction stove,0.0
UserA,h18_wi14,Gas stove,0.0
UserA,h18_wi14,Gas National Grid,0.0
UserA,h19_wi14,PV sys,0.0
UserA,h19_wi14,National Grid EE,0.0
UserA,h19_wi14,Storage EE,1.3976242166666648
UserA,h19_wi14,Gas Boiler,0.0
UserA,h19_wi14,HP,0.0
UserA,h19_wi14,AC,0.0
UserA,h19_wi14,Storage HW,0.0
UserA,h19_wi14,Radiators,0.0
UserA,h19_wi14,Floor heating,0.0
UserA,h19_wi14,Induction stove,0.0
UserA,h19_wi14,Gas stove,0.0
UserA,h19_wi14,Gas National Grid,0.0
UserA,h20_wi14,PV sys,0.0
UserA,h20_wi14,National Grid EE,0.0
UserA,h20_wi14,Storage EE,0.7517160833333332
UserA,h20_wi14,Gas Boiler,0.0
UserA,h20_wi14,HP,0.0
UserA,h20_wi14,AC,0.0
UserA,h20_wi14,Storage HW,0.0
UserA,h20_wi14,Radiators,0.0
UserA,h20_wi14,Floor heating,0.0
UserA,h20_wi14,Induction stove,0.0
UserA,h20_wi14,Gas stove,0.0
UserA,h20_wi14,Gas National Grid,0.0
UserA,h21_wi14,PV sys,0.0
UserA,h21_wi14,National Grid EE,0.0
UserA,h21_wi14,Storage EE,0.3
UserA,h21_wi14,Gas Boiler,0.0
UserA,h21_wi14,HP,0.0
UserA,h21_wi14,AC,0.0
UserA,h21_wi14,Storage HW,0.0
UserA,h21_wi14,Radiators,0.0
UserA,h21_wi14,Floor heating,0.0
UserA,h21_wi14,Induction stove,0.0
UserA,h21_wi14,Gas stove,0.0
UserA,h21_wi14,Gas National Grid,0.0
UserA,h22_wi14,PV sys,0.0
UserA,h22_wi14,National Grid EE,0.0
UserA,h22_wi14,Storage EE,0.3
UserA,h22_wi14,Gas Boiler,0.0
UserA,h22_wi14,HP,0.0
UserA,h22_wi14,AC,0.0
UserA,h22_wi14,Storage HW,0.0
UserA,h22_wi14,Radiators,0.0
UserA,h22_wi14,Floor heating,0.0
UserA,h22_wi14,Induction stove,0.0
UserA,h22_wi14,Gas stove,0.0
UserA,h22_wi14,Gas National Grid,0.0
UserA,h23_wi14,PV sys,0.0
UserA,h23_wi14,National Grid EE,0.0
UserA,h23_wi14,Storage EE,0.3
UserA,h23_wi14,Gas Boiler,0.0
UserA,h23_wi14,HP,0.0
UserA,h23_wi14,AC,0.0
UserA,h23_wi14,Storage HW,0.0
UserA,h23_wi14,Radiators,0.0
UserA,h23_wi14,Floor heating,0.0
UserA,h23_wi14,Induction stove,0.0
UserA,h23_wi14,Gas stove,0.0
UserA,h23_wi14,Gas National Grid,0.0
UserA,h24_wi14,PV sys,0.0
UserA,h24_wi14,National Grid EE,0.0
UserA,h24_wi14,Storage EE,0.30000000000000004
UserA,h24_wi14,Gas Boiler,0.0
UserA,h24_wi14,HP,0.0
UserA,h24_wi14,AC,0.0
UserA,h24_wi14,Storage HW,0.0
UserA,h24_wi14,Radiators,0.0
UserA,h24_wi14,Floor heating,0.0
UserA,h24_wi14,Induction stove,0.0
UserA,h24_wi14,Gas stove,0.0
UserA,h24_wi14,Gas National Grid,0.0
UserA,h01_mc01,PV sys,0.0
UserA,h01_mc01,National Grid EE,0.0
UserA,h01_mc01,Storage EE,0.30000000000000004
UserA,h01_mc01,Gas Boiler,0.0
UserA,h01_mc01,HP,0.0
UserA,h01_mc01,AC,0.0
UserA,h01_mc01,Storage HW,0.0
UserA,h01_mc01,Radiators,0.0
UserA,h01_mc01,Floor heating,0.0
UserA,h01_mc01,Induction stove,0.0
UserA,h01_mc01,Gas stove,0.0
UserA,h01_mc01,Gas National Grid,0.0
UserA,h02_mc01,PV sys,0.0
UserA,h02_mc01,National Grid EE,0.0
UserA,h02_mc01,Storage EE,0.30000000000000004
UserA,h02_mc01,Gas Boiler,0.0
UserA,h02_mc01,HP,0.0
UserA,h02_mc01,AC,0.0
UserA,h02_mc01,Storage HW,0.0
UserA,h02_mc01,Radiators,0.0
UserA,h02_mc01,Floor heating,0.0
UserA,h02_mc01,Induction stove,0.0
UserA,h02_mc01,Gas stove,0.0
UserA,h02_mc01,Gas National Grid,0.0
UserA,h03_mc01,PV sys,0.0
UserA,h03_mc01,National Grid EE,0.0
UserA,h03_mc01,Storage EE,0.30000000000000004
UserA,h03_mc01,Gas Boiler,0.0
UserA,h03_mc01,HP,0.0
UserA,h03_mc01,AC,0.0
UserA,h03_mc01,Storage HW,0.0
UserA,h03_mc01,Radiators,0.0
UserA,h03_mc01,Floor heating,0.0
UserA,h03_mc01,Induction stove,0.0
UserA,h03_mc01,Gas stove,0.0
UserA,h03_mc01,Gas National Grid,0.0
UserA,h04_mc01,PV sys,0.0
UserA,h04_mc01,National Grid EE,0.0
UserA,h04_mc01,Storage EE,0.30000000000000004
UserA,h04_mc01,Gas Boiler,0.0
UserA,h04_mc01,HP,0.0
UserA,h04_mc01,AC,0.0
UserA,h04_mc01,Storage HW,0.0
UserA,h04_mc01,Radiators,0.0
UserA,h04_mc01,Floor heating,0.0
UserA,h04_mc01,Induction stove,0.0
UserA,h04_mc01,Gas stove,0.0
UserA,h04_mc01,Gas National Grid,0.0
UserA,h05_mc01,PV sys,0.0
UserA,h05_mc01,National Grid EE,0.0
UserA,h05_mc01,Storage EE,0.30000000000000004
UserA,h05_mc01,Gas Boiler,0.0
UserA,h05_mc01,HP,0.0
UserA,h05_mc01,AC,0.0
UserA,h05_mc01,Storage HW,0.0
UserA,h05_mc01,Radiators,0.0
UserA,h05_mc01,Floor heating,0.0
UserA,h05_mc01,Induction stove,0.0
UserA,h05_mc01,Gas stove,0.0
UserA,h05_mc01,Gas National Grid,0.0
UserA,h06_mc01,PV sys,0.0
UserA,h06_mc01,National Grid EE,0.0
UserA,h06_mc01,Storage EE,0.30000000000000004
UserA,h06_mc01,Gas Boiler,0.0
UserA,h06_mc01,HP,0.0
UserA,h06_mc01,AC,0.0
UserA,h06_mc01,Storage HW,0.0
UserA,h06_mc01,Radiators,0.0
UserA,h06_mc01,Floor heating,0.0
UserA,h06_mc01,Induction stove,0.0
UserA,h06_mc01,Gas stove,0.0
UserA,h06_mc01,Gas National Grid,0.0
UserA,h07_mc01,PV sys,0.0
UserA,h07_mc01,National Grid EE,0.0
UserA,h07_mc01,Storage EE,0.30000000000000004
UserA,h07_mc01,Gas Boiler,0.0
UserA,h07_mc01,HP,0.0
UserA,h07_mc01,AC,0.0
UserA,h07_mc01,Storage HW,0.0
UserA,h07_mc01,Radiators,0.0
UserA,h07_mc01,Floor heating,0.0
UserA,h07_mc01,Induction stove,0.0
UserA,h07_mc01,Gas stove,0.0
UserA,h07_mc01,Gas National Grid,0.0
UserA,h08_mc01,PV sys,0.0
UserA,h08_mc01,National Grid EE,0.0
UserA,h08_mc01,Storage EE,0.46924739994760606
UserA,h08_mc01,Gas Boiler,0.0
UserA,h08_mc01,HP,0.0
UserA,h08_mc01,AC,0.0
UserA,h08_mc01,Storage HW,0.0
UserA,h08_mc01,Radiators,0.0
UserA,h08_mc01,Floor heating,0.0
UserA,h08_mc01,Induction stove,0.0
UserA,h08_mc01,Gas stove,0.0
UserA,h08_mc01,Gas National Grid,0.0
UserA,h09_mc01,PV sys,0.0
UserA,h09_mc01,National Grid EE,0.0
UserA,h09_mc01,Storage EE,0.7736903332809402
UserA,h09_mc01,Gas Boiler,0.0
UserA,h09_mc01,HP,0.0
UserA,h09_mc01,AC,0.0
UserA,h09_mc01,Storage HW,0.0
UserA,h09_mc01,Radiators,0.0
UserA,h09_mc01,Floor heating,0.0
UserA,h09_mc01,Induction stove,0.0
UserA,h09_mc01,Gas stove,0.0
UserA,h09_mc01,Gas National Grid,0.0
UserA,h10_mc01,PV sys,0.0
UserA,h10_mc01,National Grid EE,0.0
UserA,h10_mc01,Storage EE,1.420843483280939
UserA,h10_mc01,Gas Boiler,0.0
UserA,h10_mc01,HP,0.0
UserA,h10_mc01,AC,0.0
UserA,h10_mc01,Storage HW,0.0
UserA,h10_mc01,Radiators,0.0
UserA,h10_mc01,Floor heating,0.0
UserA,h10_mc01,Induction stove,0.0
UserA,h10_mc01,Gas stove,0.0
UserA,h10_mc01,Gas National Grid,0.0
UserA,h11_mc01,PV sys,0.0
UserA,h11_mc01,National Grid EE,0.0
UserA,h11_mc01,Storage EE,1.2742095166666672
UserA,h11_mc01,Gas Boiler,0.0
UserA,h11_mc01,HP,0.0
UserA,h11_mc01,AC,0.0
UserA,h11_mc01,Storage HW,0.0
UserA,h11_mc01,Radiators,0.0
UserA,h11_mc01,Floor heating,0.0
UserA,h11_mc01,Induction stove,0.0
UserA,h11_mc01,Gas stove,0.0
UserA,h11_mc01,Gas National Grid,0.0
UserA,h12_mc01,PV sys,0.0
UserA,h12_mc01,National Grid EE,0.0
UserA,h12_mc01,Storage EE,2.3533113166666664
UserA,h12_mc01,Gas Boiler,0.0
UserA,h12_mc01,HP,0.0
UserA,h12_mc01,AC,0.0
UserA,h12_mc01,Storage HW,0.0
UserA,h12_mc01,Radiators,0.0
UserA,h12_mc01,Floor heating,0.0
UserA,h12_mc01,Induction stove,0.0
UserA,h12_mc01,Gas stove,0.0
UserA,h12_mc01,Gas National Grid,0.0
UserA,h13_mc01,PV sys,0.0
UserA,h13_mc01,National Grid EE,0.0
UserA,h13_mc01,Storage EE,2.8499999999999996
UserA,h13_mc01,Gas Boiler,0.0
UserA,h13_mc01,HP,0.0
UserA,h13_mc01,AC,0.0
UserA,h13_mc01,Storage HW,0.0
UserA,h13_mc01,Radiators,0.0
UserA,h13_mc01,Floor heating,0.0
UserA,h13_mc01,Induction stove,0.0
UserA,h13_mc01,Gas stove,0.0
UserA,h13_mc01,Gas National Grid,0.0
UserA,h14_mc01,PV sys,0.0
UserA,h14_mc01,National Grid EE,0.0
UserA,h14_mc01,Storage EE,2.19895275
UserA,h14_mc01,Gas Boiler,0.0
UserA,h14_mc01,HP,0.0
UserA,h14_mc01,AC,0.0
UserA,h14_mc01,Storage HW,0.0
UserA,h14_mc01,Radiators,0.0
UserA,h14_mc01,Floor heating,0.0
UserA,h14_mc01,Induction stove,0.0
UserA,h14_mc01,Gas stove,0.0
UserA,h14_mc01,Gas National Grid,0.0
UserA,h15_mc01,PV sys,0.0
UserA,h15_mc01,National Grid EE,0.0
UserA,h15_mc01,Storage EE,2.785885133333333
UserA,h15_mc01,Gas Boiler,0.0
UserA,h15_mc01,HP,0.0
UserA,h15_mc01,AC,0.0
UserA,h15_mc01,Storage HW,0.0
UserA,h15_mc01,Radiators,0.0
UserA,h15_mc01,Floor heating,0.0
UserA,h15_mc01,Induction stove,0.0
UserA,h15_mc01,Gas stove,0.0
UserA,h15_mc01,Gas National Grid,0.0
UserA,h16_mc01,PV sys,0.0
UserA,h16_mc01,National Grid EE,0.0
UserA,h16_mc01,Storage EE,2.8499999999999996
UserA,h16_mc01,Gas Boiler,0.0
UserA,h16_mc01,HP,0.0
UserA,h16_mc01,AC,0.0
UserA,h16_mc01,Storage HW,0.0
UserA,h16_mc01,Radiators,0.0
UserA,h16_mc01,Floor heating,0.0
UserA,h16_mc01,Induction stove,0.0
UserA,h16_mc01,Gas stove,0.0
UserA,h16_mc01,Gas National Grid,0.0
UserA,h17_mc01,PV sys,0.0
UserA,h17_mc01,National Grid EE,0.0
UserA,h17_mc01,Storage EE,2.615833316666666
UserA,h17_mc01,Gas Boiler,0.0
UserA,h17_mc01,HP,0.0
UserA,h17_mc01,AC,0.0
UserA,h17_mc01,Storage HW,0.0
UserA,h17_mc01,Radiators,0.0
UserA,h17_mc01,Floor heating,0.0
UserA,h17_mc01,Induction stove,0.0
UserA,h17_mc01,Gas stove,0.0
UserA,h17_mc01,Gas National Grid,0.0
UserA,h18_mc01,PV sys,0.0
UserA,h18_mc01,National Grid EE,0.0
UserA,h18_mc01,Storage EE,2.442466900012254
UserA,h18_mc01,Gas Boiler,0.0
UserA,h18_mc01,HP,0.0
UserA,h18_mc01,AC,0.0
UserA,h18_mc01,Storage HW,0.0
UserA,h18_mc01,Radiators,0.0
UserA,h18_mc01,Floor heating,0.0
UserA,h18_mc01,Induction stove,0.0
UserA,h18_mc01,Gas stove,0.0
UserA,h18_mc01,Gas National Grid,0.0
UserA,h19_mc01,PV sys,0.0
UserA,h19_mc01,National Grid EE,0.0
UserA,h19_mc01,Storage EE,2.210822883345587
UserA,h19_mc01,Gas Boiler,0.0
UserA,h19_mc01,HP,0.0
UserA,h19_mc01,AC,0.0
UserA,h19_mc01,Storage HW,0.0
UserA,h19_mc01,Radiators,0.0
UserA,h19_mc01,Floor heating,0.0
UserA,h19_mc01,Induction stove,0.0
UserA,h19_mc01,Gas stove,0.0
UserA,h19_mc01,Gas National Grid,0.0
UserA,h20_mc01,PV sys,0.0
UserA,h20_mc01,National Grid EE,0.0
UserA,h20_mc01,Storage EE,1.8642955666738128
UserA,h20_mc01,Gas Boiler,0.0
UserA,h20_mc01,HP,0.0
UserA,h20_mc01,AC,0.0
UserA,h20_mc01,Storage HW,0.0
UserA,h20_mc01,Radiators,0.0
UserA,h20_mc01,Floor heating,0.0
UserA,h20_mc01,Induction stove,0.0
UserA,h20_mc01,Gas stove,0.0
UserA,h20_mc01,Gas National Grid,0.0
UserA,h21_mc01,PV sys,0.0
UserA,h21_mc01,National Grid EE,0.0
UserA,h21_mc01,Storage EE,1.4119883000000002
UserA,h21_mc01,Gas Boiler,0.0
UserA,h21_mc01,HP,0.0
UserA,h21_mc01,AC,0.0
UserA,h21_mc01,Storage HW,0.0
UserA,h21_mc01,Radiators,0.0
UserA,h21_mc01,Floor heating,0.0
UserA,h21_mc01,Induction stove,0.0
UserA,h21_mc01,Gas stove,0.0
UserA,h21_mc01,Gas National Grid,0.0
UserA,h22_mc01,PV sys,0.0
UserA,h22_mc01,National Grid EE,0.0
UserA,h22_mc01,Storage EE,0.30000000000000004
UserA,h22_mc01,Gas Boiler,0.0
UserA,h22_mc01,HP,0.0
UserA,h22_mc01,AC,0.0
UserA,h22_mc01,Storage HW,0.0
UserA,h22_mc01,Radiators,0.0
UserA,h22_mc01,Floor heating,0.0
UserA,h22_mc01,Induction stove,0.0
UserA,h22_mc01,Gas stove,0.0
UserA,h22_mc01,Gas National Grid,0.0
UserA,h23_mc01,PV sys,0.0
UserA,h23_mc01,National Grid EE,0.0
UserA,h23_mc01,Storage EE,0.30000000000000004
UserA,h23_mc01,Gas Boiler,0.0
UserA,h23_mc01,HP,0.0
UserA,h23_mc01,AC,0.0
UserA,h23_mc01,Storage HW,0.0
UserA,h23_mc01,Radiators,0.0
UserA,h23_mc01,Floor heating,0.0
UserA,h23_mc01,Induction stove,0.0
UserA,h23_mc01,Gas stove,0.0
UserA,h23_mc01,Gas National Grid,0.0
UserA,h24_mc01,PV sys,0.0
UserA,h24_mc01,National Grid EE,0.0
UserA,h24_mc01,Storage EE,0.30000000000000004
UserA,h24_mc01,Gas Boiler,0.0
UserA,h24_mc01,HP,0.0
UserA,h24_mc01,AC,0.0
UserA,h24_mc01,Storage HW,0.0
UserA,h24_mc01,Radiators,0.0
UserA,h24_mc01,Floor heating,0.0
UserA,h24_mc01,Induction stove,0.0
UserA,h24_mc01,Gas stove,0.0
UserA,h24_mc01,Gas National Grid,0.0
UserA,h01_mc02,PV sys,0.0
UserA,h01_mc02,National Grid EE,0.0
UserA,h01_mc02,Storage EE,0.30000000000000004
UserA,h01_mc02,Gas Boiler,0.0
UserA,h01_mc02,HP,0.0
UserA,h01_mc02,AC,0.0
UserA,h01_mc02,Storage HW,0.0
UserA,h01_mc02,Radiators,0.0
UserA,h01_mc02,Floor heating,0.0
UserA,h01_mc02,Induction stove,0.0
UserA,h01_mc02,Gas stove,0.0
UserA,h01_mc02,Gas National Grid,0.0
UserA,h02_mc02,PV sys,0.0
UserA,h02_mc02,National Grid EE,0.0
UserA,h02_mc02,Storage EE,0.30000000000000004
UserA,h02_mc02,Gas Boiler,0.0
UserA,h02_mc02,HP,0.0
UserA,h02_mc02,AC,0.0
UserA,h02_mc02,Storage HW,0.0
UserA,h02_mc02,Radiators,0.0
UserA,h02_mc02,Floor heating,0.0
UserA,h02_mc02,Induction stove,0.0
UserA,h02_mc02,Gas stove,0.0
UserA,h02_mc02,Gas National Grid,0.0
UserA,h03_mc02,PV sys,0.0
UserA,h03_mc02,National Grid EE,0.0
UserA,h03_mc02,Storage EE,0.30000000000000004
UserA,h03_mc02,Gas Boiler,0.0
UserA,h03_mc02,HP,0.0
UserA,h03_mc02,AC,0.0
UserA,h03_mc02,Storage HW,0.0
UserA,h03_mc02,Radiators,0.0
UserA,h03_mc02,Floor heating,0.0
UserA,h03_mc02,Induction stove,0.0
UserA,h03_mc02,Gas stove,0.0
UserA,h03_mc02,Gas National Grid,0.0
UserA,h04_mc02,PV sys,0.0
UserA,h04_mc02,National Grid EE,0.0
UserA,h04_mc02,Storage EE,0.30000000000000004
UserA,h04_mc02,Gas Boiler,0.0
UserA,h04_mc02,HP,0.0
UserA,h04_mc02,AC,0.0
UserA,h04_mc02,Storage HW,0.0
UserA,h04_mc02,Radiators,0.0
UserA,h04_mc02,Floor heating,0.0
UserA,h04_mc02,Induction stove,0.0
UserA,h04_mc02,Gas stove,0.0
UserA,h04_mc02,Gas National Grid,0.0
UserA,h05_mc02,PV sys,0.0
UserA,h05_mc02,National Grid EE,0.0
UserA,h05_mc02,Storage EE,0.30000000000000004
UserA,h05_mc02,Gas Boiler,0.0
UserA,h05_mc02,HP,0.0
UserA,h05_mc02,AC,0.0
UserA,h05_mc02,Storage HW,0.0
UserA,h05_mc02,Radiators,0.0
UserA,h05_mc02,Floor heating,0.0
UserA,h05_mc02,Induction stove,0.0
UserA,h05_mc02,Gas stove,0.0
UserA,h05_mc02,Gas National Grid,0.0
UserA,h06_mc02,PV sys,0.0
UserA,h06_mc02,National Grid EE,0.0
UserA,h06_mc02,Storage EE,0.30000000000000004
UserA,h06_mc02,Gas Boiler,0.0
UserA,h06_mc02,HP,0.0
UserA,h06_mc02,AC,0.0
UserA,h06_mc02,Storage HW,0.0
UserA,h06_mc02,Radiators,0.0
UserA,h06_mc02,Floor heating,0.0
UserA,h06_mc02,Induction stove,0.0
UserA,h06_mc02,Gas stove,0.0
UserA,h06_mc02,Gas National Grid,0.0
UserA,h07_mc02,PV sys,0.0
UserA,h07_mc02,National Grid EE,0.0
UserA,h07_mc02,Storage EE,0.30000000000000004
UserA,h07_mc02,Gas Boiler,0.0
UserA,h07_mc02,HP,0.0
UserA,h07_mc02,AC,0.0
UserA,h07_mc02,Storage HW,0.0
UserA,h07_mc02,Radiators,0.0
UserA,h07_mc02,Floor heating,0.0
UserA,h07_mc02,Induction stove,0.0
UserA,h07_mc02,Gas stove,0.0
UserA,h07_mc02,Gas National Grid,0.0
UserA,h08_mc02,PV sys,0.0
UserA,h08_mc02,National Grid EE,0.0
UserA,h08_mc02,Storage EE,0.3426
UserA,h08_mc02,Gas Boiler,0.0
UserA,h08_mc02,HP,0.0
UserA,h08_mc02,AC,0.0
UserA,h08_mc02,Storage HW,0.0
UserA,h08_mc02,Radiators,0.0
UserA,h08_mc02,Floor heating,0.0
UserA,h08_mc02,Induction stove,0.0
UserA,h08_mc02,Gas stove,0.0
UserA,h08_mc02,Gas National Grid,0.0
UserA,h09_mc02,PV sys,0.0
UserA,h09_mc02,National Grid EE,0.0
UserA,h09_mc02,Storage EE,0.3678
UserA,h09_mc02,Gas Boiler,0.0
UserA,h09_mc02,HP,0.0
UserA,h09_mc02,AC,0.0
UserA,h09_mc02,Storage HW,0.0
UserA,h09_mc02,Radiators,0.0
UserA,h09_mc02,Floor heating,0.0
UserA,h09_mc02,Induction stove,0.0
UserA,h09_mc02,Gas stove,0.0
UserA,h09_mc02,Gas National Grid,0.0
UserA,h10_mc02,PV sys,0.0
UserA,h10_mc02,National Grid EE,0.0
UserA,h10_mc02,Storage EE,0.4529000000000001
UserA,h10_mc02,Gas Boiler,0.0
UserA,h10_mc02,HP,0.0
UserA,h10_mc02,AC,0.0
UserA,h10_mc02,Storage HW,0.0
UserA,h10_mc02,Radiators,0.0
UserA,h10_mc02,Floor heating,0.0
UserA,h10_mc02,Induction stove,0.0
UserA,h10_mc02,Gas stove,0.0
UserA,h10_mc02,Gas National Grid,0.0
UserA,h11_mc02,PV sys,0.0
UserA,h11_mc02,National Grid EE,0.0
UserA,h11_mc02,Storage EE,0.5089800000000001
UserA,h11_mc02,Gas Boiler,0.0
UserA,h11_mc02,HP,0.0
UserA,h11_mc02,AC,0.0
UserA,h11_mc02,Storage HW,0.0
UserA,h11_mc02,Radiators,0.0
UserA,h11_mc02,Floor heating,0.0
UserA,h11_mc02,Induction stove,0.0
UserA,h11_mc02,Gas stove,0.0
UserA,h11_mc02,Gas National Grid,0.0
UserA,h12_mc02,PV sys,0.0
UserA,h12_mc02,National Grid EE,0.0
UserA,h12_mc02,Storage EE,0.5692
UserA,h12_mc02,Gas Boiler,0.0
UserA,h12_mc02,HP,0.0
UserA,h12_mc02,AC,0.0
UserA,h12_mc02,Storage HW,0.0
UserA,h12_mc02,Radiators,0.0
UserA,h12_mc02,Floor heating,0.0
UserA,h12_mc02,Induction stove,0.0
UserA,h12_mc02,Gas stove,0.0
UserA,h12_mc02,Gas National Grid,0.0
UserA,h13_mc02,PV sys,0.0
UserA,h13_mc02,National Grid EE,0.0
UserA,h13_mc02,Storage EE,0.6292800000000001
UserA,h13_mc02,Gas Boiler,0.0
UserA,h13_mc02,HP,0.0
UserA,h13_mc02,AC,0.0
UserA,h13_mc02,Storage HW,0.0
UserA,h13_mc02,Radiators,0.0
UserA,h13_mc02,Floor heating,0.0
UserA,h13_mc02,Induction stove,0.0
UserA,h13_mc02,Gas stove,0.0
UserA,h13_mc02,Gas National Grid,0.0
UserA,h14_mc02,PV sys,0.0
UserA,h14_mc02,National Grid EE,0.0
UserA,h14_mc02,Storage EE,0.69658
UserA,h14_mc02,Gas Boiler,0.0
UserA,h14_mc02,HP,0.0
UserA,h14_mc02,AC,0.0
UserA,h14_mc02,Storage HW,0.0
UserA,h14_mc02,Radiators,0.0
UserA,h14_mc02,Floor heating,0.0
UserA,h14_mc02,Induction stove,0.0
UserA,h14_mc02,Gas stove,0.0
UserA,h14_mc02,Gas National Grid,0.0
UserA,h15_mc02,PV sys,0.0
UserA,h15_mc02,National Grid EE,0.0
UserA,h15_mc02,Storage EE,0.7414600000000001
UserA,h15_mc02,Gas Boiler,0.0
UserA,h15_mc02,HP,0.0
UserA,h15_mc02,AC,0.0
UserA,h15_mc02,Storage HW,0.0
UserA,h15_mc02,Radiators,0.0
UserA,h15_mc02,Floor heating,0.0
UserA,h15_mc02,Induction stove,0.0
UserA,h15_mc02,Gas stove,0.0
UserA,h15_mc02,Gas National Grid,0.0
UserA,h16_mc02,PV sys,0.0
UserA,h16_mc02,National Grid EE,0.0
UserA,h16_mc02,Storage EE,0.7854000000000001
UserA,h16_mc02,Gas Boiler,0.0
UserA,h16_mc02,HP,0.0
UserA,h16_mc02,AC,0.0
UserA,h16_mc02,Storage HW,0.0
UserA,h16_mc02,Radiators,0.0
UserA,h16_mc02,Floor heating,0.0
UserA,h16_mc02,Induction stove,0.0
UserA,h16_mc02,Gas stove,0.0
UserA,h16_mc02,Gas National Grid,0.0
UserA,h17_mc02,PV sys,0.0
UserA,h17_mc02,National Grid EE,0.0
UserA,h17_mc02,Storage EE,0.7854000000000001
UserA,h17_mc02,Gas Boiler,0.0
UserA,h17_mc02,HP,0.0
UserA,h17_mc02,AC,0.0
UserA,h17_mc02,Storage HW,0.0
UserA,h17_mc02,Radiators,0.0
UserA,h17_mc02,Floor heating,0.0
UserA,h17_mc02,Induction stove,0.0
UserA,h17_mc02,Gas stove,0.0
UserA,h17_mc02,Gas National Grid,0.0
UserA,h18_mc02,PV sys,0.0
UserA,h18_mc02,National Grid EE,0.0
UserA,h18_mc02,Storage EE,0.7854000000000001
UserA,h18_mc02,Gas Boiler,0.0
UserA,h18_mc02,HP,0.0
UserA,h18_mc02,AC,0.0
UserA,h18_mc02,Storage HW,0.0
UserA,h18_mc02,Radiators,0.0
UserA,h18_mc02,Floor heating,0.0
UserA,h18_mc02,Induction stove,0.0
UserA,h18_mc02,Gas stove,0.0
UserA,h18_mc02,Gas National Grid,0.0
UserA,h19_mc02,PV sys,0.0
UserA,h19_mc02,National Grid EE,0.0
UserA,h19_mc02,Storage EE,0.7854000000000001
UserA,h19_mc02,Gas Boiler,0.0
UserA,h19_mc02,HP,0.0
UserA,h19_mc02,AC,0.0
UserA,h19_mc02,Storage HW,0.0
UserA,h19_mc02,Radiators,0.0
UserA,h19_mc02,Floor heating,0.0
UserA,h19_mc02,Induction stove,0.0
UserA,h19_mc02,Gas stove,0.0
UserA,h19_mc02,Gas National Grid,0.0
UserA,h20_mc02,PV sys,0.0
UserA,h20_mc02,National Grid EE,0.0
UserA,h20_mc02,Storage EE,0.7854000000000001
UserA,h20_mc02,Gas Boiler,0.0
UserA,h20_mc02,HP,0.0
UserA,h20_mc02,AC,0.0
UserA,h20_mc02,Storage HW,0.0
UserA,h20_mc02,Radiators,0.0
UserA,h20_mc02,Floor heating,0.0
UserA,h20_mc02,Induction stove,0.0
UserA,h20_mc02,Gas stove,0.0
UserA,h20_mc02,Gas National Grid,0.0
UserA,h21_mc02,PV sys,0.0
UserA,h21_mc02,National Grid EE,0.0
UserA,h21_mc02,Storage EE,0.7854000000000001
UserA,h21_mc02,Gas Boiler,0.0
UserA,h21_mc02,HP,0.0
UserA,h21_mc02,AC,0.0
UserA,h21_mc02,Storage HW,0.0
UserA,h21_mc02,Radiators,0.0
UserA,h21_mc02,Floor heating,0.0
UserA,h21_mc02,Induction stove,0.0
UserA,h21_mc02,Gas stove,0.0
UserA,h21_mc02,Gas National Grid,0.0
UserA,h22_mc02,PV sys,0.0
UserA,h22_mc02,National Grid EE,0.0
UserA,h22_mc02,Storage EE,0.7854000000000001
UserA,h22_mc02,Gas Boiler,0.0
UserA,h22_mc02,HP,0.0
UserA,h22_mc02,AC,0.0
UserA,h22_mc02,Storage HW,0.0
UserA,h22_mc02,Radiators,0.0
UserA,h22_mc02,Floor heating,0.0
UserA,h22_mc02,Induction stove,0.0
UserA,h22_mc02,Gas stove,0.0
UserA,h22_mc02,Gas National Grid,0.0
UserA,h23_mc02,PV sys,0.0
UserA,h23_mc02,National Grid EE,0.0
UserA,h23_mc02,Storage EE,0.7854000000000001
UserA,h23_mc02,Gas Boiler,0.0
UserA,h23_mc02,HP,0.0
UserA,h23_mc02,AC,0.0
UserA,h23_mc02,Storage HW,0.0
UserA,h23_mc02,Radiators,0.0
UserA,h23_mc02,Floor heating,0.0
UserA,h23_mc02,Induction stove,0.0
UserA,h23_mc02,Gas stove,0.0
UserA,h23_mc02,Gas National Grid,0.0
UserA,h24_mc02,PV sys,0.0
UserA,h24_mc02,National Grid EE,0.0
UserA,h24_mc02,Storage EE,0.7854000000000001
UserA,h24_mc02,Gas Boiler,0.0
UserA,h24_mc02,HP,0.0
UserA,h24_mc02,AC,0.0
UserA,h24_mc02,Storage HW,0.0
UserA,h24_mc02,Radiators,0.0
UserA,h24_mc02,Floor heating,0.0
UserA,h24_mc02,Induction stove,0.0
UserA,h24_mc02,Gas stove,0.0
UserA,h24_mc02,Gas National Grid,0.0
UserA,h01_mc03,PV sys,0.0
UserA,h01_mc03,National Grid EE,0.0
UserA,h01_mc03,Storage EE,0.7854000000000001
UserA,h01_mc03,Gas Boiler,0.0
UserA,h01_mc03,HP,0.0
UserA,h01_mc03,AC,0.0
UserA,h01_mc03,Storage HW,0.0
UserA,h01_mc03,Radiators,0.0
UserA,h01_mc03,Floor heating,0.0
UserA,h01_mc03,Induction stove,0.0
UserA,h01_mc03,Gas stove,0.0
UserA,h01_mc03,Gas National Grid,0.0
UserA,h02_mc03,PV sys,0.0
UserA,h02_mc03,National Grid EE,0.0
UserA,h02_mc03,Storage EE,0.7854000000000001
UserA,h02_mc03,Gas Boiler,0.0
UserA,h02_mc03,HP,0.0
UserA,h02_mc03,AC,0.0
UserA,h02_mc03,Storage HW,0.0
UserA,h02_mc03,Radiators,0.0
UserA,h02_mc03,Floor heating,0.0
UserA,h02_mc03,Induction stove,0.0
UserA,h02_mc03,Gas stove,0.0
UserA,h02_mc03,Gas National Grid,0.0
UserA,h03_mc03,PV sys,0.0
UserA,h03_mc03,National Grid EE,0.0
UserA,h03_mc03,Storage EE,0.6598662833333334
UserA,h03_mc03,Gas Boiler,0.0
UserA,h03_mc03,HP,0.0
UserA,h03_mc03,AC,0.0
UserA,h03_mc03,Storage HW,0.0
UserA,h03_mc03,Radiators,0.0
UserA,h03_mc03,Floor heating,0.0
UserA,h03_mc03,Induction stove,0.0
UserA,h03_mc03,Gas stove,0.0
UserA,h03_mc03,Gas National Grid,0.0
UserA,h04_mc03,PV sys,0.0
UserA,h04_mc03,National Grid EE,0.0
UserA,h04_mc03,Storage EE,0.51106595
UserA,h04_mc03,Gas Boiler,0.0
UserA,h04_mc03,HP,0.0
UserA,h04_mc03,AC,0.0
UserA,h04_mc03,Storage HW,0.0
UserA,h04_mc03,Radiators,0.0
UserA,h04_mc03,Floor heating,0.0
UserA,h04_mc03,Induction stove,0.0
UserA,h04_mc03,Gas stove,0.0
UserA,h04_mc03,Gas National Grid,0.0
UserA,h05_mc03,PV sys,0.0
UserA,h05_mc03,National Grid EE,0.0
UserA,h05_mc03,Storage EE,0.3657651999999999
UserA,h05_mc03,Gas Boiler,0.0
UserA,h05_mc03,HP,0.0
UserA,h05_mc03,AC,0.0
UserA,h05_mc03,Storage HW,0.0
UserA,h05_mc03,Radiators,0.0
UserA,h05_mc03,Floor heating,0.0
UserA,h05_mc03,Induction stove,0.0
UserA,h05_mc03,Gas stove,0.0
UserA,h05_mc03,Gas National Grid,0.0
UserA,h06_mc03,PV sys,0.0
UserA,h06_mc03,National Grid EE,0.0
UserA,h06_mc03,Storage EE,0.32639000000000007
UserA,h06_mc03,Gas Boiler,0.0
UserA,h06_mc03,HP,0.0
UserA,h06_mc03,AC,0.0
UserA,h06_mc03,Storage HW,0.0
UserA,h06_mc03,Radiators,0.0
UserA,h06_mc03,Floor heating,0.0
UserA,h06_mc03,Induction stove,0.0
UserA,h06_mc03,Gas stove,0.0
UserA,h06_mc03,Gas National Grid,0.0
UserA,h07_mc03,PV sys,0.0
UserA,h07_mc03,National Grid EE,0.0
UserA,h07_mc03,Storage EE,0.30000000000000004
UserA,h07_mc03,Gas Boiler,0.0
UserA,h07_mc03,HP,0.0
UserA,h07_mc03,AC,0.0
UserA,h07_mc03,Storage HW,0.0
UserA,h07_mc03,Radiators,0.0
UserA,h07_mc03,Floor heating,0.0
UserA,h07_mc03,Induction stove,0.0
UserA,h07_mc03,Gas stove,0.0
UserA,h07_mc03,Gas National Grid,0.0
UserA,h08_mc03,PV sys,0.0
UserA,h08_mc03,National Grid EE,0.0
UserA,h08_mc03,Storage EE,0.6243249999999998
UserA,h08_mc03,Gas Boiler,0.0
UserA,h08_mc03,HP,0.0
UserA,h08_mc03,AC,0.0
UserA,h08_mc03,Storage HW,0.0
UserA,h08_mc03,Radiators,0.0
UserA,h08_mc03,Floor heating,0.0
UserA,h08_mc03,Induction stove,0.0
UserA,h08_mc03,Gas stove,0.0
UserA,h08_mc03,Gas National Grid,0.0
UserA,h09_mc03,PV sys,0.0
UserA,h09_mc03,National Grid EE,0.0
UserA,h09_mc03,Storage EE,1.0382014999999996
UserA,h09_mc03,Gas Boiler,0.0
UserA,h09_mc03,HP,0.0
UserA,h09_mc03,AC,0.0
UserA,h09_mc03,Storage HW,0.0
UserA,h09_mc03,Radiators,0.0
UserA,h09_mc03,Floor heating,0.0
UserA,h09_mc03,Induction stove,0.0
UserA,h09_mc03,Gas stove,0.0
UserA,h09_mc03,Gas National Grid,0.0
UserA,h10_mc03,PV sys,0.0
UserA,h10_mc03,National Grid EE,0.0
UserA,h10_mc03,Storage EE,0.7600955191255493
UserA,h10_mc03,Gas Boiler,0.0
UserA,h10_mc03,HP,0.0
UserA,h10_mc03,AC,0.0
UserA,h10_mc03,Storage HW,0.0
UserA,h10_mc03,Radiators,0.0
UserA,h10_mc03,Floor heating,0.0
UserA,h10_mc03,Induction stove,0.0
UserA,h10_mc03,Gas stove,0.0
UserA,h10_mc03,Gas National Grid,0.0
UserA,h11_mc03,PV sys,0.0
UserA,h11_mc03,National Grid EE,0.0
UserA,h11_mc03,Storage EE,1.9959132843793554
UserA,h11_mc03,Gas Boiler,0.0
UserA,h11_mc03,HP,0.0
UserA,h11_mc03,AC,0.0
UserA,h11_mc03,Storage HW,0.0
UserA,h11_mc03,Radiators,0.0
UserA,h11_mc03,Floor heating,0.0
UserA,h11_mc03,Induction stove,0.0
UserA,h11_mc03,Gas stove,0.0
UserA,h11_mc03,Gas National Grid,0.0
UserA,h12_mc03,PV sys,0.0
UserA,h12_mc03,National Grid EE,0.0
UserA,h12_mc03,Storage EE,0.4959132843793552
UserA,h12_mc03,Gas Boiler,0.0
UserA,h12_mc03,HP,0.0
UserA,h12_mc03,AC,0.0
UserA,h12_mc03,Storage HW,0.0
UserA,h12_mc03,Radiators,0.0
UserA,h12_mc03,Floor heating,0.0
UserA,h12_mc03,Induction stove,0.0
UserA,h12_mc03,Gas stove,0.0
UserA,h12_mc03,Gas National Grid,0.0
UserA,h13_mc03,PV sys,0.0
UserA,h13_mc03,National Grid EE,0.0
UserA,h13_mc03,Storage EE,1.50344235
UserA,h13_mc03,Gas Boiler,0.0
UserA,h13_mc03,HP,0.0
UserA,h13_mc03,AC,0.0
UserA,h13_mc03,Storage HW,0.0
UserA,h13_mc03,Radiators,0.0
UserA,h13_mc03,Floor heating,0.0
UserA,h13_mc03,Induction stove,0.0
UserA,h13_mc03,Gas stove,0.0
UserA,h13_mc03,Gas National Grid,0.0
UserA,h14_mc03,PV sys,0.0
UserA,h14_mc03,National Grid EE,0.0
UserA,h14_mc03,Storage EE,1.1837248333333361
UserA,h14_mc03,Gas Boiler,0.0
UserA,h14_mc03,HP,0.0
UserA,h14_mc03,AC,0.0
UserA,h14_mc03,Storage HW,0.0
UserA,h14_mc03,Radiators,0.0
UserA,h14_mc03,Floor heating,0.0
UserA,h14_mc03,Induction stove,0.0
UserA,h14_mc03,Gas stove,0.0
UserA,h14_mc03,Gas National Grid,0.0
UserA,h15_mc03,PV sys,0.0
UserA,h15_mc03,National Grid EE,0.0
UserA,h15_mc03,Storage EE,2.1167368333333334
UserA,h15_mc03,Gas Boiler,0.0
UserA,h15_mc03,HP,0.0
UserA,h15_mc03,AC,0.0
UserA,h15_mc03,Storage HW,0.0
UserA,h15_mc03,Radiators,0.0
UserA,h15_mc03,Floor heating,0.0
UserA,h15_mc03,Induction stove,0.0
UserA,h15_mc03,Gas stove,0.0
UserA,h15_mc03,Gas National Grid,0.0
UserA,h16_mc03,PV sys,0.0
UserA,h16_mc03,National Grid EE,0.0
UserA,h16_mc03,Storage EE,2.7043433666666665
UserA,h16_mc03,Gas Boiler,0.0
UserA,h16_mc03,HP,0.0
UserA,h16_mc03,AC,0.0
UserA,h16_mc03,Storage HW,0.0
UserA,h16_mc03,Radiators,0.0
UserA,h16_mc03,Floor heating,0.0
UserA,h16_mc03,Induction stove,0.0
UserA,h16_mc03,Gas stove,0.0
UserA,h16_mc03,Gas National Grid,0.0
UserA,h17_mc03,PV sys,0.0
UserA,h17_mc03,National Grid EE,0.0
UserA,h17_mc03,Storage EE,2.8499999999999996
UserA,h17_mc03,Gas Boiler,0.0
UserA,h17_mc03,HP,0.0
UserA,h17_mc03,AC,0.0
UserA,h17_mc03,Storage HW,0.0
UserA,h17_mc03,Radiators,0.0
UserA,h17_mc03,Floor heating,0.0
UserA,h17_mc03,Induction stove,0.0
UserA,h17_mc03,Gas stove,0.0
UserA,h17_mc03,Gas National Grid,0.0
UserA,h18_mc03,PV sys,0.0
UserA,h18_mc03,National Grid EE,0.0
UserA,h18_mc03,Storage EE,2.65264
UserA,h18_mc03,Gas Boiler,0.0
UserA,h18_mc03,HP,0.0
UserA,h18_mc03,AC,0.0
UserA,h18_mc03,Storage HW,0.0
UserA,h18_mc03,Radiators,0.0
UserA,h18_mc03,Floor heating,0.0
UserA,h18_mc03,Induction stove,0.0
UserA,h18_mc03,Gas stove,0.0
UserA,h18_mc03,Gas National Grid,0.0
UserA,h19_mc03,PV sys,0.0
UserA,h19_mc03,National Grid EE,0.0
UserA,h19_mc03,Storage EE,2.361271283333333
UserA,h19_mc03,Gas Boiler,0.0
UserA,h19_mc03,HP,0.0
UserA,h19_mc03,AC,0.0
UserA,h19_mc03,Storage HW,0.0
UserA,h19_mc03,Radiators,0.0
UserA,h19_mc03,Floor heating,0.0
UserA,h19_mc03,Induction stove,0.0
UserA,h19_mc03,Gas stove,0.0
UserA,h19_mc03,Gas National Grid,0.0
UserA,h20_mc03,PV sys,0.0
UserA,h20_mc03,National Grid EE,0.0
UserA,h20_mc03,Storage EE,1.9835796499999991
UserA,h20_mc03,Gas Boiler,0.0
UserA,h20_mc03,HP,0.0
UserA,h20_mc03,AC,0.0
UserA,h20_mc03,Storage HW,0.0
UserA,h20_mc03,Radiators,0.0
UserA,h20_mc03,Floor heating,0.0
UserA,h20_mc03,Induction stove,0.0
UserA,h20_mc03,Gas stove,0.0
UserA,h20_mc03,Gas National Grid,0.0
UserA,h21_mc03,PV sys,0.0
UserA,h21_mc03,National Grid EE,0.0
UserA,h21_mc03,Storage EE,1.6230972999999995
UserA,h21_mc03,Gas Boiler,0.0
UserA,h21_mc03,HP,0.0
UserA,h21_mc03,AC,0.0
UserA,h21_mc03,Storage HW,0.0
UserA,h21_mc03,Radiators,0.0
UserA,h21_mc03,Floor heating,0.0
UserA,h21_mc03,Induction stove,0.0
UserA,h21_mc03,Gas stove,0.0
UserA,h21_mc03,Gas National Grid,0.0
UserA,h22_mc03,PV sys,0.0
UserA,h22_mc03,National Grid EE,0.0
UserA,h22_mc03,Storage EE,1.1280149166666655
UserA,h22_mc03,Gas Boiler,0.0
UserA,h22_mc03,HP,0.0
UserA,h22_mc03,AC,0.0
UserA,h22_mc03,Storage HW,0.0
UserA,h22_mc03,Radiators,0.0
UserA,h22_mc03,Floor heating,0.0
UserA,h22_mc03,Induction stove,0.0
UserA,h22_mc03,Gas stove,0.0
UserA,h22_mc03,Gas National Grid,0.0
UserA,h23_mc03,PV sys,0.0
UserA,h23_mc03,National Grid EE,0.0
UserA,h23_mc03,Storage EE,0.8432534833333323
UserA,h23_mc03,Gas Boiler,0.0
UserA,h23_mc03,HP,0.0
UserA,h23_mc03,AC,0.0
UserA,h23_mc03,Storage HW,0.0
UserA,h23_mc03,Radiators,0.0
UserA,h23_mc03,Floor heating,0.0
UserA,h23_mc03,Induction stove,0.0
UserA,h23_mc03,Gas stove,0.0
UserA,h23_mc03,Gas National Grid,0.0
UserA,h24_mc03,PV sys,0.0
UserA,h24_mc03,National Grid EE,0.0
UserA,h24_mc03,Storage EE,0.30000000000000004
UserA,h24_mc03,Gas Boiler,0.0
UserA,h24_mc03,HP,0.0
UserA,h24_mc03,AC,0.0
UserA,h24_mc03,Storage HW,0.0
UserA,h24_mc03,Radiators,0.0
UserA,h24_mc03,Floor heating,0.0
UserA,h24_mc03,Induction stove,0.0
UserA,h24_mc03,Gas stove,0.0
UserA,h24_mc03,Gas National Grid,0.0
UserA,h01_mc04,PV sys,0.0
UserA,h01_mc04,National Grid EE,0.0
UserA,h01_mc04,Storage EE,0.30000000000000004
UserA,h01_mc04,Gas Boiler,0.0
UserA,h01_mc04,HP,0.0
UserA,h01_mc04,AC,0.0
UserA,h01_mc04,Storage HW,0.0
UserA,h01_mc04,Radiators,0.0
UserA,h01_mc04,Floor heating,0.0
UserA,h01_mc04,Induction stove,0.0
UserA,h01_mc04,Gas stove,0.0
UserA,h01_mc04,Gas National Grid,0.0
UserA,h02_mc04,PV sys,0.0
UserA,h02_mc04,National Grid EE,0.0
UserA,h02_mc04,Storage EE,0.30000000000000004
UserA,h02_mc04,Gas Boiler,0.0
UserA,h02_mc04,HP,0.0
UserA,h02_mc04,AC,0.0
UserA,h02_mc04,Storage HW,0.0
UserA,h02_mc04,Radiators,0.0
UserA,h02_mc04,Floor heating,0.0
UserA,h02_mc04,Induction stove,0.0
UserA,h02_mc04,Gas stove,0.0
UserA,h02_mc04,Gas National Grid,0.0
UserA,h03_mc04,PV sys,0.0
UserA,h03_mc04,National Grid EE,0.0
UserA,h03_mc04,Storage EE,0.30000000000000004
UserA,h03_mc04,Gas Boiler,0.0
UserA,h03_mc04,HP,0.0
UserA,h03_mc04,AC,0.0
UserA,h03_mc04,Storage HW,0.0
UserA,h03_mc04,Radiators,0.0
UserA,h03_mc04,Floor heating,0.0
UserA,h03_mc04,Induction stove,0.0
UserA,h03_mc04,Gas stove,0.0
UserA,h03_mc04,Gas National Grid,0.0
UserA,h04_mc04,PV sys,0.0
UserA,h04_mc04,National Grid EE,0.0
UserA,h04_mc04,Storage EE,0.30000000000000004
UserA,h04_mc04,Gas Boiler,0.0
UserA,h04_mc04,HP,0.0
UserA,h04_mc04,AC,0.0
UserA,h04_mc04,Storage HW,0.0
UserA,h04_mc04,Radiators,0.0
UserA,h04_mc04,Floor heating,0.0
UserA,h04_mc04,Induction stove,0.0
UserA,h04_mc04,Gas stove,0.0
UserA,h04_mc04,Gas National Grid,0.0
UserA,h05_mc04,PV sys,0.0
UserA,h05_mc04,National Grid EE,0.0
UserA,h05_mc04,Storage EE,0.30000000000000004
UserA,h05_mc04,Gas Boiler,0.0
UserA,h05_mc04,HP,0.0
UserA,h05_mc04,AC,0.0
UserA,h05_mc04,Storage HW,0.0
UserA,h05_mc04,Radiators,0.0
UserA,h05_mc04,Floor heating,0.0
UserA,h05_mc04,Induction stove,0.0
UserA,h05_mc04,Gas stove,0.0
UserA,h05_mc04,Gas National Grid,0.0
UserA,h06_mc04,PV sys,0.0
UserA,h06_mc04,National Grid EE,0.0
UserA,h06_mc04,Storage EE,0.30000000000000004
UserA,h06_mc04,Gas Boiler,0.0
UserA,h06_mc04,HP,0.0
UserA,h06_mc04,AC,0.0
UserA,h06_mc04,Storage HW,0.0
UserA,h06_mc04,Radiators,0.0
UserA,h06_mc04,Floor heating,0.0
UserA,h06_mc04,Induction stove,0.0
UserA,h06_mc04,Gas stove,0.0
UserA,h06_mc04,Gas National Grid,0.0
UserA,h07_mc04,PV sys,0.0
UserA,h07_mc04,National Grid EE,0.0
UserA,h07_mc04,Storage EE,0.30000000000000004
UserA,h07_mc04,Gas Boiler,0.0
UserA,h07_mc04,HP,0.0
UserA,h07_mc04,AC,0.0
UserA,h07_mc04,Storage HW,0.0
UserA,h07_mc04,Radiators,0.0
UserA,h07_mc04,Floor heating,0.0
UserA,h07_mc04,Induction stove,0.0
UserA,h07_mc04,Gas stove,0.0
UserA,h07_mc04,Gas National Grid,0.0
UserA,h08_mc04,PV sys,0.0
UserA,h08_mc04,National Grid EE,0.0
UserA,h08_mc04,Storage EE,0.4250999999999998
UserA,h08_mc04,Gas Boiler,0.0
UserA,h08_mc04,HP,0.0
UserA,h08_mc04,AC,0.0
UserA,h08_mc04,Storage HW,0.0
UserA,h08_mc04,Radiators,0.0
UserA,h08_mc04,Floor heating,0.0
UserA,h08_mc04,Induction stove,0.0
UserA,h08_mc04,Gas stove,0.0
UserA,h08_mc04,Gas National Grid,0.0
UserA,h09_mc04,PV sys,0.0
UserA,h09_mc04,National Grid EE,0.0
UserA,h09_mc04,Storage EE,0.30000000000000004
UserA,h09_mc04,Gas Boiler,0.0
UserA,h09_mc04,HP,0.0
UserA,h09_mc04,AC,0.0
UserA,h09_mc04,Storage HW,0.0
UserA,h09_mc04,Radiators,0.0
UserA,h09_mc04,Floor heating,0.0
UserA,h09_mc04,Induction stove,0.0
UserA,h09_mc04,Gas stove,0.0
UserA,h09_mc04,Gas National Grid,0.0
UserA,h10_mc04,PV sys,0.0
UserA,h10_mc04,National Grid EE,0.0
UserA,h10_mc04,Storage EE,0.3091497499999998
UserA,h10_mc04,Gas Boiler,0.0
UserA,h10_mc04,HP,0.0
UserA,h10_mc04,AC,0.0
UserA,h10_mc04,Storage HW,0.0
UserA,h10_mc04,Radiators,0.0
UserA,h10_mc04,Floor heating,0.0
UserA,h10_mc04,Induction stove,0.0
UserA,h10_mc04,Gas stove,0.0
UserA,h10_mc04,Gas National Grid,0.0
UserA,h11_mc04,PV sys,0.0
UserA,h11_mc04,National Grid EE,0.0
UserA,h11_mc04,Storage EE,0.30000000000000004
UserA,h11_mc04,Gas Boiler,0.0
UserA,h11_mc04,HP,0.0
UserA,h11_mc04,AC,0.0
UserA,h11_mc04,Storage HW,0.0
UserA,h11_mc04,Radiators,0.0
UserA,h11_mc04,Floor heating,0.0
UserA,h11_mc04,Induction stove,0.0
UserA,h11_mc04,Gas stove,0.0
UserA,h11_mc04,Gas National Grid,0.0
UserA,h12_mc04,PV sys,0.0
UserA,h12_mc04,National Grid EE,0.0
UserA,h12_mc04,Storage EE,0.8328745166666663
UserA,h12_mc04,Gas Boiler,0.0
UserA,h12_mc04,HP,0.0
UserA,h12_mc04,AC,0.0
UserA,h12_mc04,Storage HW,0.0
UserA,h12_mc04,Radiators,0.0
UserA,h12_mc04,Floor heating,0.0
UserA,h12_mc04,Induction stove,0.0
UserA,h12_mc04,Gas stove,0.0
UserA,h12_mc04,Gas National Grid,0.0
UserA,h13_mc04,PV sys,0.0
UserA,h13_mc04,National Grid EE,0.0
UserA,h13_mc04,Storage EE,1.482221366666666
UserA,h13_mc04,Gas Boiler,0.0
UserA,h13_mc04,HP,0.0
UserA,h13_mc04,AC,0.0
UserA,h13_mc04,Storage HW,0.0
UserA,h13_mc04,Radiators,0.0
UserA,h13_mc04,Floor heating,0.0
UserA,h13_mc04,Induction stove,0.0
UserA,h13_mc04,Gas stove,0.0
UserA,h13_mc04,Gas National Grid,0.0
UserA,h14_mc04,PV sys,0.0
UserA,h14_mc04,National Grid EE,0.0
UserA,h14_mc04,Storage EE,2.208021183333332
UserA,h14_mc04,Gas Boiler,0.0
UserA,h14_mc04,HP,0.0
UserA,h14_mc04,AC,0.0
UserA,h14_mc04,Storage HW,0.0
UserA,h14_mc04,Radiators,0.0
UserA,h14_mc04,Floor heating,0.0
UserA,h14_mc04,Induction stove,0.0
UserA,h14_mc04,Gas stove,0.0
UserA,h14_mc04,Gas National Grid,0.0
UserA,h15_mc04,PV sys,0.0
UserA,h15_mc04,National Grid EE,0.0
UserA,h15_mc04,Storage EE,2.711770099999999
UserA,h15_mc04,Gas Boiler,0.0
UserA,h15_mc04,HP,0.0
UserA,h15_mc04,AC,0.0
UserA,h15_mc04,Storage HW,0.0
UserA,h15_mc04,Radiators,0.0
UserA,h15_mc04,Floor heating,0.0
UserA,h15_mc04,Induction stove,0.0
UserA,h15_mc04,Gas stove,0.0
UserA,h15_mc04,Gas National Grid,0.0
UserA,h16_mc04,PV sys,0.0
UserA,h16_mc04,National Grid EE,0.0
UserA,h16_mc04,Storage EE,2.8212000999999987
UserA,h16_mc04,Gas Boiler,0.0
UserA,h16_mc04,HP,0.0
UserA,h16_mc04,AC,0.0
UserA,h16_mc04,Storage HW,0.0
UserA,h16_mc04,Radiators,0.0
UserA,h16_mc04,Floor heating,0.0
UserA,h16_mc04,Induction stove,0.0
UserA,h16_mc04,Gas stove,0.0
UserA,h16_mc04,Gas National Grid,0.0
UserA,h17_mc04,PV sys,0.0
UserA,h17_mc04,National Grid EE,0.0
UserA,h17_mc04,Storage EE,2.4699499833333323
UserA,h17_mc04,Gas Boiler,0.0
UserA,h17_mc04,HP,0.0
UserA,h17_mc04,AC,0.0
UserA,h17_mc04,Storage HW,0.0
UserA,h17_mc04,Radiators,0.0
UserA,h17_mc04,Floor heating,0.0
UserA,h17_mc04,Induction stove,0.0
UserA,h17_mc04,Gas stove,0.0
UserA,h17_mc04,Gas National Grid,0.0
UserA,h18_mc04,PV sys,0.0
UserA,h18_mc04,National Grid EE,0.0
UserA,h18_mc04,Storage EE,2.1219494166666655
UserA,h18_mc04,Gas Boiler,0.0
UserA,h18_mc04,HP,0.0
UserA,h18_mc04,AC,0.0
UserA,h18_mc04,Storage HW,0.0
UserA,h18_mc04,Radiators,0.0
UserA,h18_mc04,Floor heating,0.0
UserA,h18_mc04,Induction stove,0.0
UserA,h18_mc04,Gas stove,0.0
UserA,h18_mc04,Gas National Grid,0.0
UserA,h19_mc04,PV sys,0.0
UserA,h19_mc04,National Grid EE,0.0
UserA,h19_mc04,Storage EE,1.7962412666666654
UserA,h19_mc04,Gas Boiler,0.0
UserA,h19_mc04,HP,0.0
UserA,h19_mc04,AC,0.0
UserA,h19_mc04,Storage HW,0.0
UserA,h19_mc04,Radiators,0.0
UserA,h19_mc04,Floor heating,0.0
UserA,h19_mc04,Induction stove,0.0
UserA,h19_mc04,Gas stove,0.0
UserA,h19_mc04,Gas National Grid,0.0
UserA,h20_mc04,PV sys,0.0
UserA,h20_mc04,National Grid EE,0.0
UserA,h20_mc04,Storage EE,1.3790560666666654
UserA,h20_mc04,Gas Boiler,0.0
UserA,h20_mc04,HP,0.0
UserA,h20_mc04,AC,0.0
UserA,h20_mc04,Storage HW,0.0
UserA,h20_mc04,Radiators,0.0
UserA,h20_mc04,Floor heating,0.0
UserA,h20_mc04,Induction stove,0.0
UserA,h20_mc04,Gas stove,0.0
UserA,h20_mc04,Gas National Grid,0.0
UserA,h21_mc04,PV sys,0.0
UserA,h21_mc04,National Grid EE,0.0
UserA,h21_mc04,Storage EE,0.9765006666666654
UserA,h21_mc04,Gas Boiler,0.0
UserA,h21_mc04,HP,0.0
UserA,h21_mc04,AC,0.0
UserA,h21_mc04,Storage HW,0.0
UserA,h21_mc04,Radiators,0.0
UserA,h21_mc04,Floor heating,0.0
UserA,h21_mc04,Induction stove,0.0
UserA,h21_mc04,Gas stove,0.0
UserA,h21_mc04,Gas National Grid,0.0
UserA,h22_mc04,PV sys,0.0
UserA,h22_mc04,National Grid EE,0.0
UserA,h22_mc04,Storage EE,0.8368284666666661
UserA,h22_mc04,Gas Boiler,0.0
UserA,h22_mc04,HP,0.0
UserA,h22_mc04,AC,0.0
UserA,h22_mc04,Storage HW,0.0
UserA,h22_mc04,Radiators,0.0
UserA,h22_mc04,Floor heating,0.0
UserA,h22_mc04,Induction stove,0.0
UserA,h22_mc04,Gas stove,0.0
UserA,h22_mc04,Gas National Grid,0.0
UserA,h23_mc04,PV sys,0.0
UserA,h23_mc04,National Grid EE,0.0
UserA,h23_mc04,Storage EE,0.5663038666666664
UserA,h23_mc04,Gas Boiler,0.0
UserA,h23_mc04,HP,0.0
UserA,h23_mc04,AC,0.0
UserA,h23_mc04,Storage HW,0.0
UserA,h23_mc04,Radiators,0.0
UserA,h23_mc04,Floor heating,0.0
UserA,h23_mc04,Induction stove,0.0
UserA,h23_mc04,Gas stove,0.0
UserA,h23_mc04,Gas National Grid,0.0
UserA,h24_mc04,PV sys,0.0
UserA,h24_mc04,National Grid EE,0.0
UserA,h24_mc04,Storage EE,0.30000000000000004
UserA,h24_mc04,Gas Boiler,0.0
UserA,h24_mc04,HP,0.0
UserA,h24_mc04,AC,0.0
UserA,h24_mc04,Storage HW,0.0
UserA,h24_mc04,Radiators,0.0
UserA,h24_mc04,Floor heating,0.0
UserA,h24_mc04,Induction stove,0.0
UserA,h24_mc04,Gas stove,0.0
UserA,h24_mc04,Gas National Grid,0.0
UserA,h01_mc05,PV sys,0.0
UserA,h01_mc05,National Grid EE,0.0
UserA,h01_mc05,Storage EE,0.30000000000000004
UserA,h01_mc05,Gas Boiler,0.0
UserA,h01_mc05,HP,0.0
UserA,h01_mc05,AC,0.0
UserA,h01_mc05,Storage HW,0.0
UserA,h01_mc05,Radiators,0.0
UserA,h01_mc05,Floor heating,0.0
UserA,h01_mc05,Induction stove,0.0
UserA,h01_mc05,Gas stove,0.0
UserA,h01_mc05,Gas National Grid,0.0
UserA,h02_mc05,PV sys,0.0
UserA,h02_mc05,National Grid EE,0.0
UserA,h02_mc05,Storage EE,0.30000000000000004
UserA,h02_mc05,Gas Boiler,0.0
UserA,h02_mc05,HP,0.0
UserA,h02_mc05,AC,0.0
UserA,h02_mc05,Storage HW,0.0
UserA,h02_mc05,Radiators,0.0
UserA,h02_mc05,Floor heating,0.0
UserA,h02_mc05,Induction stove,0.0
UserA,h02_mc05,Gas stove,0.0
UserA,h02_mc05,Gas National Grid,0.0
UserA,h03_mc05,PV sys,0.0
UserA,h03_mc05,National Grid EE,0.0
UserA,h03_mc05,Storage EE,0.30000000000000004
UserA,h03_mc05,Gas Boiler,0.0
UserA,h03_mc05,HP,0.0
UserA,h03_mc05,AC,0.0
UserA,h03_mc05,Storage HW,0.0
UserA,h03_mc05,Radiators,0.0
UserA,h03_mc05,Floor heating,0.0
UserA,h03_mc05,Induction stove,0.0
UserA,h03_mc05,Gas stove,0.0
UserA,h03_mc05,Gas National Grid,0.0
UserA,h04_mc05,PV sys,0.0
UserA,h04_mc05,National Grid EE,0.0
UserA,h04_mc05,Storage EE,0.30000000000000004
UserA,h04_mc05,Gas Boiler,0.0
UserA,h04_mc05,HP,0.0
UserA,h04_mc05,AC,0.0
UserA,h04_mc05,Storage HW,0.0
UserA,h04_mc05,Radiators,0.0
UserA,h04_mc05,Floor heating,0.0
UserA,h04_mc05,Induction stove,0.0
UserA,h04_mc05,Gas stove,0.0
UserA,h04_mc05,Gas National Grid,0.0
UserA,h05_mc05,PV sys,0.0
UserA,h05_mc05,National Grid EE,0.0
UserA,h05_mc05,Storage EE,0.30000000000000004
UserA,h05_mc05,Gas Boiler,0.0
UserA,h05_mc05,HP,0.0
UserA,h05_mc05,AC,0.0
UserA,h05_mc05,Storage HW,0.0
UserA,h05_mc05,Radiators,0.0
UserA,h05_mc05,Floor heating,0.0
UserA,h05_mc05,Induction stove,0.0
UserA,h05_mc05,Gas stove,0.0
UserA,h05_mc05,Gas National Grid,0.0
UserA,h06_mc05,PV sys,0.0
UserA,h06_mc05,National Grid EE,0.0
UserA,h06_mc05,Storage EE,0.30000000000000004
UserA,h06_mc05,Gas Boiler,0.0
UserA,h06_mc05,HP,0.0
UserA,h06_mc05,AC,0.0
UserA,h06_mc05,Storage HW,0.0
UserA,h06_mc05,Radiators,0.0
UserA,h06_mc05,Floor heating,0.0
UserA,h06_mc05,Induction stove,0.0
UserA,h06_mc05,Gas stove,0.0
UserA,h06_mc05,Gas National Grid,0.0
UserA,h07_mc05,PV sys,0.0
UserA,h07_mc05,National Grid EE,0.0
UserA,h07_mc05,Storage EE,0.36696730212351536
UserA,h07_mc05,Gas Boiler,0.0
UserA,h07_mc05,HP,0.0
UserA,h07_mc05,AC,0.0
UserA,h07_mc05,Storage HW,0.0
UserA,h07_mc05,Radiators,0.0
UserA,h07_mc05,Floor heating,0.0
UserA,h07_mc05,Induction stove,0.0
UserA,h07_mc05,Gas stove,0.0
UserA,h07_mc05,Gas National Grid,0.0
UserA,h08_mc05,PV sys,0.0
UserA,h08_mc05,National Grid EE,0.0
UserA,h08_mc05,Storage EE,0.31880968545684846
UserA,h08_mc05,Gas Boiler,0.0
UserA,h08_mc05,HP,0.0
UserA,h08_mc05,AC,0.0
UserA,h08_mc05,Storage HW,0.0
UserA,h08_mc05,Radiators,0.0
UserA,h08_mc05,Floor heating,0.0
UserA,h08_mc05,Induction stove,0.0
UserA,h08_mc05,Gas stove,0.0
UserA,h08_mc05,Gas National Grid,0.0
UserA,h09_mc05,PV sys,0.0
UserA,h09_mc05,National Grid EE,0.0
UserA,h09_mc05,Storage EE,0.41413693545684777
UserA,h09_mc05,Gas Boiler,0.0
UserA,h09_mc05,HP,0.0
UserA,h09_mc05,AC,0.0
UserA,h09_mc05,Storage HW,0.0
UserA,h09_mc05,Radiators,0.0
UserA,h09_mc05,Floor heating,0.0
UserA,h09_mc05,Induction stove,0.0
UserA,h09_mc05,Gas stove,0.0
UserA,h09_mc05,Gas National Grid,0.0
UserA,h10_mc05,PV sys,0.0
UserA,h10_mc05,National Grid EE,0.0
UserA,h10_mc05,Storage EE,0.9457667021235141
UserA,h10_mc05,Gas Boiler,0.0
UserA,h10_mc05,HP,0.0
UserA,h10_mc05,AC,0.0
UserA,h10_mc05,Storage HW,0.0
UserA,h10_mc05,Radiators,0.0
UserA,h10_mc05,Floor heating,0.0
UserA,h10_mc05,Induction stove,0.0
UserA,h10_mc05,Gas stove,0.0
UserA,h10_mc05,Gas National Grid,0.0
UserA,h11_mc05,PV sys,0.0
UserA,h11_mc05,National Grid EE,0.0
UserA,h11_mc05,Storage EE,1.3965172521235139
UserA,h11_mc05,Gas Boiler,0.0
UserA,h11_mc05,HP,0.0
UserA,h11_mc05,AC,0.0
UserA,h11_mc05,Storage HW,0.0
UserA,h11_mc05,Radiators,0.0
UserA,h11_mc05,Floor heating,0.0
UserA,h11_mc05,Induction stove,0.0
UserA,h11_mc05,Gas stove,0.0
UserA,h11_mc05,Gas National Grid,0.0
UserA,h12_mc05,PV sys,0.0
UserA,h12_mc05,National Grid EE,0.0
UserA,h12_mc05,Storage EE,1.8669789521235138
UserA,h12_mc05,Gas Boiler,0.0
UserA,h12_mc05,HP,0.0
UserA,h12_mc05,AC,0.0
UserA,h12_mc05,Storage HW,0.0
UserA,h12_mc05,Radiators,0.0
UserA,h12_mc05,Floor heating,0.0
UserA,h12_mc05,Induction stove,0.0
UserA,h12_mc05,Gas stove,0.0
UserA,h12_mc05,Gas National Grid,0.0
UserA,h13_mc05,PV sys,0.0
UserA,h13_mc05,National Grid EE,0.0
UserA,h13_mc05,Storage EE,2.1841862354568473
UserA,h13_mc05,Gas Boiler,0.0
UserA,h13_mc05,HP,0.0
UserA,h13_mc05,AC,0.0
UserA,h13_mc05,Storage HW,0.0
UserA,h13_mc05,Radiators,0.0
UserA,h13_mc05,Floor heating,0.0
UserA,h13_mc05,Induction stove,0.0
UserA,h13_mc05,Gas stove,0.0
UserA,h13_mc05,Gas National Grid,0.0
UserA,h14_mc05,PV sys,0.0
UserA,h14_mc05,National Grid EE,0.0
UserA,h14_mc05,Storage EE,2.327191102123514
UserA,h14_mc05,Gas Boiler,0.0
UserA,h14_mc05,HP,0.0
UserA,h14_mc05,AC,0.0
UserA,h14_mc05,Storage HW,0.0
UserA,h14_mc05,Radiators,0.0
UserA,h14_mc05,Floor heating,0.0
UserA,h14_mc05,Induction stove,0.0
UserA,h14_mc05,Gas stove,0.0
UserA,h14_mc05,Gas National Grid,0.0
UserA,h15_mc05,PV sys,0.0
UserA,h15_mc05,National Grid EE,0.0
UserA,h15_mc05,Storage EE,2.368940902123514
UserA,h15_mc05,Gas Boiler,0.0
UserA,h15_mc05,HP,0.0
UserA,h15_mc05,AC,0.0
UserA,h15_mc05,Storage HW,0.0
UserA,h15_mc05,Radiators,0.0
UserA,h15_mc05,Floor heating,0.0
UserA,h15_mc05,Induction stove,0.0
UserA,h15_mc05,Gas stove,0.0
UserA,h15_mc05,Gas National Grid,0.0
UserA,h16_mc05,PV sys,0.0
UserA,h16_mc05,National Grid EE,0.0
UserA,h16_mc05,Storage EE,2.280300902123514
UserA,h16_mc05,Gas Boiler,0.0
UserA,h16_mc05,HP,0.0
UserA,h16_mc05,AC,0.0
UserA,h16_mc05,Storage HW,0.0
UserA,h16_mc05,Radiators,0.0
UserA,h16_mc05,Floor heating,0.0
UserA,h16_mc05,Induction stove,0.0
UserA,h16_mc05,Gas stove,0.0
UserA,h16_mc05,Gas National Grid,0.0
UserA,h17_mc05,PV sys,0.0
UserA,h17_mc05,National Grid EE,0.0
UserA,h17_mc05,Storage EE,2.1007503854568474
UserA,h17_mc05,Gas Boiler,0.0
UserA,h17_mc05,HP,0.0
UserA,h17_mc05,AC,0.0
UserA,h17_mc05,Storage HW,0.0
UserA,h17_mc05,Radiators,0.0
UserA,h17_mc05,Floor heating,0.0
UserA,h17_mc05,Induction stove,0.0
UserA,h17_mc05,Gas stove,0.0
UserA,h17_mc05,Gas National Grid,0.0
UserA,h18_mc05,PV sys,0.0
UserA,h18_mc05,National Grid EE,0.0
UserA,h18_mc05,Storage EE,1.82314316879018
UserA,h18_mc05,Gas Boiler,0.0
UserA,h18_mc05,HP,0.0
UserA,h18_mc05,AC,0.0
UserA,h18_mc05,Storage HW,0.0
UserA,h18_mc05,Radiators,0.0
UserA,h18_mc05,Floor heating,0.0
UserA,h18_mc05,Induction stove,0.0
UserA,h18_mc05,Gas stove,0.0
UserA,h18_mc05,Gas National Grid,0.0
UserA,h19_mc05,PV sys,0.0
UserA,h19_mc05,National Grid EE,0.0
UserA,h19_mc05,Storage EE,1.82314316879018
UserA,h19_mc05,Gas Boiler,0.0
UserA,h19_mc05,HP,0.0
UserA,h19_mc05,AC,0.0
UserA,h19_mc05,Storage HW,0.0
UserA,h19_mc05,Radiators,0.0
UserA,h19_mc05,Floor heating,0.0
UserA,h19_mc05,Induction stove,0.0
UserA,h19_mc05,Gas stove,0.0
UserA,h19_mc05,Gas National Grid,0.0
UserA,h20_mc05,PV sys,0.0
UserA,h20_mc05,National Grid EE,0.0
UserA,h20_mc05,Storage EE,1.82314316879018
UserA,h20_mc05,Gas Boiler,0.0
UserA,h20_mc05,HP,0.0
UserA,h20_mc05,AC,0.0
UserA,h20_mc05,Storage HW,0.0
UserA,h20_mc05,Radiators,0.0
UserA,h20_mc05,Floor heating,0.0
UserA,h20_mc05,Induction stove,0.0
UserA,h20_mc05,Gas stove,0.0
UserA,h20_mc05,Gas National Grid,0.0
UserA,h21_mc05,PV sys,0.0
UserA,h21_mc05,National Grid EE,0.0
UserA,h21_mc05,Storage EE,1.5545042521235133
UserA,h21_mc05,Gas Boiler,0.0
UserA,h21_mc05,HP,0.0
UserA,h21_mc05,AC,0.0
UserA,h21_mc05,Storage HW,0.0
UserA,h21_mc05,Radiators,0.0
UserA,h21_mc05,Floor heating,0.0
UserA,h21_mc05,Induction stove,0.0
UserA,h21_mc05,Gas stove,0.0
UserA,h21_mc05,Gas National Grid,0.0
UserA,h22_mc05,PV sys,0.0
UserA,h22_mc05,National Grid EE,0.0
UserA,h22_mc05,Storage EE,1.5545042521235133
UserA,h22_mc05,Gas Boiler,0.0
UserA,h22_mc05,HP,0.0
UserA,h22_mc05,AC,0.0
UserA,h22_mc05,Storage HW,0.0
UserA,h22_mc05,Radiators,0.0
UserA,h22_mc05,Floor heating,0.0
UserA,h22_mc05,Induction stove,0.0
UserA,h22_mc05,Gas stove,0.0
UserA,h22_mc05,Gas National Grid,0.0
UserA,h23_mc05,PV sys,0.0
UserA,h23_mc05,National Grid EE,0.0
UserA,h23_mc05,Storage EE,1.5545042521235133
UserA,h23_mc05,Gas Boiler,0.0
UserA,h23_mc05,HP,0.0
UserA,h23_mc05,AC,0.0
UserA,h23_mc05,Storage HW,0.0
UserA,h23_mc05,Radiators,0.0
UserA,h23_mc05,Floor heating,0.0
UserA,h23_mc05,Induction stove,0.0
UserA,h23_mc05,Gas stove,0.0
UserA,h23_mc05,Gas National Grid,0.0
UserA,h24_mc05,PV sys,0.0
UserA,h24_mc05,National Grid EE,0.0
UserA,h24_mc05,Storage EE,1.5545042521235133
UserA,h24_mc05,Gas Boiler,0.0
UserA,h24_mc05,HP,0.0
UserA,h24_mc05,AC,0.0
UserA,h24_mc05,Storage HW,0.0
UserA,h24_mc05,Radiators,0.0
UserA,h24_mc05,Floor heating,0.0
UserA,h24_mc05,Induction stove,0.0
UserA,h24_mc05,Gas stove,0.0
UserA,h24_mc05,Gas National Grid,0.0
UserA,h01_mc06,PV sys,0.0
UserA,h01_mc06,National Grid EE,0.0
UserA,h01_mc06,Storage EE,1.340402
UserA,h01_mc06,Gas Boiler,0.0
UserA,h01_mc06,HP,0.0
UserA,h01_mc06,AC,0.0
UserA,h01_mc06,Storage HW,0.0
UserA,h01_mc06,Radiators,0.0
UserA,h01_mc06,Floor heating,0.0
UserA,h01_mc06,Induction stove,0.0
UserA,h01_mc06,Gas stove,0.0
UserA,h01_mc06,Gas National Grid,0.0
UserA,h02_mc06,PV sys,0.0
UserA,h02_mc06,National Grid EE,0.0
UserA,h02_mc06,Storage EE,1.1357350666666668
UserA,h02_mc06,Gas Boiler,0.0
UserA,h02_mc06,HP,0.0
UserA,h02_mc06,AC,0.0
UserA,h02_mc06,Storage HW,0.0
UserA,h02_mc06,Radiators,0.0
UserA,h02_mc06,Floor heating,0.0
UserA,h02_mc06,Induction stove,0.0
UserA,h02_mc06,Gas stove,0.0
UserA,h02_mc06,Gas National Grid,0.0
UserA,h03_mc06,PV sys,0.0
UserA,h03_mc06,National Grid EE,0.0
UserA,h03_mc06,Storage EE,0.9801683166666667
UserA,h03_mc06,Gas Boiler,0.0
UserA,h03_mc06,HP,0.0
UserA,h03_mc06,AC,0.0
UserA,h03_mc06,Storage HW,0.0
UserA,h03_mc06,Radiators,0.0
UserA,h03_mc06,Floor heating,0.0
UserA,h03_mc06,Induction stove,0.0
UserA,h03_mc06,Gas stove,0.0
UserA,h03_mc06,Gas National Grid,0.0
UserA,h04_mc06,PV sys,0.0
UserA,h04_mc06,National Grid EE,0.0
UserA,h04_mc06,Storage EE,0.8401673166666666
UserA,h04_mc06,Gas Boiler,0.0
UserA,h04_mc06,HP,0.0
UserA,h04_mc06,AC,0.0
UserA,h04_mc06,Storage HW,0.0
UserA,h04_mc06,Radiators,0.0
UserA,h04_mc06,Floor heating,0.0
UserA,h04_mc06,Induction stove,0.0
UserA,h04_mc06,Gas stove,0.0
UserA,h04_mc06,Gas National Grid,0.0
UserA,h05_mc06,PV sys,0.0
UserA,h05_mc06,National Grid EE,0.0
UserA,h05_mc06,Storage EE,0.6806670666666665
UserA,h05_mc06,Gas Boiler,0.0
UserA,h05_mc06,HP,0.0
UserA,h05_mc06,AC,0.0
UserA,h05_mc06,Storage HW,0.0
UserA,h05_mc06,Radiators,0.0
UserA,h05_mc06,Floor heating,0.0
UserA,h05_mc06,Induction stove,0.0
UserA,h05_mc06,Gas stove,0.0
UserA,h05_mc06,Gas National Grid,0.0
UserA,h06_mc06,PV sys,0.0
UserA,h06_mc06,National Grid EE,0.0
UserA,h06_mc06,Storage EE,0.5375003833333332
UserA,h06_mc06,Gas Boiler,0.0
UserA,h06_mc06,HP,0.0
UserA,h06_mc06,AC,0.0
UserA,h06_mc06,Storage HW,0.0
UserA,h06_mc06,Radiators,0.0
UserA,h06_mc06,Floor heating,0.0
UserA,h06_mc06,Induction stove,0.0
UserA,h06_mc06,Gas stove,0.0
UserA,h06_mc06,Gas National Grid,0.0
UserA,h07_mc06,PV sys,0.0
UserA,h07_mc06,National Grid EE,0.0
UserA,h07_mc06,Storage EE,0.30000000000000004
UserA,h07_mc06,Gas Boiler,0.0
UserA,h07_mc06,HP,0.0
UserA,h07_mc06,AC,0.0
UserA,h07_mc06,Storage HW,0.0
UserA,h07_mc06,Radiators,0.0
UserA,h07_mc06,Floor heating,0.0
UserA,h07_mc06,Induction stove,0.0
UserA,h07_mc06,Gas stove,0.0
UserA,h07_mc06,Gas National Grid,0.0
UserA,h08_mc06,PV sys,0.0
UserA,h08_mc06,National Grid EE,0.0
UserA,h08_mc06,Storage EE,0.5344139666666665
UserA,h08_mc06,Gas Boiler,0.0
UserA,h08_mc06,HP,0.0
UserA,h08_mc06,AC,0.0
UserA,h08_mc06,Storage HW,0.0
UserA,h08_mc06,Radiators,0.0
UserA,h08_mc06,Floor heating,0.0
UserA,h08_mc06,Induction stove,0.0
UserA,h08_mc06,Gas stove,0.0
UserA,h08_mc06,Gas National Grid,0.0
UserA,h09_mc06,PV sys,0.0
UserA,h09_mc06,National Grid EE,0.0
UserA,h09_mc06,Storage EE,1.1277732833333327
UserA,h09_mc06,Gas Boiler,0.0
UserA,h09_mc06,HP,0.0
UserA,h09_mc06,AC,0.0
UserA,h09_mc06,Storage HW,0.0
UserA,h09_mc06,Radiators,0.0
UserA,h09_mc06,Floor heating,0.0
UserA,h09_mc06,Induction stove,0.0
UserA,h09_mc06,Gas stove,0.0
UserA,h09_mc06,Gas National Grid,0.0
UserA,h10_mc06,PV sys,0.0
UserA,h10_mc06,National Grid EE,0.0
UserA,h10_mc06,Storage EE,0.8883590666666663
UserA,h10_mc06,Gas Boiler,0.0
UserA,h10_mc06,HP,0.0
UserA,h10_mc06,AC,0.0
UserA,h10_mc06,Storage HW,0.0
UserA,h10_mc06,Radiators,0.0
UserA,h10_mc06,Floor heating,0.0
UserA,h10_mc06,Induction stove,0.0
UserA,h10_mc06,Gas stove,0.0
UserA,h10_mc06,Gas National Grid,0.0
UserA,h11_mc06,PV sys,0.0
UserA,h11_mc06,National Grid EE,0.0
UserA,h11_mc06,Storage EE,1.6816198833333327
UserA,h11_mc06,Gas Boiler,0.0
UserA,h11_mc06,HP,0.0
UserA,h11_mc06,AC,0.0
UserA,h11_mc06,Storage HW,0.0
UserA,h11_mc06,Radiators,0.0
UserA,h11_mc06,Floor heating,0.0
UserA,h11_mc06,Induction stove,0.0
UserA,h11_mc06,Gas stove,0.0
UserA,h11_mc06,Gas National Grid,0.0
UserA,h12_mc06,PV sys,0.0
UserA,h12_mc06,National Grid EE,0.0
UserA,h12_mc06,Storage EE,2.7598893333333328
UserA,h12_mc06,Gas Boiler,0.0
UserA,h12_mc06,HP,0.0
UserA,h12_mc06,AC,0.0
UserA,h12_mc06,Storage HW,0.0
UserA,h12_mc06,Radiators,0.0
UserA,h12_mc06,Floor heating,0.0
UserA,h12_mc06,Induction stove,0.0
UserA,h12_mc06,Gas stove,0.0
UserA,h12_mc06,Gas National Grid,0.0
UserA,h13_mc06,PV sys,0.0
UserA,h13_mc06,National Grid EE,0.0
UserA,h13_mc06,Storage EE,1.2598893333333323
UserA,h13_mc06,Gas Boiler,0.0
UserA,h13_mc06,HP,0.0
UserA,h13_mc06,AC,0.0
UserA,h13_mc06,Storage HW,0.0
UserA,h13_mc06,Radiators,0.0
UserA,h13_mc06,Floor heating,0.0
UserA,h13_mc06,Induction stove,0.0
UserA,h13_mc06,Gas stove,0.0
UserA,h13_mc06,Gas National Grid,0.0
UserA,h14_mc06,PV sys,0.0
UserA,h14_mc06,National Grid EE,0.0
UserA,h14_mc06,Storage EE,2.0586770499999987
UserA,h14_mc06,Gas Boiler,0.0
UserA,h14_mc06,HP,0.0
UserA,h14_mc06,AC,0.0
UserA,h14_mc06,Storage HW,0.0
UserA,h14_mc06,Radiators,0.0
UserA,h14_mc06,Floor heating,0.0
UserA,h14_mc06,Induction stove,0.0
UserA,h14_mc06,Gas stove,0.0
UserA,h14_mc06,Gas National Grid,0.0
UserA,h15_mc06,PV sys,0.0
UserA,h15_mc06,National Grid EE,0.0
UserA,h15_mc06,Storage EE,2.623776683333332
UserA,h15_mc06,Gas Boiler,0.0
UserA,h15_mc06,HP,0.0
UserA,h15_mc06,AC,0.0
UserA,h15_mc06,Storage HW,0.0
UserA,h15_mc06,Radiators,0.0
UserA,h15_mc06,Floor heating,0.0
UserA,h15_mc06,Induction stove,0.0
UserA,h15_mc06,Gas stove,0.0
UserA,h15_mc06,Gas National Grid,0.0
UserA,h16_mc06,PV sys,0.0
UserA,h16_mc06,National Grid EE,0.0
UserA,h16_mc06,Storage EE,2.8499999999999996
UserA,h16_mc06,Gas Boiler,0.0
UserA,h16_mc06,HP,0.0
UserA,h16_mc06,AC,0.0
UserA,h16_mc06,Storage HW,0.0
UserA,h16_mc06,Radiators,0.0
UserA,h16_mc06,Floor heating,0.0
UserA,h16_mc06,Induction stove,0.0
UserA,h16_mc06,Gas stove,0.0
UserA,h16_mc06,Gas National Grid,0.0
UserA,h17_mc06,PV sys,0.0
UserA,h17_mc06,National Grid EE,0.0
UserA,h17_mc06,Storage EE,2.614999383333333
UserA,h17_mc06,Gas Boiler,0.0
UserA,h17_mc06,HP,0.0
UserA,h17_mc06,AC,0.0
UserA,h17_mc06,Storage HW,0.0
UserA,h17_mc06,Radiators,0.0
UserA,h17_mc06,Floor heating,0.0
UserA,h17_mc06,Induction stove,0.0
UserA,h17_mc06,Gas stove,0.0
UserA,h17_mc06,Gas National Grid,0.0
UserA,h18_mc06,PV sys,0.0
UserA,h18_mc06,National Grid EE,0.0
UserA,h18_mc06,Storage EE,2.338832083333333
UserA,h18_mc06,Gas Boiler,0.0
UserA,h18_mc06,HP,0.0
UserA,h18_mc06,AC,0.0
UserA,h18_mc06,Storage HW,0.0
UserA,h18_mc06,Radiators,0.0
UserA,h18_mc06,Floor heating,0.0
UserA,h18_mc06,Induction stove,0.0
UserA,h18_mc06,Gas stove,0.0
UserA,h18_mc06,Gas National Grid,0.0
UserA,h19_mc06,PV sys,0.0
UserA,h19_mc06,National Grid EE,0.0
UserA,h19_mc06,Storage EE,1.8351328666666658
UserA,h19_mc06,Gas Boiler,0.0
UserA,h19_mc06,HP,0.0
UserA,h19_mc06,AC,0.0
UserA,h19_mc06,Storage HW,0.0
UserA,h19_mc06,Radiators,0.0
UserA,h19_mc06,Floor heating,0.0
UserA,h19_mc06,Induction stove,0.0
UserA,h19_mc06,Gas stove,0.0
UserA,h19_mc06,Gas National Grid,0.0
UserA,h20_mc06,PV sys,0.0
UserA,h20_mc06,National Grid EE,0.0
UserA,h20_mc06,Storage EE,1.4939232166666656
UserA,h20_mc06,Gas Boiler,0.0
UserA,h20_mc06,HP,0.0
UserA,h20_mc06,AC,0.0
UserA,h20_mc06,Storage HW,0.0
UserA,h20_mc06,Radiators,0.0
UserA,h20_mc06,Floor heating,0.0
UserA,h20_mc06,Induction stove,0.0
UserA,h20_mc06,Gas stove,0.0
UserA,h20_mc06,Gas National Grid,0.0
UserA,h21_mc06,PV sys,0.0
UserA,h21_mc06,National Grid EE,0.0
UserA,h21_mc06,Storage EE,1.181478799999999
UserA,h21_mc06,Gas Boiler,0.0
UserA,h21_mc06,HP,0.0
UserA,h21_mc06,AC,0.0
UserA,h21_mc06,Storage HW,0.0
UserA,h21_mc06,Radiators,0.0
UserA,h21_mc06,Floor heating,0.0
UserA,h21_mc06,Induction stove,0.0
UserA,h21_mc06,Gas stove,0.0
UserA,h21_mc06,Gas National Grid,0.0
UserA,h22_mc06,PV sys,0.0
UserA,h22_mc06,National Grid EE,0.0
UserA,h22_mc06,Storage EE,0.5405809500000002
UserA,h22_mc06,Gas Boiler,0.0
UserA,h22_mc06,HP,0.0
UserA,h22_mc06,AC,0.0
UserA,h22_mc06,Storage HW,0.0
UserA,h22_mc06,Radiators,0.0
UserA,h22_mc06,Floor heating,0.0
UserA,h22_mc06,Induction stove,0.0
UserA,h22_mc06,Gas stove,0.0
UserA,h22_mc06,Gas National Grid,0.0
UserA,h23_mc06,PV sys,0.0
UserA,h23_mc06,National Grid EE,0.0
UserA,h23_mc06,Storage EE,0.5405809500000002
UserA,h23_mc06,Gas Boiler,0.0
UserA,h23_mc06,HP,0.0
UserA,h23_mc06,AC,0.0
UserA,h23_mc06,Storage HW,0.0
UserA,h23_mc06,Radiators,0.0
UserA,h23_mc06,Floor heating,0.0
UserA,h23_mc06,Induction stove,0.0
UserA,h23_mc06,Gas stove,0.0
UserA,h23_mc06,Gas National Grid,0.0
UserA,h24_mc06,PV sys,0.0
UserA,h24_mc06,National Grid EE,0.0
UserA,h24_mc06,Storage EE,0.30000000000000004
UserA,h24_mc06,Gas Boiler,0.0
UserA,h24_mc06,HP,0.0
UserA,h24_mc06,AC,0.0
UserA,h24_mc06,Storage HW,0.0
UserA,h24_mc06,Radiators,0.0
UserA,h24_mc06,Floor heating,0.0
UserA,h24_mc06,Induction stove,0.0
UserA,h24_mc06,Gas stove,0.0
UserA,h24_mc06,Gas National Grid,0.0
UserA,h01_mc07,PV sys,0.0
UserA,h01_mc07,National Grid EE,0.0
UserA,h01_mc07,Storage EE,0.30000000000000004
UserA,h01_mc07,Gas Boiler,0.0
UserA,h01_mc07,HP,0.0
UserA,h01_mc07,AC,0.0
UserA,h01_mc07,Storage HW,0.0
UserA,h01_mc07,Radiators,0.0
UserA,h01_mc07,Floor heating,0.0
UserA,h01_mc07,Induction stove,0.0
UserA,h01_mc07,Gas stove,0.0
UserA,h01_mc07,Gas National Grid,0.0
UserA,h02_mc07,PV sys,0.0
UserA,h02_mc07,National Grid EE,0.0
UserA,h02_mc07,Storage EE,0.30000000000000004
UserA,h02_mc07,Gas Boiler,0.0
UserA,h02_mc07,HP,0.0
UserA,h02_mc07,AC,0.0
UserA,h02_mc07,Storage HW,0.0
UserA,h02_mc07,Radiators,0.0
UserA,h02_mc07,Floor heating,0.0
UserA,h02_mc07,Induction stove,0.0
UserA,h02_mc07,Gas stove,0.0
UserA,h02_mc07,Gas National Grid,0.0
UserA,h03_mc07,PV sys,0.0
UserA,h03_mc07,National Grid EE,0.0
UserA,h03_mc07,Storage EE,0.30000000000000004
UserA,h03_mc07,Gas Boiler,0.0
UserA,h03_mc07,HP,0.0
UserA,h03_mc07,AC,0.0
UserA,h03_mc07,Storage HW,0.0
UserA,h03_mc07,Radiators,0.0
UserA,h03_mc07,Floor heating,0.0
UserA,h03_mc07,Induction stove,0.0
UserA,h03_mc07,Gas stove,0.0
UserA,h03_mc07,Gas National Grid,0.0
UserA,h04_mc07,PV sys,0.0
UserA,h04_mc07,National Grid EE,0.0
UserA,h04_mc07,Storage EE,0.30000000000000004
UserA,h04_mc07,Gas Boiler,0.0
UserA,h04_mc07,HP,0.0
UserA,h04_mc07,AC,0.0
UserA,h04_mc07,Storage HW,0.0
UserA,h04_mc07,Radiators,0.0
UserA,h04_mc07,Floor heating,0.0
UserA,h04_mc07,Induction stove,0.0
UserA,h04_mc07,Gas stove,0.0
UserA,h04_mc07,Gas National Grid,0.0
UserA,h05_mc07,PV sys,0.0
UserA,h05_mc07,National Grid EE,0.0
UserA,h05_mc07,Storage EE,0.30000000000000004
UserA,h05_mc07,Gas Boiler,0.0
UserA,h05_mc07,HP,0.0
UserA,h05_mc07,AC,0.0
UserA,h05_mc07,Storage HW,0.0
UserA,h05_mc07,Radiators,0.0
UserA,h05_mc07,Floor heating,0.0
UserA,h05_mc07,Induction stove,0.0
UserA,h05_mc07,Gas stove,0.0
UserA,h05_mc07,Gas National Grid,0.0
UserA,h06_mc07,PV sys,0.0
UserA,h06_mc07,National Grid EE,0.0
UserA,h06_mc07,Storage EE,0.30000000000000004
UserA,h06_mc07,Gas Boiler,0.0
UserA,h06_mc07,HP,0.0
UserA,h06_mc07,AC,0.0
UserA,h06_mc07,Storage HW,0.0
UserA,h06_mc07,Radiators,0.0
UserA,h06_mc07,Floor heating,0.0
UserA,h06_mc07,Induction stove,0.0
UserA,h06_mc07,Gas stove,0.0
UserA,h06_mc07,Gas National Grid,0.0
UserA,h07_mc07,PV sys,0.0
UserA,h07_mc07,National Grid EE,0.0
UserA,h07_mc07,Storage EE,0.30125
UserA,h07_mc07,Gas Boiler,0.0
UserA,h07_mc07,HP,0.0
UserA,h07_mc07,AC,0.0
UserA,h07_mc07,Storage HW,0.0
UserA,h07_mc07,Radiators,0.0
UserA,h07_mc07,Floor heating,0.0
UserA,h07_mc07,Induction stove,0.0
UserA,h07_mc07,Gas stove,0.0
UserA,h07_mc07,Gas National Grid,0.0
UserA,h08_mc07,PV sys,0.0
UserA,h08_mc07,National Grid EE,0.0
UserA,h08_mc07,Storage EE,0.42635
UserA,h08_mc07,Gas Boiler,0.0
UserA,h08_mc07,HP,0.0
UserA,h08_mc07,AC,0.0
UserA,h08_mc07,Storage HW,0.0
UserA,h08_mc07,Radiators,0.0
UserA,h08_mc07,Floor heating,0.0
UserA,h08_mc07,Induction stove,0.0
UserA,h08_mc07,Gas stove,0.0
UserA,h08_mc07,Gas National Grid,0.0
UserA,h09_mc07,PV sys,0.0
UserA,h09_mc07,National Grid EE,0.0
UserA,h09_mc07,Storage EE,0.5440000500000004
UserA,h09_mc07,Gas Boiler,0.0
UserA,h09_mc07,HP,0.0
UserA,h09_mc07,AC,0.0
UserA,h09_mc07,Storage HW,0.0
UserA,h09_mc07,Radiators,0.0
UserA,h09_mc07,Floor heating,0.0
UserA,h09_mc07,Induction stove,0.0
UserA,h09_mc07,Gas stove,0.0
UserA,h09_mc07,Gas National Grid,0.0
UserA,h10_mc07,PV sys,0.0
UserA,h10_mc07,National Grid EE,0.0
UserA,h10_mc07,Storage EE,0.30000000000000004
UserA,h10_mc07,Gas Boiler,0.0
UserA,h10_mc07,HP,0.0
UserA,h10_mc07,AC,0.0
UserA,h10_mc07,Storage HW,0.0
UserA,h10_mc07,Radiators,0.0
UserA,h10_mc07,Floor heating,0.0
UserA,h10_mc07,Induction stove,0.0
UserA,h10_mc07,Gas stove,0.0
UserA,h10_mc07,Gas National Grid,0.0
UserA,h11_mc07,PV sys,0.0
UserA,h11_mc07,National Grid EE,0.0
UserA,h11_mc07,Storage EE,0.30000000000000004
UserA,h11_mc07,Gas Boiler,0.0
UserA,h11_mc07,HP,0.0
UserA,h11_mc07,AC,0.0
UserA,h11_mc07,Storage HW,0.0
UserA,h11_mc07,Radiators,0.0
UserA,h11_mc07,Floor heating,0.0
UserA,h11_mc07,Induction stove,0.0
UserA,h11_mc07,Gas stove,0.0
UserA,h11_mc07,Gas National Grid,0.0
UserA,h12_mc07,PV sys,0.0
UserA,h12_mc07,National Grid EE,0.0
UserA,h12_mc07,Storage EE,0.8072090166666664
UserA,h12_mc07,Gas Boiler,0.0
UserA,h12_mc07,HP,0.0
UserA,h12_mc07,AC,0.0
UserA,h12_mc07,Storage HW,0.0
UserA,h12_mc07,Radiators,0.0
UserA,h12_mc07,Floor heating,0.0
UserA,h12_mc07,Induction stove,0.0
UserA,h12_mc07,Gas stove,0.0
UserA,h12_mc07,Gas National Grid,0.0
UserA,h13_mc07,PV sys,0.0
UserA,h13_mc07,National Grid EE,0.0
UserA,h13_mc07,Storage EE,1.5457232999999997
UserA,h13_mc07,Gas Boiler,0.0
UserA,h13_mc07,HP,0.0
UserA,h13_mc07,AC,0.0
UserA,h13_mc07,Storage HW,0.0
UserA,h13_mc07,Radiators,0.0
UserA,h13_mc07,Floor heating,0.0
UserA,h13_mc07,Induction stove,0.0
UserA,h13_mc07,Gas stove,0.0
UserA,h13_mc07,Gas National Grid,0.0
UserA,h14_mc07,PV sys,0.0
UserA,h14_mc07,National Grid EE,0.0
UserA,h14_mc07,Storage EE,2.2748576166666665
UserA,h14_mc07,Gas Boiler,0.0
UserA,h14_mc07,HP,0.0
UserA,h14_mc07,AC,0.0
UserA,h14_mc07,Storage HW,0.0
UserA,h14_mc07,Radiators,0.0
UserA,h14_mc07,Floor heating,0.0
UserA,h14_mc07,Induction stove,0.0
UserA,h14_mc07,Gas stove,0.0
UserA,h14_mc07,Gas National Grid,0.0
UserA,h15_mc07,PV sys,0.0
UserA,h15_mc07,National Grid EE,0.0
UserA,h15_mc07,Storage EE,2.7916906666666663
UserA,h15_mc07,Gas Boiler,0.0
UserA,h15_mc07,HP,0.0
UserA,h15_mc07,AC,0.0
UserA,h15_mc07,Storage HW,0.0
UserA,h15_mc07,Radiators,0.0
UserA,h15_mc07,Floor heating,0.0
UserA,h15_mc07,Induction stove,0.0
UserA,h15_mc07,Gas stove,0.0
UserA,h15_mc07,Gas National Grid,0.0
UserA,h16_mc07,PV sys,0.0
UserA,h16_mc07,National Grid EE,0.0
UserA,h16_mc07,Storage EE,2.8499999999999996
UserA,h16_mc07,Gas Boiler,0.0
UserA,h16_mc07,HP,0.0
UserA,h16_mc07,AC,0.0
UserA,h16_mc07,Storage HW,0.0
UserA,h16_mc07,Radiators,0.0
UserA,h16_mc07,Floor heating,0.0
UserA,h16_mc07,Induction stove,0.0
UserA,h16_mc07,Gas stove,0.0
UserA,h16_mc07,Gas National Grid,0.0
UserA,h17_mc07,PV sys,0.0
UserA,h17_mc07,National Grid EE,0.0
UserA,h17_mc07,Storage EE,2.8499999999999996
UserA,h17_mc07,Gas Boiler,0.0
UserA,h17_mc07,HP,0.0
UserA,h17_mc07,AC,0.0
UserA,h17_mc07,Storage HW,0.0
UserA,h17_mc07,Radiators,0.0
UserA,h17_mc07,Floor heating,0.0
UserA,h17_mc07,Induction stove,0.0
UserA,h17_mc07,Gas stove,0.0
UserA,h17_mc07,Gas National Grid,0.0
UserA,h18_mc07,PV sys,0.0
UserA,h18_mc07,National Grid EE,0.0
UserA,h18_mc07,Storage EE,2.8499999999999996
UserA,h18_mc07,Gas Boiler,0.0
UserA,h18_mc07,HP,0.0
UserA,h18_mc07,AC,0.0
UserA,h18_mc07,Storage HW,0.0
UserA,h18_mc07,Radiators,0.0
UserA,h18_mc07,Floor heating,0.0
UserA,h18_mc07,Induction stove,0.0
UserA,h18_mc07,Gas stove,0.0
UserA,h18_mc07,Gas National Grid,0.0
UserA,h19_mc07,PV sys,0.0
UserA,h19_mc07,National Grid EE,0.0
UserA,h19_mc07,Storage EE,2.8499999999999996
UserA,h19_mc07,Gas Boiler,0.0
UserA,h19_mc07,HP,0.0
UserA,h19_mc07,AC,0.0
UserA,h19_mc07,Storage HW,0.0
UserA,h19_mc07,Radiators,0.0
UserA,h19_mc07,Floor heating,0.0
UserA,h19_mc07,Induction stove,0.0
UserA,h19_mc07,Gas stove,0.0
UserA,h19_mc07,Gas National Grid,0.0
UserA,h20_mc07,PV sys,0.0
UserA,h20_mc07,National Grid EE,0.0
UserA,h20_mc07,Storage EE,2.8499999999999996
UserA,h20_mc07,Gas Boiler,0.0
UserA,h20_mc07,HP,0.0
UserA,h20_mc07,AC,0.0
UserA,h20_mc07,Storage HW,0.0
UserA,h20_mc07,Radiators,0.0
UserA,h20_mc07,Floor heating,0.0
UserA,h20_mc07,Induction stove,0.0
UserA,h20_mc07,Gas stove,0.0
UserA,h20_mc07,Gas National Grid,0.0
UserA,h21_mc07,PV sys,0.0
UserA,h21_mc07,National Grid EE,0.0
UserA,h21_mc07,Storage EE,2.8499999999999996
UserA,h21_mc07,Gas Boiler,0.0
UserA,h21_mc07,HP,0.0
UserA,h21_mc07,AC,0.0
UserA,h21_mc07,Storage HW,0.0
UserA,h21_mc07,Radiators,0.0
UserA,h21_mc07,Floor heating,0.0
UserA,h21_mc07,Induction stove,0.0
UserA,h21_mc07,Gas stove,0.0
UserA,h21_mc07,Gas National Grid,0.0
UserA,h22_mc07,PV sys,0.0
UserA,h22_mc07,National Grid EE,0.0
UserA,h22_mc07,Storage EE,2.8499999999999996
UserA,h22_mc07,Gas Boiler,0.0
UserA,h22_mc07,HP,0.0
UserA,h22_mc07,AC,0.0
UserA,h22_mc07,Storage HW,0.0
UserA,h22_mc07,Radiators,0.0
UserA,h22_mc07,Floor heating,0.0
UserA,h22_mc07,Induction stove,0.0
UserA,h22_mc07,Gas stove,0.0
UserA,h22_mc07,Gas National Grid,0.0
UserA,h23_mc07,PV sys,0.0
UserA,h23_mc07,National Grid EE,0.0
UserA,h23_mc07,Storage EE,2.8499999999999996
UserA,h23_mc07,Gas Boiler,0.0
UserA,h23_mc07,HP,0.0
UserA,h23_mc07,AC,0.0
UserA,h23_mc07,Storage HW,0.0
UserA,h23_mc07,Radiators,0.0
UserA,h23_mc07,Floor heating,0.0
UserA,h23_mc07,Induction stove,0.0
UserA,h23_mc07,Gas stove,0.0
UserA,h23_mc07,Gas National Grid,0.0
UserA,h24_mc07,PV sys,0.0
UserA,h24_mc07,National Grid EE,0.0
UserA,h24_mc07,Storage EE,2.8499999999999996
UserA,h24_mc07,Gas Boiler,0.0
UserA,h24_mc07,HP,0.0
UserA,h24_mc07,AC,0.0
UserA,h24_mc07,Storage HW,0.0
UserA,h24_mc07,Radiators,0.0
UserA,h24_mc07,Floor heating,0.0
UserA,h24_mc07,Induction stove,0.0
UserA,h24_mc07,Gas stove,0.0
UserA,h24_mc07,Gas National Grid,0.0
UserA,h01_mc08,PV sys,0.0
UserA,h01_mc08,National Grid EE,0.0
UserA,h01_mc08,Storage EE,2.7813926
UserA,h01_mc08,Gas Boiler,0.0
UserA,h01_mc08,HP,0.0
UserA,h01_mc08,AC,0.0
UserA,h01_mc08,Storage HW,0.0
UserA,h01_mc08,Radiators,0.0
UserA,h01_mc08,Floor heating,0.0
UserA,h01_mc08,Induction stove,0.0
UserA,h01_mc08,Gas stove,0.0
UserA,h01_mc08,Gas National Grid,0.0
UserA,h02_mc08,PV sys,0.0
UserA,h02_mc08,National Grid EE,0.0
UserA,h02_mc08,Storage EE,2.7813926
UserA,h02_mc08,Gas Boiler,0.0
UserA,h02_mc08,HP,0.0
UserA,h02_mc08,AC,0.0
UserA,h02_mc08,Storage HW,0.0
UserA,h02_mc08,Radiators,0.0
UserA,h02_mc08,Floor heating,0.0
UserA,h02_mc08,Induction stove,0.0
UserA,h02_mc08,Gas stove,0.0
UserA,h02_mc08,Gas National Grid,0.0
UserA,h03_mc08,PV sys,0.0
UserA,h03_mc08,National Grid EE,0.0
UserA,h03_mc08,Storage EE,2.7813926
UserA,h03_mc08,Gas Boiler,0.0
UserA,h03_mc08,HP,0.0
UserA,h03_mc08,AC,0.0
UserA,h03_mc08,Storage HW,0.0
UserA,h03_mc08,Radiators,0.0
UserA,h03_mc08,Floor heating,0.0
UserA,h03_mc08,Induction stove,0.0
UserA,h03_mc08,Gas stove,0.0
UserA,h03_mc08,Gas National Grid,0.0
UserA,h04_mc08,PV sys,0.0
UserA,h04_mc08,National Grid EE,0.0
UserA,h04_mc08,Storage EE,2.7813926
UserA,h04_mc08,Gas Boiler,0.0
UserA,h04_mc08,HP,0.0
UserA,h04_mc08,AC,0.0
UserA,h04_mc08,Storage HW,0.0
UserA,h04_mc08,Radiators,0.0
UserA,h04_mc08,Floor heating,0.0
UserA,h04_mc08,Induction stove,0.0
UserA,h04_mc08,Gas stove,0.0
UserA,h04_mc08,Gas National Grid,0.0
UserA,h05_mc08,PV sys,0.0
UserA,h05_mc08,National Grid EE,0.0
UserA,h05_mc08,Storage EE,2.7813926
UserA,h05_mc08,Gas Boiler,0.0
UserA,h05_mc08,HP,0.0
UserA,h05_mc08,AC,0.0
UserA,h05_mc08,Storage HW,0.0
UserA,h05_mc08,Radiators,0.0
UserA,h05_mc08,Floor heating,0.0
UserA,h05_mc08,Induction stove,0.0
UserA,h05_mc08,Gas stove,0.0
UserA,h05_mc08,Gas National Grid,0.0
UserA,h06_mc08,PV sys,0.0
UserA,h06_mc08,National Grid EE,0.0
UserA,h06_mc08,Storage EE,2.7813926
UserA,h06_mc08,Gas Boiler,0.0
UserA,h06_mc08,HP,0.0
UserA,h06_mc08,AC,0.0
UserA,h06_mc08,Storage HW,0.0
UserA,h06_mc08,Radiators,0.0
UserA,h06_mc08,Floor heating,0.0
UserA,h06_mc08,Induction stove,0.0
UserA,h06_mc08,Gas stove,0.0
UserA,h06_mc08,Gas National Grid,0.0
UserA,h07_mc08,PV sys,0.0
UserA,h07_mc08,National Grid EE,0.0
UserA,h07_mc08,Storage EE,2.7813926
UserA,h07_mc08,Gas Boiler,0.0
UserA,h07_mc08,HP,0.0
UserA,h07_mc08,AC,0.0
UserA,h07_mc08,Storage HW,0.0
UserA,h07_mc08,Radiators,0.0
UserA,h07_mc08,Floor heating,0.0
UserA,h07_mc08,Induction stove,0.0
UserA,h07_mc08,Gas stove,0.0
UserA,h07_mc08,Gas National Grid,0.0
UserA,h08_mc08,PV sys,0.0
UserA,h08_mc08,National Grid EE,0.0
UserA,h08_mc08,Storage EE,2.5945899999999993
UserA,h08_mc08,Gas Boiler,0.0
UserA,h08_mc08,HP,0.0
UserA,h08_mc08,AC,0.0
UserA,h08_mc08,Storage HW,0.0
UserA,h08_mc08,Radiators,0.0
UserA,h08_mc08,Floor heating,0.0
UserA,h08_mc08,Induction stove,0.0
UserA,h08_mc08,Gas stove,0.0
UserA,h08_mc08,Gas National Grid,0.0
UserA,h09_mc08,PV sys,0.0
UserA,h09_mc08,National Grid EE,0.0
UserA,h09_mc08,Storage EE,2.71418
UserA,h09_mc08,Gas Boiler,0.0
UserA,h09_mc08,HP,0.0
UserA,h09_mc08,AC,0.0
UserA,h09_mc08,Storage HW,0.0
UserA,h09_mc08,Radiators,0.0
UserA,h09_mc08,Floor heating,0.0
UserA,h09_mc08,Induction stove,0.0
UserA,h09_mc08,Gas stove,0.0
UserA,h09_mc08,Gas National Grid,0.0
UserA,h10_mc08,PV sys,0.0
UserA,h10_mc08,National Grid EE,0.0
UserA,h10_mc08,Storage EE,2.8499999999999996
UserA,h10_mc08,Gas Boiler,0.0
UserA,h10_mc08,HP,0.0
UserA,h10_mc08,AC,0.0
UserA,h10_mc08,Storage HW,0.0
UserA,h10_mc08,Radiators,0.0
UserA,h10_mc08,Floor heating,0.0
UserA,h10_mc08,Induction stove,0.0
UserA,h10_mc08,Gas stove,0.0
UserA,h10_mc08,Gas National Grid,0.0
UserA,h11_mc08,PV sys,0.0
UserA,h11_mc08,National Grid EE,0.0
UserA,h11_mc08,Storage EE,2.6845480833333326
UserA,h11_mc08,Gas Boiler,0.0
UserA,h11_mc08,HP,0.0
UserA,h11_mc08,AC,0.0
UserA,h11_mc08,Storage HW,0.0
UserA,h11_mc08,Radiators,0.0
UserA,h11_mc08,Floor heating,0.0
UserA,h11_mc08,Induction stove,0.0
UserA,h11_mc08,Gas stove,0.0
UserA,h11_mc08,Gas National Grid,0.0
UserA,h12_mc08,PV sys,0.0
UserA,h12_mc08,National Grid EE,0.0
UserA,h12_mc08,Storage EE,2.520949883333332
UserA,h12_mc08,Gas Boiler,0.0
UserA,h12_mc08,HP,0.0
UserA,h12_mc08,AC,0.0
UserA,h12_mc08,Storage HW,0.0
UserA,h12_mc08,Radiators,0.0
UserA,h12_mc08,Floor heating,0.0
UserA,h12_mc08,Induction stove,0.0
UserA,h12_mc08,Gas stove,0.0
UserA,h12_mc08,Gas National Grid,0.0
UserA,h13_mc08,PV sys,0.0
UserA,h13_mc08,National Grid EE,0.0
UserA,h13_mc08,Storage EE,1.8164985666666653
UserA,h13_mc08,Gas Boiler,0.0
UserA,h13_mc08,HP,0.0
UserA,h13_mc08,AC,0.0
UserA,h13_mc08,Storage HW,0.0
UserA,h13_mc08,Radiators,0.0
UserA,h13_mc08,Floor heating,0.0
UserA,h13_mc08,Induction stove,0.0
UserA,h13_mc08,Gas stove,0.0
UserA,h13_mc08,Gas National Grid,0.0
UserA,h14_mc08,PV sys,0.0
UserA,h14_mc08,National Grid EE,0.0
UserA,h14_mc08,Storage EE,1.2120282999999996
UserA,h14_mc08,Gas Boiler,0.0
UserA,h14_mc08,HP,0.0
UserA,h14_mc08,AC,0.0
UserA,h14_mc08,Storage HW,0.0
UserA,h14_mc08,Radiators,0.0
UserA,h14_mc08,Floor heating,0.0
UserA,h14_mc08,Induction stove,0.0
UserA,h14_mc08,Gas stove,0.0
UserA,h14_mc08,Gas National Grid,0.0
UserA,h15_mc08,PV sys,0.0
UserA,h15_mc08,National Grid EE,0.0
UserA,h15_mc08,Storage EE,1.3244183
UserA,h15_mc08,Gas Boiler,0.0
UserA,h15_mc08,HP,0.0
UserA,h15_mc08,AC,0.0
UserA,h15_mc08,Storage HW,0.0
UserA,h15_mc08,Radiators,0.0
UserA,h15_mc08,Floor heating,0.0
UserA,h15_mc08,Induction stove,0.0
UserA,h15_mc08,Gas stove,0.0
UserA,h15_mc08,Gas National Grid,0.0
UserA,h16_mc08,PV sys,0.0
UserA,h16_mc08,National Grid EE,0.0
UserA,h16_mc08,Storage EE,1.4119883000000002
UserA,h16_mc08,Gas Boiler,0.0
UserA,h16_mc08,HP,0.0
UserA,h16_mc08,AC,0.0
UserA,h16_mc08,Storage HW,0.0
UserA,h16_mc08,Radiators,0.0
UserA,h16_mc08,Floor heating,0.0
UserA,h16_mc08,Induction stove,0.0
UserA,h16_mc08,Gas stove,0.0
UserA,h16_mc08,Gas National Grid,0.0
UserA,h17_mc08,PV sys,0.0
UserA,h17_mc08,National Grid EE,0.0
UserA,h17_mc08,Storage EE,1.4119883000000002
UserA,h17_mc08,Gas Boiler,0.0
UserA,h17_mc08,HP,0.0
UserA,h17_mc08,AC,0.0
UserA,h17_mc08,Storage HW,0.0
UserA,h17_mc08,Radiators,0.0
UserA,h17_mc08,Floor heating,0.0
UserA,h17_mc08,Induction stove,0.0
UserA,h17_mc08,Gas stove,0.0
UserA,h17_mc08,Gas National Grid,0.0
UserA,h18_mc08,PV sys,0.0
UserA,h18_mc08,National Grid EE,0.0
UserA,h18_mc08,Storage EE,1.4119883000000002
UserA,h18_mc08,Gas Boiler,0.0
UserA,h18_mc08,HP,0.0
UserA,h18_mc08,AC,0.0
UserA,h18_mc08,Storage HW,0.0
UserA,h18_mc08,Radiators,0.0
UserA,h18_mc08,Floor heating,0.0
UserA,h18_mc08,Induction stove,0.0
UserA,h18_mc08,Gas stove,0.0
UserA,h18_mc08,Gas National Grid,0.0
UserA,h19_mc08,PV sys,0.0
UserA,h19_mc08,National Grid EE,0.0
UserA,h19_mc08,Storage EE,1.4119883000000002
UserA,h19_mc08,Gas Boiler,0.0
UserA,h19_mc08,HP,0.0
UserA,h19_mc08,AC,0.0
UserA,h19_mc08,Storage HW,0.0
UserA,h19_mc08,Radiators,0.0
UserA,h19_mc08,Floor heating,0.0
UserA,h19_mc08,Induction stove,0.0
UserA,h19_mc08,Gas stove,0.0
UserA,h19_mc08,Gas National Grid,0.0
UserA,h20_mc08,PV sys,0.0
UserA,h20_mc08,National Grid EE,0.0
UserA,h20_mc08,Storage EE,1.4119883000000002
UserA,h20_mc08,Gas Boiler,0.0
UserA,h20_mc08,HP,0.0
UserA,h20_mc08,AC,0.0
UserA,h20_mc08,Storage HW,0.0
UserA,h20_mc08,Radiators,0.0
UserA,h20_mc08,Floor heating,0.0
UserA,h20_mc08,Induction stove,0.0
UserA,h20_mc08,Gas stove,0.0
UserA,h20_mc08,Gas National Grid,0.0
UserA,h21_mc08,PV sys,0.0
UserA,h21_mc08,National Grid EE,0.0
UserA,h21_mc08,Storage EE,1.4119883000000002
UserA,h21_mc08,Gas Boiler,0.0
UserA,h21_mc08,HP,0.0
UserA,h21_mc08,AC,0.0
UserA,h21_mc08,Storage HW,0.0
UserA,h21_mc08,Radiators,0.0
UserA,h21_mc08,Floor heating,0.0
UserA,h21_mc08,Induction stove,0.0
UserA,h21_mc08,Gas stove,0.0
UserA,h21_mc08,Gas National Grid,0.0
UserA,h22_mc08,PV sys,0.0
UserA,h22_mc08,National Grid EE,0.0
UserA,h22_mc08,Storage EE,0.30000000000000004
UserA,h22_mc08,Gas Boiler,0.0
UserA,h22_mc08,HP,0.0
UserA,h22_mc08,AC,0.0
UserA,h22_mc08,Storage HW,0.0
UserA,h22_mc08,Radiators,0.0
UserA,h22_mc08,Floor heating,0.0
UserA,h22_mc08,Induction stove,0.0
UserA,h22_mc08,Gas stove,0.0
UserA,h22_mc08,Gas National Grid,0.0
UserA,h23_mc08,PV sys,0.0
UserA,h23_mc08,National Grid EE,0.0
UserA,h23_mc08,Storage EE,0.30000000000000004
UserA,h23_mc08,Gas Boiler,0.0
UserA,h23_mc08,HP,0.0
UserA,h23_mc08,AC,0.0
UserA,h23_mc08,Storage HW,0.0
UserA,h23_mc08,Radiators,0.0
UserA,h23_mc08,Floor heating,0.0
UserA,h23_mc08,Induction stove,0.0
UserA,h23_mc08,Gas stove,0.0
UserA,h23_mc08,Gas National Grid,0.0
UserA,h24_mc08,PV sys,0.0
UserA,h24_mc08,National Grid EE,0.0
UserA,h24_mc08,Storage EE,0.30000000000000004
UserA,h24_mc08,Gas Boiler,0.0
UserA,h24_mc08,HP,0.0
UserA,h24_mc08,AC,0.0
UserA,h24_mc08,Storage HW,0.0
UserA,h24_mc08,Radiators,0.0
UserA,h24_mc08,Floor heating,0.0
UserA,h24_mc08,Induction stove,0.0
UserA,h24_mc08,Gas stove,0.0
UserA,h24_mc08,Gas National Grid,0.0
UserA,h01_mc09,PV sys,0.0
UserA,h01_mc09,National Grid EE,0.0
UserA,h01_mc09,Storage EE,0.30000000000000004
UserA,h01_mc09,Gas Boiler,0.0
UserA,h01_mc09,HP,0.0
UserA,h01_mc09,AC,0.0
UserA,h01_mc09,Storage HW,0.0
UserA,h01_mc09,Radiators,0.0
UserA,h01_mc09,Floor heating,0.0
UserA,h01_mc09,Induction stove,0.0
UserA,h01_mc09,Gas stove,0.0
UserA,h01_mc09,Gas National Grid,0.0
UserA,h02_mc09,PV sys,0.0
UserA,h02_mc09,National Grid EE,0.0
UserA,h02_mc09,Storage EE,0.30000000000000004
UserA,h02_mc09,Gas Boiler,0.0
UserA,h02_mc09,HP,0.0
UserA,h02_mc09,AC,0.0
UserA,h02_mc09,Storage HW,0.0
UserA,h02_mc09,Radiators,0.0
UserA,h02_mc09,Floor heating,0.0
UserA,h02_mc09,Induction stove,0.0
UserA,h02_mc09,Gas stove,0.0
UserA,h02_mc09,Gas National Grid,0.0
UserA,h03_mc09,PV sys,0.0
UserA,h03_mc09,National Grid EE,0.0
UserA,h03_mc09,Storage EE,0.30000000000000004
UserA,h03_mc09,Gas Boiler,0.0
UserA,h03_mc09,HP,0.0
UserA,h03_mc09,AC,0.0
UserA,h03_mc09,Storage HW,0.0
UserA,h03_mc09,Radiators,0.0
UserA,h03_mc09,Floor heating,0.0
UserA,h03_mc09,Induction stove,0.0
UserA,h03_mc09,Gas stove,0.0
UserA,h03_mc09,Gas National Grid,0.0
UserA,h04_mc09,PV sys,0.0
UserA,h04_mc09,National Grid EE,0.0
UserA,h04_mc09,Storage EE,0.30000000000000004
UserA,h04_mc09,Gas Boiler,0.0
UserA,h04_mc09,HP,0.0
UserA,h04_mc09,AC,0.0
UserA,h04_mc09,Storage HW,0.0
UserA,h04_mc09,Radiators,0.0
UserA,h04_mc09,Floor heating,0.0
UserA,h04_mc09,Induction stove,0.0
UserA,h04_mc09,Gas stove,0.0
UserA,h04_mc09,Gas National Grid,0.0
UserA,h05_mc09,PV sys,0.0
UserA,h05_mc09,National Grid EE,0.0
UserA,h05_mc09,Storage EE,0.30000000000000004
UserA,h05_mc09,Gas Boiler,0.0
UserA,h05_mc09,HP,0.0
UserA,h05_mc09,AC,0.0
UserA,h05_mc09,Storage HW,0.0
UserA,h05_mc09,Radiators,0.0
UserA,h05_mc09,Floor heating,0.0
UserA,h05_mc09,Induction stove,0.0
UserA,h05_mc09,Gas stove,0.0
UserA,h05_mc09,Gas National Grid,0.0
UserA,h06_mc09,PV sys,0.0
UserA,h06_mc09,National Grid EE,0.0
UserA,h06_mc09,Storage EE,0.30000000000000004
UserA,h06_mc09,Gas Boiler,0.0
UserA,h06_mc09,HP,0.0
UserA,h06_mc09,AC,0.0
UserA,h06_mc09,Storage HW,0.0
UserA,h06_mc09,Radiators,0.0
UserA,h06_mc09,Floor heating,0.0
UserA,h06_mc09,Induction stove,0.0
UserA,h06_mc09,Gas stove,0.0
UserA,h06_mc09,Gas National Grid,0.0
UserA,h07_mc09,PV sys,0.0
UserA,h07_mc09,National Grid EE,0.0
UserA,h07_mc09,Storage EE,0.30000000000000004
UserA,h07_mc09,Gas Boiler,0.0
UserA,h07_mc09,HP,0.0
UserA,h07_mc09,AC,0.0
UserA,h07_mc09,Storage HW,0.0
UserA,h07_mc09,Radiators,0.0
UserA,h07_mc09,Floor heating,0.0
UserA,h07_mc09,Induction stove,0.0
UserA,h07_mc09,Gas stove,0.0
UserA,h07_mc09,Gas National Grid,0.0
UserA,h08_mc09,PV sys,0.0
UserA,h08_mc09,National Grid EE,0.0
UserA,h08_mc09,Storage EE,0.6957412666666649
UserA,h08_mc09,Gas Boiler,0.0
UserA,h08_mc09,HP,0.0
UserA,h08_mc09,AC,0.0
UserA,h08_mc09,Storage HW,0.0
UserA,h08_mc09,Radiators,0.0
UserA,h08_mc09,Floor heating,0.0
UserA,h08_mc09,Induction stove,0.0
UserA,h08_mc09,Gas stove,0.0
UserA,h08_mc09,Gas National Grid,0.0
UserA,h09_mc09,PV sys,0.0
UserA,h09_mc09,National Grid EE,0.0
UserA,h09_mc09,Storage EE,1.3487849833333307
UserA,h09_mc09,Gas Boiler,0.0
UserA,h09_mc09,HP,0.0
UserA,h09_mc09,AC,0.0
UserA,h09_mc09,Storage HW,0.0
UserA,h09_mc09,Radiators,0.0
UserA,h09_mc09,Floor heating,0.0
UserA,h09_mc09,Induction stove,0.0
UserA,h09_mc09,Gas stove,0.0
UserA,h09_mc09,Gas National Grid,0.0
UserA,h10_mc09,PV sys,0.0
UserA,h10_mc09,National Grid EE,0.0
UserA,h10_mc09,Storage EE,2.202908833333332
UserA,h10_mc09,Gas Boiler,0.0
UserA,h10_mc09,HP,0.0
UserA,h10_mc09,AC,0.0
UserA,h10_mc09,Storage HW,0.0
UserA,h10_mc09,Radiators,0.0
UserA,h10_mc09,Floor heating,0.0
UserA,h10_mc09,Induction stove,0.0
UserA,h10_mc09,Gas stove,0.0
UserA,h10_mc09,Gas National Grid,0.0
UserA,h11_mc09,PV sys,0.0
UserA,h11_mc09,National Grid EE,0.0
UserA,h11_mc09,Storage EE,1.702345583333333
UserA,h11_mc09,Gas Boiler,0.0
UserA,h11_mc09,HP,0.0
UserA,h11_mc09,AC,0.0
UserA,h11_mc09,Storage HW,0.0
UserA,h11_mc09,Radiators,0.0
UserA,h11_mc09,Floor heating,0.0
UserA,h11_mc09,Induction stove,0.0
UserA,h11_mc09,Gas stove,0.0
UserA,h11_mc09,Gas National Grid,0.0
UserA,h12_mc09,PV sys,0.0
UserA,h12_mc09,National Grid EE,0.0
UserA,h12_mc09,Storage EE,2.8499999999999996
UserA,h12_mc09,Gas Boiler,0.0
UserA,h12_mc09,HP,0.0
UserA,h12_mc09,AC,0.0
UserA,h12_mc09,Storage HW,0.0
UserA,h12_mc09,Radiators,0.0
UserA,h12_mc09,Floor heating,0.0
UserA,h12_mc09,Induction stove,0.0
UserA,h12_mc09,Gas stove,0.0
UserA,h12_mc09,Gas National Grid,0.0
UserA,h13_mc09,PV sys,0.0
UserA,h13_mc09,National Grid EE,0.0
UserA,h13_mc09,Storage EE,2.8499999999999996
UserA,h13_mc09,Gas Boiler,0.0
UserA,h13_mc09,HP,0.0
UserA,h13_mc09,AC,0.0
UserA,h13_mc09,Storage HW,0.0
UserA,h13_mc09,Radiators,0.0
UserA,h13_mc09,Floor heating,0.0
UserA,h13_mc09,Induction stove,0.0
UserA,h13_mc09,Gas stove,0.0
UserA,h13_mc09,Gas National Grid,0.0
UserA,h14_mc09,PV sys,0.0
UserA,h14_mc09,National Grid EE,0.0
UserA,h14_mc09,Storage EE,2.8499999999999996
UserA,h14_mc09,Gas Boiler,0.0
UserA,h14_mc09,HP,0.0
UserA,h14_mc09,AC,0.0
UserA,h14_mc09,Storage HW,0.0
UserA,h14_mc09,Radiators,0.0
UserA,h14_mc09,Floor heating,0.0
UserA,h14_mc09,Induction stove,0.0
UserA,h14_mc09,Gas stove,0.0
UserA,h14_mc09,Gas National Grid,0.0
UserA,h15_mc09,PV sys,0.0
UserA,h15_mc09,National Grid EE,0.0
UserA,h15_mc09,Storage EE,2.8499999999999996
UserA,h15_mc09,Gas Boiler,0.0
UserA,h15_mc09,HP,0.0
UserA,h15_mc09,AC,0.0
UserA,h15_mc09,Storage HW,0.0
UserA,h15_mc09,Radiators,0.0
UserA,h15_mc09,Floor heating,0.0
UserA,h15_mc09,Induction stove,0.0
UserA,h15_mc09,Gas stove,0.0
UserA,h15_mc09,Gas National Grid,0.0
UserA,h16_mc09,PV sys,0.0
UserA,h16_mc09,National Grid EE,0.0
UserA,h16_mc09,Storage EE,2.65576
UserA,h16_mc09,Gas Boiler,0.0
UserA,h16_mc09,HP,0.0
UserA,h16_mc09,AC,0.0
UserA,h16_mc09,Storage HW,0.0
UserA,h16_mc09,Radiators,0.0
UserA,h16_mc09,Floor heating,0.0
UserA,h16_mc09,Induction stove,0.0
UserA,h16_mc09,Gas stove,0.0
UserA,h16_mc09,Gas National Grid,0.0
UserA,h17_mc09,PV sys,0.0
UserA,h17_mc09,National Grid EE,0.0
UserA,h17_mc09,Storage EE,2.8499999999999996
UserA,h17_mc09,Gas Boiler,0.0
UserA,h17_mc09,HP,0.0
UserA,h17_mc09,AC,0.0
UserA,h17_mc09,Storage HW,0.0
UserA,h17_mc09,Radiators,0.0
UserA,h17_mc09,Floor heating,0.0
UserA,h17_mc09,Induction stove,0.0
UserA,h17_mc09,Gas stove,0.0
UserA,h17_mc09,Gas National Grid,0.0
UserA,h18_mc09,PV sys,0.0
UserA,h18_mc09,National Grid EE,0.0
UserA,h18_mc09,Storage EE,2.6234732166666666
UserA,h18_mc09,Gas Boiler,0.0
UserA,h18_mc09,HP,0.0
UserA,h18_mc09,AC,0.0
UserA,h18_mc09,Storage HW,0.0
UserA,h18_mc09,Radiators,0.0
UserA,h18_mc09,Floor heating,0.0
UserA,h18_mc09,Induction stove,0.0
UserA,h18_mc09,Gas stove,0.0
UserA,h18_mc09,Gas National Grid,0.0
UserA,h19_mc09,PV sys,0.0
UserA,h19_mc09,National Grid EE,0.0
UserA,h19_mc09,Storage EE,2.3146379166666664
UserA,h19_mc09,Gas Boiler,0.0
UserA,h19_mc09,HP,0.0
UserA,h19_mc09,AC,0.0
UserA,h19_mc09,Storage HW,0.0
UserA,h19_mc09,Radiators,0.0
UserA,h19_mc09,Floor heating,0.0
UserA,h19_mc09,Induction stove,0.0
UserA,h19_mc09,Gas stove,0.0
UserA,h19_mc09,Gas National Grid,0.0
UserA,h20_mc09,PV sys,0.0
UserA,h20_mc09,National Grid EE,0.0
UserA,h20_mc09,Storage EE,2.12253325
UserA,h20_mc09,Gas Boiler,0.0
UserA,h20_mc09,HP,0.0
UserA,h20_mc09,AC,0.0
UserA,h20_mc09,Storage HW,0.0
UserA,h20_mc09,Radiators,0.0
UserA,h20_mc09,Floor heating,0.0
UserA,h20_mc09,Induction stove,0.0
UserA,h20_mc09,Gas stove,0.0
UserA,h20_mc09,Gas National Grid,0.0
UserA,h21_mc09,PV sys,0.0
UserA,h21_mc09,National Grid EE,0.0
UserA,h21_mc09,Storage EE,1.85442
UserA,h21_mc09,Gas Boiler,0.0
UserA,h21_mc09,HP,0.0
UserA,h21_mc09,AC,0.0
UserA,h21_mc09,Storage HW,0.0
UserA,h21_mc09,Radiators,0.0
UserA,h21_mc09,Floor heating,0.0
UserA,h21_mc09,Induction stove,0.0
UserA,h21_mc09,Gas stove,0.0
UserA,h21_mc09,Gas National Grid,0.0
UserA,h22_mc09,PV sys,0.0
UserA,h22_mc09,National Grid EE,0.0
UserA,h22_mc09,Storage EE,1.3260558166666658
UserA,h22_mc09,Gas Boiler,0.0
UserA,h22_mc09,HP,0.0
UserA,h22_mc09,AC,0.0
UserA,h22_mc09,Storage HW,0.0
UserA,h22_mc09,Radiators,0.0
UserA,h22_mc09,Floor heating,0.0
UserA,h22_mc09,Induction stove,0.0
UserA,h22_mc09,Gas stove,0.0
UserA,h22_mc09,Gas National Grid,0.0
UserA,h23_mc09,PV sys,0.0
UserA,h23_mc09,National Grid EE,0.0
UserA,h23_mc09,Storage EE,1.0811928833333326
UserA,h23_mc09,Gas Boiler,0.0
UserA,h23_mc09,HP,0.0
UserA,h23_mc09,AC,0.0
UserA,h23_mc09,Storage HW,0.0
UserA,h23_mc09,Radiators,0.0
UserA,h23_mc09,Floor heating,0.0
UserA,h23_mc09,Induction stove,0.0
UserA,h23_mc09,Gas stove,0.0
UserA,h23_mc09,Gas National Grid,0.0
UserA,h24_mc09,PV sys,0.0
UserA,h24_mc09,National Grid EE,0.0
UserA,h24_mc09,Storage EE,0.9333198833333329
UserA,h24_mc09,Gas Boiler,0.0
UserA,h24_mc09,HP,0.0
UserA,h24_mc09,AC,0.0
UserA,h24_mc09,Storage HW,0.0
UserA,h24_mc09,Radiators,0.0
UserA,h24_mc09,Floor heating,0.0
UserA,h24_mc09,Induction stove,0.0
UserA,h24_mc09,Gas stove,0.0
UserA,h24_mc09,Gas National Grid,0.0
UserA,h01_mc10,PV sys,0.0
UserA,h01_mc10,National Grid EE,0.0
UserA,h01_mc10,Storage EE,0.9003223666732323
UserA,h01_mc10,Gas Boiler,0.0
UserA,h01_mc10,HP,0.0
UserA,h01_mc10,AC,0.0
UserA,h01_mc10,Storage HW,0.0
UserA,h01_mc10,Radiators,0.0
UserA,h01_mc10,Floor heating,0.0
UserA,h01_mc10,Induction stove,0.0
UserA,h01_mc10,Gas stove,0.0
UserA,h01_mc10,Gas National Grid,0.0
UserA,h02_mc10,PV sys,0.0
UserA,h02_mc10,National Grid EE,0.0
UserA,h02_mc10,Storage EE,0.7083910833398989
UserA,h02_mc10,Gas Boiler,0.0
UserA,h02_mc10,HP,0.0
UserA,h02_mc10,AC,0.0
UserA,h02_mc10,Storage HW,0.0
UserA,h02_mc10,Radiators,0.0
UserA,h02_mc10,Floor heating,0.0
UserA,h02_mc10,Induction stove,0.0
UserA,h02_mc10,Gas stove,0.0
UserA,h02_mc10,Gas National Grid,0.0
UserA,h03_mc10,PV sys,0.0
UserA,h03_mc10,National Grid EE,0.0
UserA,h03_mc10,Storage EE,0.7083910833398989
UserA,h03_mc10,Gas Boiler,0.0
UserA,h03_mc10,HP,0.0
UserA,h03_mc10,AC,0.0
UserA,h03_mc10,Storage HW,0.0
UserA,h03_mc10,Radiators,0.0
UserA,h03_mc10,Floor heating,0.0
UserA,h03_mc10,Induction stove,0.0
UserA,h03_mc10,Gas stove,0.0
UserA,h03_mc10,Gas National Grid,0.0
UserA,h04_mc10,PV sys,0.0
UserA,h04_mc10,National Grid EE,0.0
UserA,h04_mc10,Storage EE,0.5595907500000001
UserA,h04_mc10,Gas Boiler,0.0
UserA,h04_mc10,HP,0.0
UserA,h04_mc10,AC,0.0
UserA,h04_mc10,Storage HW,0.0
UserA,h04_mc10,Radiators,0.0
UserA,h04_mc10,Floor heating,0.0
UserA,h04_mc10,Induction stove,0.0
UserA,h04_mc10,Gas stove,0.0
UserA,h04_mc10,Gas National Grid,0.0
UserA,h05_mc10,PV sys,0.0
UserA,h05_mc10,National Grid EE,0.0
UserA,h05_mc10,Storage EE,0.41429000000000005
UserA,h05_mc10,Gas Boiler,0.0
UserA,h05_mc10,HP,0.0
UserA,h05_mc10,AC,0.0
UserA,h05_mc10,Storage HW,0.0
UserA,h05_mc10,Radiators,0.0
UserA,h05_mc10,Floor heating,0.0
UserA,h05_mc10,Induction stove,0.0
UserA,h05_mc10,Gas stove,0.0
UserA,h05_mc10,Gas National Grid,0.0
UserA,h06_mc10,PV sys,0.0
UserA,h06_mc10,National Grid EE,0.0
UserA,h06_mc10,Storage EE,0.41429000000000005
UserA,h06_mc10,Gas Boiler,0.0
UserA,h06_mc10,HP,0.0
UserA,h06_mc10,AC,0.0
UserA,h06_mc10,Storage HW,0.0
UserA,h06_mc10,Radiators,0.0
UserA,h06_mc10,Floor heating,0.0
UserA,h06_mc10,Induction stove,0.0
UserA,h06_mc10,Gas stove,0.0
UserA,h06_mc10,Gas National Grid,0.0
UserA,h07_mc10,PV sys,0.0
UserA,h07_mc10,National Grid EE,0.0
UserA,h07_mc10,Storage EE,0.30000000000000004
UserA,h07_mc10,Gas Boiler,0.0
UserA,h07_mc10,HP,0.0
UserA,h07_mc10,AC,0.0
UserA,h07_mc10,Storage HW,0.0
UserA,h07_mc10,Radiators,0.0
UserA,h07_mc10,Floor heating,0.0
UserA,h07_mc10,Induction stove,0.0
UserA,h07_mc10,Gas stove,0.0
UserA,h07_mc10,Gas National Grid,0.0
UserA,h08_mc10,PV sys,0.0
UserA,h08_mc10,National Grid EE,0.0
UserA,h08_mc10,Storage EE,0.43954499999999974
UserA,h08_mc10,Gas Boiler,0.0
UserA,h08_mc10,HP,0.0
UserA,h08_mc10,AC,0.0
UserA,h08_mc10,Storage HW,0.0
UserA,h08_mc10,Radiators,0.0
UserA,h08_mc10,Floor heating,0.0
UserA,h08_mc10,Induction stove,0.0
UserA,h08_mc10,Gas stove,0.0
UserA,h08_mc10,Gas National Grid,0.0
UserA,h09_mc10,PV sys,0.0
UserA,h09_mc10,National Grid EE,0.0
UserA,h09_mc10,Storage EE,0.6758014999999996
UserA,h09_mc10,Gas Boiler,0.0
UserA,h09_mc10,HP,0.0
UserA,h09_mc10,AC,0.0
UserA,h09_mc10,Storage HW,0.0
UserA,h09_mc10,Radiators,0.0
UserA,h09_mc10,Floor heating,0.0
UserA,h09_mc10,Induction stove,0.0
UserA,h09_mc10,Gas stove,0.0
UserA,h09_mc10,Gas National Grid,0.0
UserA,h10_mc10,PV sys,0.0
UserA,h10_mc10,National Grid EE,0.0
UserA,h10_mc10,Storage EE,0.30000000000000004
UserA,h10_mc10,Gas Boiler,0.0
UserA,h10_mc10,HP,0.0
UserA,h10_mc10,AC,0.0
UserA,h10_mc10,Storage HW,0.0
UserA,h10_mc10,Radiators,0.0
UserA,h10_mc10,Floor heating,0.0
UserA,h10_mc10,Induction stove,0.0
UserA,h10_mc10,Gas stove,0.0
UserA,h10_mc10,Gas National Grid,0.0
UserA,h11_mc10,PV sys,0.0
UserA,h11_mc10,National Grid EE,0.0
UserA,h11_mc10,Storage EE,1.438217765253806
UserA,h11_mc10,Gas Boiler,0.0
UserA,h11_mc10,HP,0.0
UserA,h11_mc10,AC,0.0
UserA,h11_mc10,Storage HW,0.0
UserA,h11_mc10,Radiators,0.0
UserA,h11_mc10,Floor heating,0.0
UserA,h11_mc10,Induction stove,0.0
UserA,h11_mc10,Gas stove,0.0
UserA,h11_mc10,Gas National Grid,0.0
UserA,h12_mc10,PV sys,0.0
UserA,h12_mc10,National Grid EE,0.0
UserA,h12_mc10,Storage EE,2.6783059152538056
UserA,h12_mc10,Gas Boiler,0.0
UserA,h12_mc10,HP,0.0
UserA,h12_mc10,AC,0.0
UserA,h12_mc10,Storage HW,0.0
UserA,h12_mc10,Radiators,0.0
UserA,h12_mc10,Floor heating,0.0
UserA,h12_mc10,Induction stove,0.0
UserA,h12_mc10,Gas stove,0.0
UserA,h12_mc10,Gas National Grid,0.0
UserA,h13_mc10,PV sys,0.0
UserA,h13_mc10,National Grid EE,0.0
UserA,h13_mc10,Storage EE,1.6085823499999994
UserA,h13_mc10,Gas Boiler,0.0
UserA,h13_mc10,HP,0.0
UserA,h13_mc10,AC,0.0
UserA,h13_mc10,Storage HW,0.0
UserA,h13_mc10,Radiators,0.0
UserA,h13_mc10,Floor heating,0.0
UserA,h13_mc10,Induction stove,0.0
UserA,h13_mc10,Gas stove,0.0
UserA,h13_mc10,Gas National Grid,0.0
UserA,h14_mc10,PV sys,0.0
UserA,h14_mc10,National Grid EE,0.0
UserA,h14_mc10,Storage EE,1.2530848333333333
UserA,h14_mc10,Gas Boiler,0.0
UserA,h14_mc10,HP,0.0
UserA,h14_mc10,AC,0.0
UserA,h14_mc10,Storage HW,0.0
UserA,h14_mc10,Radiators,0.0
UserA,h14_mc10,Floor heating,0.0
UserA,h14_mc10,Induction stove,0.0
UserA,h14_mc10,Gas stove,0.0
UserA,h14_mc10,Gas National Grid,0.0
UserA,h15_mc10,PV sys,0.0
UserA,h15_mc10,National Grid EE,0.0
UserA,h15_mc10,Storage EE,2.1625968333333327
UserA,h15_mc10,Gas Boiler,0.0
UserA,h15_mc10,HP,0.0
UserA,h15_mc10,AC,0.0
UserA,h15_mc10,Storage HW,0.0
UserA,h15_mc10,Radiators,0.0
UserA,h15_mc10,Floor heating,0.0
UserA,h15_mc10,Induction stove,0.0
UserA,h15_mc10,Gas stove,0.0
UserA,h15_mc10,Gas National Grid,0.0
UserA,h16_mc10,PV sys,0.0
UserA,h16_mc10,National Grid EE,0.0
UserA,h16_mc10,Storage EE,2.7325033666666663
UserA,h16_mc10,Gas Boiler,0.0
UserA,h16_mc10,HP,0.0
UserA,h16_mc10,AC,0.0
UserA,h16_mc10,Storage HW,0.0
UserA,h16_mc10,Radiators,0.0
UserA,h16_mc10,Floor heating,0.0
UserA,h16_mc10,Induction stove,0.0
UserA,h16_mc10,Gas stove,0.0
UserA,h16_mc10,Gas National Grid,0.0
UserA,h17_mc10,PV sys,0.0
UserA,h17_mc10,National Grid EE,0.0
UserA,h17_mc10,Storage EE,2.8499999999999996
UserA,h17_mc10,Gas Boiler,0.0
UserA,h17_mc10,HP,0.0
UserA,h17_mc10,AC,0.0
UserA,h17_mc10,Storage HW,0.0
UserA,h17_mc10,Radiators,0.0
UserA,h17_mc10,Floor heating,0.0
UserA,h17_mc10,Induction stove,0.0
UserA,h17_mc10,Gas stove,0.0
UserA,h17_mc10,Gas National Grid,0.0
UserA,h18_mc10,PV sys,0.0
UserA,h18_mc10,National Grid EE,0.0
UserA,h18_mc10,Storage EE,2.8499999999999996
UserA,h18_mc10,Gas Boiler,0.0
UserA,h18_mc10,HP,0.0
UserA,h18_mc10,AC,0.0
UserA,h18_mc10,Storage HW,0.0
UserA,h18_mc10,Radiators,0.0
UserA,h18_mc10,Floor heating,0.0
UserA,h18_mc10,Induction stove,0.0
UserA,h18_mc10,Gas stove,0.0
UserA,h18_mc10,Gas National Grid,0.0
UserA,h19_mc10,PV sys,0.0
UserA,h19_mc10,National Grid EE,0.0
UserA,h19_mc10,Storage EE,2.8499999999999996
UserA,h19_mc10,Gas Boiler,0.0
UserA,h19_mc10,HP,0.0
UserA,h19_mc10,AC,0.0
UserA,h19_mc10,Storage HW,0.0
UserA,h19_mc10,Radiators,0.0
UserA,h19_mc10,Floor heating,0.0
UserA,h19_mc10,Induction stove,0.0
UserA,h19_mc10,Gas stove,0.0
UserA,h19_mc10,Gas National Grid,0.0
UserA,h20_mc10,PV sys,0.0
UserA,h20_mc10,National Grid EE,0.0
UserA,h20_mc10,Storage EE,2.8499999999999996
UserA,h20_mc10,Gas Boiler,0.0
UserA,h20_mc10,HP,0.0
UserA,h20_mc10,AC,0.0
UserA,h20_mc10,Storage HW,0.0
UserA,h20_mc10,Radiators,0.0
UserA,h20_mc10,Floor heating,0.0
UserA,h20_mc10,Induction stove,0.0
UserA,h20_mc10,Gas stove,0.0
UserA,h20_mc10,Gas National Grid,0.0
UserA,h21_mc10,PV sys,0.0
UserA,h21_mc10,National Grid EE,0.0
UserA,h21_mc10,Storage EE,2.8499999999999996
UserA,h21_mc10,Gas Boiler,0.0
UserA,h21_mc10,HP,0.0
UserA,h21_mc10,AC,0.0
UserA,h21_mc10,Storage HW,0.0
UserA,h21_mc10,Radiators,0.0
UserA,h21_mc10,Floor heating,0.0
UserA,h21_mc10,Induction stove,0.0
UserA,h21_mc10,Gas stove,0.0
UserA,h21_mc10,Gas National Grid,0.0
UserA,h22_mc10,PV sys,0.0
UserA,h22_mc10,National Grid EE,0.0
UserA,h22_mc10,Storage EE,2.8499999999999996
UserA,h22_mc10,Gas Boiler,0.0
UserA,h22_mc10,HP,0.0
UserA,h22_mc10,AC,0.0
UserA,h22_mc10,Storage HW,0.0
UserA,h22_mc10,Radiators,0.0
UserA,h22_mc10,Floor heating,0.0
UserA,h22_mc10,Induction stove,0.0
UserA,h22_mc10,Gas stove,0.0
UserA,h22_mc10,Gas National Grid,0.0
UserA,h23_mc10,PV sys,0.0
UserA,h23_mc10,National Grid EE,0.0
UserA,h23_mc10,Storage EE,2.8499999999999996
UserA,h23_mc10,Gas Boiler,0.0
UserA,h23_mc10,HP,0.0
UserA,h23_mc10,AC,0.0
UserA,h23_mc10,Storage HW,0.0
UserA,h23_mc10,Radiators,0.0
UserA,h23_mc10,Floor heating,0.0
UserA,h23_mc10,Induction stove,0.0
UserA,h23_mc10,Gas stove,0.0
UserA,h23_mc10,Gas National Grid,0.0
UserA,h24_mc10,PV sys,0.0
UserA,h24_mc10,National Grid EE,0.0
UserA,h24_mc10,Storage EE,2.8499999999999996
UserA,h24_mc10,Gas Boiler,0.0
UserA,h24_mc10,HP,0.0
UserA,h24_mc10,AC,0.0
UserA,h24_mc10,Storage HW,0.0
UserA,h24_mc10,Radiators,0.0
UserA,h24_mc10,Floor heating,0.0
UserA,h24_mc10,Induction stove,0.0
UserA,h24_mc10,Gas stove,0.0
UserA,h24_mc10,Gas National Grid,0.0
UserA,h01_mc11,PV sys,0.0
UserA,h01_mc11,National Grid EE,0.0
UserA,h01_mc11,Storage EE,2.8499999999999996
UserA,h01_mc11,Gas Boiler,0.0
UserA,h01_mc11,HP,0.0
UserA,h01_mc11,AC,0.0
UserA,h01_mc11,Storage HW,0.0
UserA,h01_mc11,Radiators,0.0
UserA,h01_mc11,Floor heating,0.0
UserA,h01_mc11,Induction stove,0.0
UserA,h01_mc11,Gas stove,0.0
UserA,h01_mc11,Gas National Grid,0.0
UserA,h02_mc11,PV sys,0.0
UserA,h02_mc11,National Grid EE,0.0
UserA,h02_mc11,Storage EE,2.8499999999999996
UserA,h02_mc11,Gas Boiler,0.0
UserA,h02_mc11,HP,0.0
UserA,h02_mc11,AC,0.0
UserA,h02_mc11,Storage HW,0.0
UserA,h02_mc11,Radiators,0.0
UserA,h02_mc11,Floor heating,0.0
UserA,h02_mc11,Induction stove,0.0
UserA,h02_mc11,Gas stove,0.0
UserA,h02_mc11,Gas National Grid,0.0
UserA,h03_mc11,PV sys,0.0
UserA,h03_mc11,National Grid EE,0.0
UserA,h03_mc11,Storage EE,2.6969999999999996
UserA,h03_mc11,Gas Boiler,0.0
UserA,h03_mc11,HP,0.0
UserA,h03_mc11,AC,0.0
UserA,h03_mc11,Storage HW,0.0
UserA,h03_mc11,Radiators,0.0
UserA,h03_mc11,Floor heating,0.0
UserA,h03_mc11,Induction stove,0.0
UserA,h03_mc11,Gas stove,0.0
UserA,h03_mc11,Gas National Grid,0.0
UserA,h04_mc11,PV sys,0.0
UserA,h04_mc11,National Grid EE,0.0
UserA,h04_mc11,Storage EE,2.6969999999999996
UserA,h04_mc11,Gas Boiler,0.0
UserA,h04_mc11,HP,0.0
UserA,h04_mc11,AC,0.0
UserA,h04_mc11,Storage HW,0.0
UserA,h04_mc11,Radiators,0.0
UserA,h04_mc11,Floor heating,0.0
UserA,h04_mc11,Induction stove,0.0
UserA,h04_mc11,Gas stove,0.0
UserA,h04_mc11,Gas National Grid,0.0
UserA,h05_mc11,PV sys,0.0
UserA,h05_mc11,National Grid EE,0.0
UserA,h05_mc11,Storage EE,2.6969999999999996
UserA,h05_mc11,Gas Boiler,0.0
UserA,h05_mc11,HP,0.0
UserA,h05_mc11,AC,0.0
UserA,h05_mc11,Storage HW,0.0
UserA,h05_mc11,Radiators,0.0
UserA,h05_mc11,Floor heating,0.0
UserA,h05_mc11,Induction stove,0.0
UserA,h05_mc11,Gas stove,0.0
UserA,h05_mc11,Gas National Grid,0.0
UserA,h06_mc11,PV sys,0.0
UserA,h06_mc11,National Grid EE,0.0
UserA,h06_mc11,Storage EE,2.51475
UserA,h06_mc11,Gas Boiler,0.0
UserA,h06_mc11,HP,0.0
UserA,h06_mc11,AC,0.0
UserA,h06_mc11,Storage HW,0.0
UserA,h06_mc11,Radiators,0.0
UserA,h06_mc11,Floor heating,0.0
UserA,h06_mc11,Induction stove,0.0
UserA,h06_mc11,Gas stove,0.0
UserA,h06_mc11,Gas National Grid,0.0
UserA,h07_mc11,PV sys,0.0
UserA,h07_mc11,National Grid EE,0.0
UserA,h07_mc11,Storage EE,2.51475
UserA,h07_mc11,Gas Boiler,0.0
UserA,h07_mc11,HP,0.0
UserA,h07_mc11,AC,0.0
UserA,h07_mc11,Storage HW,0.0
UserA,h07_mc11,Radiators,0.0
UserA,h07_mc11,Floor heating,0.0
UserA,h07_mc11,Induction stove,0.0
UserA,h07_mc11,Gas stove,0.0
UserA,h07_mc11,Gas National Grid,0.0
UserA,h08_mc11,PV sys,0.0
UserA,h08_mc11,National Grid EE,0.0
UserA,h08_mc11,Storage EE,2.058114366666666
UserA,h08_mc11,Gas Boiler,0.0
UserA,h08_mc11,HP,0.0
UserA,h08_mc11,AC,0.0
UserA,h08_mc11,Storage HW,0.0
UserA,h08_mc11,Radiators,0.0
UserA,h08_mc11,Floor heating,0.0
UserA,h08_mc11,Induction stove,0.0
UserA,h08_mc11,Gas stove,0.0
UserA,h08_mc11,Gas National Grid,0.0
UserA,h09_mc11,PV sys,0.0
UserA,h09_mc11,National Grid EE,0.0
UserA,h09_mc11,Storage EE,2.1777043666666662
UserA,h09_mc11,Gas Boiler,0.0
UserA,h09_mc11,HP,0.0
UserA,h09_mc11,AC,0.0
UserA,h09_mc11,Storage HW,0.0
UserA,h09_mc11,Radiators,0.0
UserA,h09_mc11,Floor heating,0.0
UserA,h09_mc11,Induction stove,0.0
UserA,h09_mc11,Gas stove,0.0
UserA,h09_mc11,Gas National Grid,0.0
UserA,h10_mc11,PV sys,0.0
UserA,h10_mc11,National Grid EE,0.0
UserA,h10_mc11,Storage EE,2.1063478000000004
UserA,h10_mc11,Gas Boiler,0.0
UserA,h10_mc11,HP,0.0
UserA,h10_mc11,AC,0.0
UserA,h10_mc11,Storage HW,0.0
UserA,h10_mc11,Radiators,0.0
UserA,h10_mc11,Floor heating,0.0
UserA,h10_mc11,Induction stove,0.0
UserA,h10_mc11,Gas stove,0.0
UserA,h10_mc11,Gas National Grid,0.0
UserA,h11_mc11,PV sys,0.0
UserA,h11_mc11,National Grid EE,0.0
UserA,h11_mc11,Storage EE,1.6092280500000014
UserA,h11_mc11,Gas Boiler,0.0
UserA,h11_mc11,HP,0.0
UserA,h11_mc11,AC,0.0
UserA,h11_mc11,Storage HW,0.0
UserA,h11_mc11,Radiators,0.0
UserA,h11_mc11,Floor heating,0.0
UserA,h11_mc11,Induction stove,0.0
UserA,h11_mc11,Gas stove,0.0
UserA,h11_mc11,Gas National Grid,0.0
UserA,h12_mc11,PV sys,0.0
UserA,h12_mc11,National Grid EE,0.0
UserA,h12_mc11,Storage EE,1.3992125666666673
UserA,h12_mc11,Gas Boiler,0.0
UserA,h12_mc11,HP,0.0
UserA,h12_mc11,AC,0.0
UserA,h12_mc11,Storage HW,0.0
UserA,h12_mc11,Radiators,0.0
UserA,h12_mc11,Floor heating,0.0
UserA,h12_mc11,Induction stove,0.0
UserA,h12_mc11,Gas stove,0.0
UserA,h12_mc11,Gas National Grid,0.0
UserA,h13_mc11,PV sys,0.0
UserA,h13_mc11,National Grid EE,0.0
UserA,h13_mc11,Storage EE,1.137929416666667
UserA,h13_mc11,Gas Boiler,0.0
UserA,h13_mc11,HP,0.0
UserA,h13_mc11,AC,0.0
UserA,h13_mc11,Storage HW,0.0
UserA,h13_mc11,Radiators,0.0
UserA,h13_mc11,Floor heating,0.0
UserA,h13_mc11,Induction stove,0.0
UserA,h13_mc11,Gas stove,0.0
UserA,h13_mc11,Gas National Grid,0.0
UserA,h14_mc11,PV sys,0.0
UserA,h14_mc11,National Grid EE,0.0
UserA,h14_mc11,Storage EE,0.9949992333333332
UserA,h14_mc11,Gas Boiler,0.0
UserA,h14_mc11,HP,0.0
UserA,h14_mc11,AC,0.0
UserA,h14_mc11,Storage HW,0.0
UserA,h14_mc11,Radiators,0.0
UserA,h14_mc11,Floor heating,0.0
UserA,h14_mc11,Induction stove,0.0
UserA,h14_mc11,Gas stove,0.0
UserA,h14_mc11,Gas National Grid,0.0
UserA,h15_mc11,PV sys,0.0
UserA,h15_mc11,National Grid EE,0.0
UserA,h15_mc11,Storage EE,0.8373881499999997
UserA,h15_mc11,Gas Boiler,0.0
UserA,h15_mc11,HP,0.0
UserA,h15_mc11,AC,0.0
UserA,h15_mc11,Storage HW,0.0
UserA,h15_mc11,Radiators,0.0
UserA,h15_mc11,Floor heating,0.0
UserA,h15_mc11,Induction stove,0.0
UserA,h15_mc11,Gas stove,0.0
UserA,h15_mc11,Gas National Grid,0.0
UserA,h16_mc11,PV sys,0.0
UserA,h16_mc11,National Grid EE,0.0
UserA,h16_mc11,Storage EE,0.6257081499999999
UserA,h16_mc11,Gas Boiler,0.0
UserA,h16_mc11,HP,0.0
UserA,h16_mc11,AC,0.0
UserA,h16_mc11,Storage HW,0.0
UserA,h16_mc11,Radiators,0.0
UserA,h16_mc11,Floor heating,0.0
UserA,h16_mc11,Induction stove,0.0
UserA,h16_mc11,Gas stove,0.0
UserA,h16_mc11,Gas National Grid,0.0
UserA,h17_mc11,PV sys,0.0
UserA,h17_mc11,National Grid EE,0.0
UserA,h17_mc11,Storage EE,0.6257081499999999
UserA,h17_mc11,Gas Boiler,0.0
UserA,h17_mc11,HP,0.0
UserA,h17_mc11,AC,0.0
UserA,h17_mc11,Storage HW,0.0
UserA,h17_mc11,Radiators,0.0
UserA,h17_mc11,Floor heating,0.0
UserA,h17_mc11,Induction stove,0.0
UserA,h17_mc11,Gas stove,0.0
UserA,h17_mc11,Gas National Grid,0.0
UserA,h18_mc11,PV sys,0.0
UserA,h18_mc11,National Grid EE,0.0
UserA,h18_mc11,Storage EE,0.6257081499999999
UserA,h18_mc11,Gas Boiler,0.0
UserA,h18_mc11,HP,0.0
UserA,h18_mc11,AC,0.0
UserA,h18_mc11,Storage HW,0.0
UserA,h18_mc11,Radiators,0.0
UserA,h18_mc11,Floor heating,0.0
UserA,h18_mc11,Induction stove,0.0
UserA,h18_mc11,Gas stove,0.0
UserA,h18_mc11,Gas National Grid,0.0
UserA,h19_mc11,PV sys,0.0
UserA,h19_mc11,National Grid EE,0.0
UserA,h19_mc11,Storage EE,0.3
UserA,h19_mc11,Gas Boiler,0.0
UserA,h19_mc11,HP,0.0
UserA,h19_mc11,AC,0.0
UserA,h19_mc11,Storage HW,0.0
UserA,h19_mc11,Radiators,0.0
UserA,h19_mc11,Floor heating,0.0
UserA,h19_mc11,Induction stove,0.0
UserA,h19_mc11,Gas stove,0.0
UserA,h19_mc11,Gas National Grid,0.0
UserA,h20_mc11,PV sys,0.0
UserA,h20_mc11,National Grid EE,0.0
UserA,h20_mc11,Storage EE,0.3
UserA,h20_mc11,Gas Boiler,0.0
UserA,h20_mc11,HP,0.0
UserA,h20_mc11,AC,0.0
UserA,h20_mc11,Storage HW,0.0
UserA,h20_mc11,Radiators,0.0
UserA,h20_mc11,Floor heating,0.0
UserA,h20_mc11,Induction stove,0.0
UserA,h20_mc11,Gas stove,0.0
UserA,h20_mc11,Gas National Grid,0.0
UserA,h21_mc11,PV sys,0.0
UserA,h21_mc11,National Grid EE,0.0
UserA,h21_mc11,Storage EE,0.30000000000000004
UserA,h21_mc11,Gas Boiler,0.0
UserA,h21_mc11,HP,0.0
UserA,h21_mc11,AC,0.0
UserA,h21_mc11,Storage HW,0.0
UserA,h21_mc11,Radiators,0.0
UserA,h21_mc11,Floor heating,0.0
UserA,h21_mc11,Induction stove,0.0
UserA,h21_mc11,Gas stove,0.0
UserA,h21_mc11,Gas National Grid,0.0
UserA,h22_mc11,PV sys,0.0
UserA,h22_mc11,National Grid EE,0.0
UserA,h22_mc11,Storage EE,0.3
UserA,h22_mc11,Gas Boiler,0.0
UserA,h22_mc11,HP,0.0
UserA,h22_mc11,AC,0.0
UserA,h22_mc11,Storage HW,0.0
UserA,h22_mc11,Radiators,0.0
UserA,h22_mc11,Floor heating,0.0
UserA,h22_mc11,Induction stove,0.0
UserA,h22_mc11,Gas stove,0.0
UserA,h22_mc11,Gas National Grid,0.0
UserA,h23_mc11,PV sys,0.0
UserA,h23_mc11,National Grid EE,0.0
UserA,h23_mc11,Storage EE,0.3
UserA,h23_mc11,Gas Boiler,0.0
UserA,h23_mc11,HP,0.0
UserA,h23_mc11,AC,0.0
UserA,h23_mc11,Storage HW,0.0
UserA,h23_mc11,Radiators,0.0
UserA,h23_mc11,Floor heating,0.0
UserA,h23_mc11,Induction stove,0.0
UserA,h23_mc11,Gas stove,0.0
UserA,h23_mc11,Gas National Grid,0.0
UserA,h24_mc11,PV sys,0.0
UserA,h24_mc11,National Grid EE,0.0
UserA,h24_mc11,Storage EE,0.30000000000000004
UserA,h24_mc11,Gas Boiler,0.0
UserA,h24_mc11,HP,0.0
UserA,h24_mc11,AC,0.0
UserA,h24_mc11,Storage HW,0.0
UserA,h24_mc11,Radiators,0.0
UserA,h24_mc11,Floor heating,0.0
UserA,h24_mc11,Induction stove,0.0
UserA,h24_mc11,Gas stove,0.0
UserA,h24_mc11,Gas National Grid,0.0
UserA,h01_mc12,PV sys,0.0
UserA,h01_mc12,National Grid EE,0.0
UserA,h01_mc12,Storage EE,0.3
UserA,h01_mc12,Gas Boiler,0.0
UserA,h01_mc12,HP,0.0
UserA,h01_mc12,AC,0.0
UserA,h01_mc12,Storage HW,0.0
UserA,h01_mc12,Radiators,0.0
UserA,h01_mc12,Floor heating,0.0
UserA,h01_mc12,Induction stove,0.0
UserA,h01_mc12,Gas stove,0.0
UserA,h01_mc12,Gas National Grid,0.0
UserA,h02_mc12,PV sys,0.0
UserA,h02_mc12,National Grid EE,0.0
UserA,h02_mc12,Storage EE,0.3
UserA,h02_mc12,Gas Boiler,0.0
UserA,h02_mc12,HP,0.0
UserA,h02_mc12,AC,0.0
UserA,h02_mc12,Storage HW,0.0
UserA,h02_mc12,Radiators,0.0
UserA,h02_mc12,Floor heating,0.0
UserA,h02_mc12,Induction stove,0.0
UserA,h02_mc12,Gas stove,0.0
UserA,h02_mc12,Gas National Grid,0.0
UserA,h03_mc12,PV sys,0.0
UserA,h03_mc12,National Grid EE,0.0
UserA,h03_mc12,Storage EE,0.3
UserA,h03_mc12,Gas Boiler,0.0
UserA,h03_mc12,HP,0.0
UserA,h03_mc12,AC,0.0
UserA,h03_mc12,Storage HW,0.0
UserA,h03_mc12,Radiators,0.0
UserA,h03_mc12,Floor heating,0.0
UserA,h03_mc12,Induction stove,0.0
UserA,h03_mc12,Gas stove,0.0
UserA,h03_mc12,Gas National Grid,0.0
UserA,h04_mc12,PV sys,0.0
UserA,h04_mc12,National Grid EE,0.0
UserA,h04_mc12,Storage EE,0.3
UserA,h04_mc12,Gas Boiler,0.0
UserA,h04_mc12,HP,0.0
UserA,h04_mc12,AC,0.0
UserA,h04_mc12,Storage HW,0.0
UserA,h04_mc12,Radiators,0.0
UserA,h04_mc12,Floor heating,0.0
UserA,h04_mc12,Induction stove,0.0
UserA,h04_mc12,Gas stove,0.0
UserA,h04_mc12,Gas National Grid,0.0
UserA,h05_mc12,PV sys,0.0
UserA,h05_mc12,National Grid EE,0.0
UserA,h05_mc12,Storage EE,0.3
UserA,h05_mc12,Gas Boiler,0.0
UserA,h05_mc12,HP,0.0
UserA,h05_mc12,AC,0.0
UserA,h05_mc12,Storage HW,0.0
UserA,h05_mc12,Radiators,0.0
UserA,h05_mc12,Floor heating,0.0
UserA,h05_mc12,Induction stove,0.0
UserA,h05_mc12,Gas stove,0.0
UserA,h05_mc12,Gas National Grid,0.0
UserA,h06_mc12,PV sys,0.0
UserA,h06_mc12,National Grid EE,0.0
UserA,h06_mc12,Storage EE,0.3
UserA,h06_mc12,Gas Boiler,0.0
UserA,h06_mc12,HP,0.0
UserA,h06_mc12,AC,0.0
UserA,h06_mc12,Storage HW,0.0
UserA,h06_mc12,Radiators,0.0
UserA,h06_mc12,Floor heating,0.0
UserA,h06_mc12,Induction stove,0.0
UserA,h06_mc12,Gas stove,0.0
UserA,h06_mc12,Gas National Grid,0.0
UserA,h07_mc12,PV sys,0.0
UserA,h07_mc12,National Grid EE,0.0
UserA,h07_mc12,Storage EE,0.3252876166666669
UserA,h07_mc12,Gas Boiler,0.0
UserA,h07_mc12,HP,0.0
UserA,h07_mc12,AC,0.0
UserA,h07_mc12,Storage HW,0.0
UserA,h07_mc12,Radiators,0.0
UserA,h07_mc12,Floor heating,0.0
UserA,h07_mc12,Induction stove,0.0
UserA,h07_mc12,Gas stove,0.0
UserA,h07_mc12,Gas National Grid,0.0
UserA,h08_mc12,PV sys,0.0
UserA,h08_mc12,National Grid EE,0.0
UserA,h08_mc12,Storage EE,0.30000000000000004
UserA,h08_mc12,Gas Boiler,0.0
UserA,h08_mc12,HP,0.0
UserA,h08_mc12,AC,0.0
UserA,h08_mc12,Storage HW,0.0
UserA,h08_mc12,Radiators,0.0
UserA,h08_mc12,Floor heating,0.0
UserA,h08_mc12,Induction stove,0.0
UserA,h08_mc12,Gas stove,0.0
UserA,h08_mc12,Gas National Grid,0.0
UserA,h09_mc12,PV sys,0.0
UserA,h09_mc12,National Grid EE,0.0
UserA,h09_mc12,Storage EE,0.5777572499999994
UserA,h09_mc12,Gas Boiler,0.0
UserA,h09_mc12,HP,0.0
UserA,h09_mc12,AC,0.0
UserA,h09_mc12,Storage HW,0.0
UserA,h09_mc12,Radiators,0.0
UserA,h09_mc12,Floor heating,0.0
UserA,h09_mc12,Induction stove,0.0
UserA,h09_mc12,Gas stove,0.0
UserA,h09_mc12,Gas National Grid,0.0
UserA,h10_mc12,PV sys,0.0
UserA,h10_mc12,National Grid EE,0.0
UserA,h10_mc12,Storage EE,1.3899770166666658
UserA,h10_mc12,Gas Boiler,0.0
UserA,h10_mc12,HP,0.0
UserA,h10_mc12,AC,0.0
UserA,h10_mc12,Storage HW,0.0
UserA,h10_mc12,Radiators,0.0
UserA,h10_mc12,Floor heating,0.0
UserA,h10_mc12,Induction stove,0.0
UserA,h10_mc12,Gas stove,0.0
UserA,h10_mc12,Gas National Grid,0.0
UserA,h11_mc12,PV sys,0.0
UserA,h11_mc12,National Grid EE,0.0
UserA,h11_mc12,Storage EE,2.4317775666666654
UserA,h11_mc12,Gas Boiler,0.0
UserA,h11_mc12,HP,0.0
UserA,h11_mc12,AC,0.0
UserA,h11_mc12,Storage HW,0.0
UserA,h11_mc12,Radiators,0.0
UserA,h11_mc12,Floor heating,0.0
UserA,h11_mc12,Induction stove,0.0
UserA,h11_mc12,Gas stove,0.0
UserA,h11_mc12,Gas National Grid,0.0
UserA,h12_mc12,PV sys,0.0
UserA,h12_mc12,National Grid EE,0.0
UserA,h12_mc12,Storage EE,1.5782425843793582
UserA,h12_mc12,Gas Boiler,0.0
UserA,h12_mc12,HP,0.0
UserA,h12_mc12,AC,0.0
UserA,h12_mc12,Storage HW,0.0
UserA,h12_mc12,Radiators,0.0
UserA,h12_mc12,Floor heating,0.0
UserA,h12_mc12,Induction stove,0.0
UserA,h12_mc12,Gas stove,0.0
UserA,h12_mc12,Gas National Grid,0.0
UserA,h13_mc12,PV sys,0.0
UserA,h13_mc12,National Grid EE,0.0
UserA,h13_mc12,Storage EE,2.849999999999999
UserA,h13_mc12,Gas Boiler,0.0
UserA,h13_mc12,HP,0.0
UserA,h13_mc12,AC,0.0
UserA,h13_mc12,Storage HW,0.0
UserA,h13_mc12,Radiators,0.0
UserA,h13_mc12,Floor heating,0.0
UserA,h13_mc12,Induction stove,0.0
UserA,h13_mc12,Gas stove,0.0
UserA,h13_mc12,Gas National Grid,0.0
UserA,h14_mc12,PV sys,0.0
UserA,h14_mc12,National Grid EE,0.0
UserA,h14_mc12,Storage EE,2.8499999999999996
UserA,h14_mc12,Gas Boiler,0.0
UserA,h14_mc12,HP,0.0
UserA,h14_mc12,AC,0.0
UserA,h14_mc12,Storage HW,0.0
UserA,h14_mc12,Radiators,0.0
UserA,h14_mc12,Floor heating,0.0
UserA,h14_mc12,Induction stove,0.0
UserA,h14_mc12,Gas stove,0.0
UserA,h14_mc12,Gas National Grid,0.0
UserA,h15_mc12,PV sys,0.0
UserA,h15_mc12,National Grid EE,0.0
UserA,h15_mc12,Storage EE,2.102680516666666
UserA,h15_mc12,Gas Boiler,0.0
UserA,h15_mc12,HP,0.0
UserA,h15_mc12,AC,0.0
UserA,h15_mc12,Storage HW,0.0
UserA,h15_mc12,Radiators,0.0
UserA,h15_mc12,Floor heating,0.0
UserA,h15_mc12,Induction stove,0.0
UserA,h15_mc12,Gas stove,0.0
UserA,h15_mc12,Gas National Grid,0.0
UserA,h16_mc12,PV sys,0.0
UserA,h16_mc12,National Grid EE,0.0
UserA,h16_mc12,Storage EE,2.697920516666666
UserA,h16_mc12,Gas Boiler,0.0
UserA,h16_mc12,HP,0.0
UserA,h16_mc12,AC,0.0
UserA,h16_mc12,Storage HW,0.0
UserA,h16_mc12,Radiators,0.0
UserA,h16_mc12,Floor heating,0.0
UserA,h16_mc12,Induction stove,0.0
UserA,h16_mc12,Gas stove,0.0
UserA,h16_mc12,Gas National Grid,0.0
UserA,h17_mc12,PV sys,0.0
UserA,h17_mc12,National Grid EE,0.0
UserA,h17_mc12,Storage EE,2.8499999999999996
UserA,h17_mc12,Gas Boiler,0.0
UserA,h17_mc12,HP,0.0
UserA,h17_mc12,AC,0.0
UserA,h17_mc12,Storage HW,0.0
UserA,h17_mc12,Radiators,0.0
UserA,h17_mc12,Floor heating,0.0
UserA,h17_mc12,Induction stove,0.0
UserA,h17_mc12,Gas stove,0.0
UserA,h17_mc12,Gas National Grid,0.0
UserA,h18_mc12,PV sys,0.0
UserA,h18_mc12,National Grid EE,0.0
UserA,h18_mc12,Storage EE,2.590442783333333
UserA,h18_mc12,Gas Boiler,0.0
UserA,h18_mc12,HP,0.0
UserA,h18_mc12,AC,0.0
UserA,h18_mc12,Storage HW,0.0
UserA,h18_mc12,Radiators,0.0
UserA,h18_mc12,Floor heating,0.0
UserA,h18_mc12,Induction stove,0.0
UserA,h18_mc12,Gas stove,0.0
UserA,h18_mc12,Gas National Grid,0.0
UserA,h19_mc12,PV sys,0.0
UserA,h19_mc12,National Grid EE,0.0
UserA,h19_mc12,Storage EE,2.249095966666666
UserA,h19_mc12,Gas Boiler,0.0
UserA,h19_mc12,HP,0.0
UserA,h19_mc12,AC,0.0
UserA,h19_mc12,Storage HW,0.0
UserA,h19_mc12,Radiators,0.0
UserA,h19_mc12,Floor heating,0.0
UserA,h19_mc12,Induction stove,0.0
UserA,h19_mc12,Gas stove,0.0
UserA,h19_mc12,Gas National Grid,0.0
UserA,h20_mc12,PV sys,0.0
UserA,h20_mc12,National Grid EE,0.0
UserA,h20_mc12,Storage EE,1.9881380499999994
UserA,h20_mc12,Gas Boiler,0.0
UserA,h20_mc12,HP,0.0
UserA,h20_mc12,AC,0.0
UserA,h20_mc12,Storage HW,0.0
UserA,h20_mc12,Radiators,0.0
UserA,h20_mc12,Floor heating,0.0
UserA,h20_mc12,Induction stove,0.0
UserA,h20_mc12,Gas stove,0.0
UserA,h20_mc12,Gas National Grid,0.0
UserA,h21_mc12,PV sys,0.0
UserA,h21_mc12,National Grid EE,0.0
UserA,h21_mc12,Storage EE,1.7194991333333327
UserA,h21_mc12,Gas Boiler,0.0
UserA,h21_mc12,HP,0.0
UserA,h21_mc12,AC,0.0
UserA,h21_mc12,Storage HW,0.0
UserA,h21_mc12,Radiators,0.0
UserA,h21_mc12,Floor heating,0.0
UserA,h21_mc12,Induction stove,0.0
UserA,h21_mc12,Gas stove,0.0
UserA,h21_mc12,Gas National Grid,0.0
UserA,h22_mc12,PV sys,0.0
UserA,h22_mc12,National Grid EE,0.0
UserA,h22_mc12,Storage EE,1.2834103499999996
UserA,h22_mc12,Gas Boiler,0.0
UserA,h22_mc12,HP,0.0
UserA,h22_mc12,AC,0.0
UserA,h22_mc12,Storage HW,0.0
UserA,h22_mc12,Radiators,0.0
UserA,h22_mc12,Floor heating,0.0
UserA,h22_mc12,Induction stove,0.0
UserA,h22_mc12,Gas stove,0.0
UserA,h22_mc12,Gas National Grid,0.0
UserA,h23_mc12,PV sys,0.0
UserA,h23_mc12,National Grid EE,0.0
UserA,h23_mc12,Storage EE,1.010087916666666
UserA,h23_mc12,Gas Boiler,0.0
UserA,h23_mc12,HP,0.0
UserA,h23_mc12,AC,0.0
UserA,h23_mc12,Storage HW,0.0
UserA,h23_mc12,Radiators,0.0
UserA,h23_mc12,Floor heating,0.0
UserA,h23_mc12,Induction stove,0.0
UserA,h23_mc12,Gas stove,0.0
UserA,h23_mc12,Gas National Grid,0.0
UserA,h24_mc12,PV sys,0.0
UserA,h24_mc12,National Grid EE,0.0
UserA,h24_mc12,Storage EE,0.5949668333333329
UserA,h24_mc12,Gas Boiler,0.0
UserA,h24_mc12,HP,0.0
UserA,h24_mc12,AC,0.0
UserA,h24_mc12,Storage HW,0.0
UserA,h24_mc12,Radiators,0.0
UserA,h24_mc12,Floor heating,0.0
UserA,h24_mc12,Induction stove,0.0
UserA,h24_mc12,Gas stove,0.0
UserA,h24_mc12,Gas National Grid,0.0
UserA,h01_mc13,PV sys,0.0
UserA,h01_mc13,National Grid EE,0.0
UserA,h01_mc13,Storage EE,0.5949668333333329
UserA,h01_mc13,Gas Boiler,0.0
UserA,h01_mc13,HP,0.0
UserA,h01_mc13,AC,0.0
UserA,h01_mc13,Storage HW,0.0
UserA,h01_mc13,Radiators,0.0
UserA,h01_mc13,Floor heating,0.0
UserA,h01_mc13,Induction stove,0.0
UserA,h01_mc13,Gas stove,0.0
UserA,h01_mc13,Gas National Grid,0.0
UserA,h02_mc13,PV sys,0.0
UserA,h02_mc13,National Grid EE,0.0
UserA,h02_mc13,Storage EE,0.4620503833333336
UserA,h02_mc13,Gas Boiler,0.0
UserA,h02_mc13,HP,0.0
UserA,h02_mc13,AC,0.0
UserA,h02_mc13,Storage HW,0.0
UserA,h02_mc13,Radiators,0.0
UserA,h02_mc13,Floor heating,0.0
UserA,h02_mc13,Induction stove,0.0
UserA,h02_mc13,Gas stove,0.0
UserA,h02_mc13,Gas National Grid,0.0
UserA,h03_mc13,PV sys,0.0
UserA,h03_mc13,National Grid EE,0.0
UserA,h03_mc13,Storage EE,0.4620503833333336
UserA,h03_mc13,Gas Boiler,0.0
UserA,h03_mc13,HP,0.0
UserA,h03_mc13,AC,0.0
UserA,h03_mc13,Storage HW,0.0
UserA,h03_mc13,Radiators,0.0
UserA,h03_mc13,Floor heating,0.0
UserA,h03_mc13,Induction stove,0.0
UserA,h03_mc13,Gas stove,0.0
UserA,h03_mc13,Gas National Grid,0.0
UserA,h04_mc13,PV sys,0.0
UserA,h04_mc13,National Grid EE,0.0
UserA,h04_mc13,Storage EE,0.4620503833333336
UserA,h04_mc13,Gas Boiler,0.0
UserA,h04_mc13,HP,0.0
UserA,h04_mc13,AC,0.0
UserA,h04_mc13,Storage HW,0.0
UserA,h04_mc13,Radiators,0.0
UserA,h04_mc13,Floor heating,0.0
UserA,h04_mc13,Induction stove,0.0
UserA,h04_mc13,Gas stove,0.0
UserA,h04_mc13,Gas National Grid,0.0
UserA,h05_mc13,PV sys,0.0
UserA,h05_mc13,National Grid EE,0.0
UserA,h05_mc13,Storage EE,0.4620503833333336
UserA,h05_mc13,Gas Boiler,0.0
UserA,h05_mc13,HP,0.0
UserA,h05_mc13,AC,0.0
UserA,h05_mc13,Storage HW,0.0
UserA,h05_mc13,Radiators,0.0
UserA,h05_mc13,Floor heating,0.0
UserA,h05_mc13,Induction stove,0.0
UserA,h05_mc13,Gas stove,0.0
UserA,h05_mc13,Gas National Grid,0.0
UserA,h06_mc13,PV sys,0.0
UserA,h06_mc13,National Grid EE,0.0
UserA,h06_mc13,Storage EE,0.4620503833333334
UserA,h06_mc13,Gas Boiler,0.0
UserA,h06_mc13,HP,0.0
UserA,h06_mc13,AC,0.0
UserA,h06_mc13,Storage HW,0.0
UserA,h06_mc13,Radiators,0.0
UserA,h06_mc13,Floor heating,0.0
UserA,h06_mc13,Induction stove,0.0
UserA,h06_mc13,Gas stove,0.0
UserA,h06_mc13,Gas National Grid,0.0
UserA,h07_mc13,PV sys,0.0
UserA,h07_mc13,National Grid EE,0.0
UserA,h07_mc13,Storage EE,0.3000000000000001
UserA,h07_mc13,Gas Boiler,0.0
UserA,h07_mc13,HP,0.0
UserA,h07_mc13,AC,0.0
UserA,h07_mc13,Storage HW,0.0
UserA,h07_mc13,Radiators,0.0
UserA,h07_mc13,Floor heating,0.0
UserA,h07_mc13,Induction stove,0.0
UserA,h07_mc13,Gas stove,0.0
UserA,h07_mc13,Gas National Grid,0.0
UserA,h08_mc13,PV sys,0.0
UserA,h08_mc13,National Grid EE,0.0
UserA,h08_mc13,Storage EE,0.48492396665054943
UserA,h08_mc13,Gas Boiler,0.0
UserA,h08_mc13,HP,0.0
UserA,h08_mc13,AC,0.0
UserA,h08_mc13,Storage HW,0.0
UserA,h08_mc13,Radiators,0.0
UserA,h08_mc13,Floor heating,0.0
UserA,h08_mc13,Induction stove,0.0
UserA,h08_mc13,Gas stove,0.0
UserA,h08_mc13,Gas National Grid,0.0
UserA,h09_mc13,PV sys,0.0
UserA,h09_mc13,National Grid EE,0.0
UserA,h09_mc13,Storage EE,0.8635832833172156
UserA,h09_mc13,Gas Boiler,0.0
UserA,h09_mc13,HP,0.0
UserA,h09_mc13,AC,0.0
UserA,h09_mc13,Storage HW,0.0
UserA,h09_mc13,Radiators,0.0
UserA,h09_mc13,Floor heating,0.0
UserA,h09_mc13,Induction stove,0.0
UserA,h09_mc13,Gas stove,0.0
UserA,h09_mc13,Gas National Grid,0.0
UserA,h10_mc13,PV sys,0.0
UserA,h10_mc13,National Grid EE,0.0
UserA,h10_mc13,Storage EE,1.4662959833172151
UserA,h10_mc13,Gas Boiler,0.0
UserA,h10_mc13,HP,0.0
UserA,h10_mc13,AC,0.0
UserA,h10_mc13,Storage HW,0.0
UserA,h10_mc13,Radiators,0.0
UserA,h10_mc13,Floor heating,0.0
UserA,h10_mc13,Induction stove,0.0
UserA,h10_mc13,Gas stove,0.0
UserA,h10_mc13,Gas National Grid,0.0
UserA,h11_mc13,PV sys,0.0
UserA,h11_mc13,National Grid EE,0.0
UserA,h11_mc13,Storage EE,1.7317967999838817
UserA,h11_mc13,Gas Boiler,0.0
UserA,h11_mc13,HP,0.0
UserA,h11_mc13,AC,0.0
UserA,h11_mc13,Storage HW,0.0
UserA,h11_mc13,Radiators,0.0
UserA,h11_mc13,Floor heating,0.0
UserA,h11_mc13,Induction stove,0.0
UserA,h11_mc13,Gas stove,0.0
UserA,h11_mc13,Gas National Grid,0.0
UserA,h12_mc13,PV sys,0.0
UserA,h12_mc13,National Grid EE,0.0
UserA,h12_mc13,Storage EE,2.161426249983881
UserA,h12_mc13,Gas Boiler,0.0
UserA,h12_mc13,HP,0.0
UserA,h12_mc13,AC,0.0
UserA,h12_mc13,Storage HW,0.0
UserA,h12_mc13,Radiators,0.0
UserA,h12_mc13,Floor heating,0.0
UserA,h12_mc13,Induction stove,0.0
UserA,h12_mc13,Gas stove,0.0
UserA,h12_mc13,Gas National Grid,0.0
UserA,h13_mc13,PV sys,0.0
UserA,h13_mc13,National Grid EE,0.0
UserA,h13_mc13,Storage EE,2.4569661333172146
UserA,h13_mc13,Gas Boiler,0.0
UserA,h13_mc13,HP,0.0
UserA,h13_mc13,AC,0.0
UserA,h13_mc13,Storage HW,0.0
UserA,h13_mc13,Radiators,0.0
UserA,h13_mc13,Floor heating,0.0
UserA,h13_mc13,Induction stove,0.0
UserA,h13_mc13,Gas stove,0.0
UserA,h13_mc13,Gas National Grid,0.0
UserA,h14_mc13,PV sys,0.0
UserA,h14_mc13,National Grid EE,0.0
UserA,h14_mc13,Storage EE,2.545303849983881
UserA,h14_mc13,Gas Boiler,0.0
UserA,h14_mc13,HP,0.0
UserA,h14_mc13,AC,0.0
UserA,h14_mc13,Storage HW,0.0
UserA,h14_mc13,Radiators,0.0
UserA,h14_mc13,Floor heating,0.0
UserA,h14_mc13,Induction stove,0.0
UserA,h14_mc13,Gas stove,0.0
UserA,h14_mc13,Gas National Grid,0.0
UserA,h15_mc13,PV sys,0.0
UserA,h15_mc13,National Grid EE,0.0
UserA,h15_mc13,Storage EE,2.5485534833172143
UserA,h15_mc13,Gas Boiler,0.0
UserA,h15_mc13,HP,0.0
UserA,h15_mc13,AC,0.0
UserA,h15_mc13,Storage HW,0.0
UserA,h15_mc13,Radiators,0.0
UserA,h15_mc13,Floor heating,0.0
UserA,h15_mc13,Induction stove,0.0
UserA,h15_mc13,Gas stove,0.0
UserA,h15_mc13,Gas National Grid,0.0
UserA,h16_mc13,PV sys,0.0
UserA,h16_mc13,National Grid EE,0.0
UserA,h16_mc13,Storage EE,2.524996799983881
UserA,h16_mc13,Gas Boiler,0.0
UserA,h16_mc13,HP,0.0
UserA,h16_mc13,AC,0.0
UserA,h16_mc13,Storage HW,0.0
UserA,h16_mc13,Radiators,0.0
UserA,h16_mc13,Floor heating,0.0
UserA,h16_mc13,Induction stove,0.0
UserA,h16_mc13,Gas stove,0.0
UserA,h16_mc13,Gas National Grid,0.0
UserA,h17_mc13,PV sys,0.0
UserA,h17_mc13,National Grid EE,0.0
UserA,h17_mc13,Storage EE,2.3944461833172146
UserA,h17_mc13,Gas Boiler,0.0
UserA,h17_mc13,HP,0.0
UserA,h17_mc13,AC,0.0
UserA,h17_mc13,Storage HW,0.0
UserA,h17_mc13,Radiators,0.0
UserA,h17_mc13,Floor heating,0.0
UserA,h17_mc13,Induction stove,0.0
UserA,h17_mc13,Gas stove,0.0
UserA,h17_mc13,Gas National Grid,0.0
UserA,h18_mc13,PV sys,0.0
UserA,h18_mc13,National Grid EE,0.0
UserA,h18_mc13,Storage EE,2.134588883317214
UserA,h18_mc13,Gas Boiler,0.0
UserA,h18_mc13,HP,0.0
UserA,h18_mc13,AC,0.0
UserA,h18_mc13,Storage HW,0.0
UserA,h18_mc13,Radiators,0.0
UserA,h18_mc13,Floor heating,0.0
UserA,h18_mc13,Induction stove,0.0
UserA,h18_mc13,Gas stove,0.0
UserA,h18_mc13,Gas National Grid,0.0
UserA,h19_mc13,PV sys,0.0
UserA,h19_mc13,National Grid EE,0.0
UserA,h19_mc13,Storage EE,1.630889666650547
UserA,h19_mc13,Gas Boiler,0.0
UserA,h19_mc13,HP,0.0
UserA,h19_mc13,AC,0.0
UserA,h19_mc13,Storage HW,0.0
UserA,h19_mc13,Radiators,0.0
UserA,h19_mc13,Floor heating,0.0
UserA,h19_mc13,Induction stove,0.0
UserA,h19_mc13,Gas stove,0.0
UserA,h19_mc13,Gas National Grid,0.0
UserA,h20_mc13,PV sys,0.0
UserA,h20_mc13,National Grid EE,0.0
UserA,h20_mc13,Storage EE,1.630889666650547
UserA,h20_mc13,Gas Boiler,0.0
UserA,h20_mc13,HP,0.0
UserA,h20_mc13,AC,0.0
UserA,h20_mc13,Storage HW,0.0
UserA,h20_mc13,Radiators,0.0
UserA,h20_mc13,Floor heating,0.0
UserA,h20_mc13,Induction stove,0.0
UserA,h20_mc13,Gas stove,0.0
UserA,h20_mc13,Gas National Grid,0.0
UserA,h21_mc13,PV sys,0.0
UserA,h21_mc13,National Grid EE,0.0
UserA,h21_mc13,Storage EE,1.4857350666666655
UserA,h21_mc13,Gas Boiler,0.0
UserA,h21_mc13,HP,0.0
UserA,h21_mc13,AC,0.0
UserA,h21_mc13,Storage HW,0.0
UserA,h21_mc13,Radiators,0.0
UserA,h21_mc13,Floor heating,0.0
UserA,h21_mc13,Induction stove,0.0
UserA,h21_mc13,Gas stove,0.0
UserA,h21_mc13,Gas National Grid,0.0
UserA,h22_mc13,PV sys,0.0
UserA,h22_mc13,National Grid EE,0.0
UserA,h22_mc13,Storage EE,0.8448372166666669
UserA,h22_mc13,Gas Boiler,0.0
UserA,h22_mc13,HP,0.0
UserA,h22_mc13,AC,0.0
UserA,h22_mc13,Storage HW,0.0
UserA,h22_mc13,Radiators,0.0
UserA,h22_mc13,Floor heating,0.0
UserA,h22_mc13,Induction stove,0.0
UserA,h22_mc13,Gas stove,0.0
UserA,h22_mc13,Gas National Grid,0.0
UserA,h23_mc13,PV sys,0.0
UserA,h23_mc13,National Grid EE,0.0
UserA,h23_mc13,Storage EE,0.5752029166666668
UserA,h23_mc13,Gas Boiler,0.0
UserA,h23_mc13,HP,0.0
UserA,h23_mc13,AC,0.0
UserA,h23_mc13,Storage HW,0.0
UserA,h23_mc13,Radiators,0.0
UserA,h23_mc13,Floor heating,0.0
UserA,h23_mc13,Induction stove,0.0
UserA,h23_mc13,Gas stove,0.0
UserA,h23_mc13,Gas National Grid,0.0
UserA,h24_mc13,PV sys,0.0
UserA,h24_mc13,National Grid EE,0.0
UserA,h24_mc13,Storage EE,0.30000000000000004
UserA,h24_mc13,Gas Boiler,0.0
UserA,h24_mc13,HP,0.0
UserA,h24_mc13,AC,0.0
UserA,h24_mc13,Storage HW,0.0
UserA,h24_mc13,Radiators,0.0
UserA,h24_mc13,Floor heating,0.0
UserA,h24_mc13,Induction stove,0.0
UserA,h24_mc13,Gas stove,0.0
UserA,h24_mc13,Gas National Grid,0.0
UserA,h01_mc14,PV sys,0.0
UserA,h01_mc14,National Grid EE,0.0
UserA,h01_mc14,Storage EE,0.2999999999999998
UserA,h01_mc14,Gas Boiler,0.0
UserA,h01_mc14,HP,0.0
UserA,h01_mc14,AC,0.0
UserA,h01_mc14,Storage HW,0.0
UserA,h01_mc14,Radiators,0.0
UserA,h01_mc14,Floor heating,0.0
UserA,h01_mc14,Induction stove,0.0
UserA,h01_mc14,Gas stove,0.0
UserA,h01_mc14,Gas National Grid,0.0
UserA,h02_mc14,PV sys,0.0
UserA,h02_mc14,National Grid EE,0.0
UserA,h02_mc14,Storage EE,0.2999999999999998
UserA,h02_mc14,Gas Boiler,0.0
UserA,h02_mc14,HP,0.0
UserA,h02_mc14,AC,0.0
UserA,h02_mc14,Storage HW,0.0
UserA,h02_mc14,Radiators,0.0
UserA,h02_mc14,Floor heating,0.0
UserA,h02_mc14,Induction stove,0.0
UserA,h02_mc14,Gas stove,0.0
UserA,h02_mc14,Gas National Grid,0.0
UserA,h03_mc14,PV sys,0.0
UserA,h03_mc14,National Grid EE,0.0
UserA,h03_mc14,Storage EE,0.2999999999999998
UserA,h03_mc14,Gas Boiler,0.0
UserA,h03_mc14,HP,0.0
UserA,h03_mc14,AC,0.0
UserA,h03_mc14,Storage HW,0.0
UserA,h03_mc14,Radiators,0.0
UserA,h03_mc14,Floor heating,0.0
UserA,h03_mc14,Induction stove,0.0
UserA,h03_mc14,Gas stove,0.0
UserA,h03_mc14,Gas National Grid,0.0
UserA,h04_mc14,PV sys,0.0
UserA,h04_mc14,National Grid EE,0.0
UserA,h04_mc14,Storage EE,0.2999999999999998
UserA,h04_mc14,Gas Boiler,0.0
UserA,h04_mc14,HP,0.0
UserA,h04_mc14,AC,0.0
UserA,h04_mc14,Storage HW,0.0
UserA,h04_mc14,Radiators,0.0
UserA,h04_mc14,Floor heating,0.0
UserA,h04_mc14,Induction stove,0.0
UserA,h04_mc14,Gas stove,0.0
UserA,h04_mc14,Gas National Grid,0.0
UserA,h05_mc14,PV sys,0.0
UserA,h05_mc14,National Grid EE,0.0
UserA,h05_mc14,Storage EE,0.2999999999999998
UserA,h05_mc14,Gas Boiler,0.0
UserA,h05_mc14,HP,0.0
UserA,h05_mc14,AC,0.0
UserA,h05_mc14,Storage HW,0.0
UserA,h05_mc14,Radiators,0.0
UserA,h05_mc14,Floor heating,0.0
UserA,h05_mc14,Induction stove,0.0
UserA,h05_mc14,Gas stove,0.0
UserA,h05_mc14,Gas National Grid,0.0
UserA,h06_mc14,PV sys,0.0
UserA,h06_mc14,National Grid EE,0.0
UserA,h06_mc14,Storage EE,0.3048799999999998
UserA,h06_mc14,Gas Boiler,0.0
UserA,h06_mc14,HP,0.0
UserA,h06_mc14,AC,0.0
UserA,h06_mc14,Storage HW,0.0
UserA,h06_mc14,Radiators,0.0
UserA,h06_mc14,Floor heating,0.0
UserA,h06_mc14,Induction stove,0.0
UserA,h06_mc14,Gas stove,0.0
UserA,h06_mc14,Gas National Grid,0.0
UserA,h07_mc14,PV sys,0.0
UserA,h07_mc14,National Grid EE,0.0
UserA,h07_mc14,Storage EE,0.30000000000000004
UserA,h07_mc14,Gas Boiler,0.0
UserA,h07_mc14,HP,0.0
UserA,h07_mc14,AC,0.0
UserA,h07_mc14,Storage HW,0.0
UserA,h07_mc14,Radiators,0.0
UserA,h07_mc14,Floor heating,0.0
UserA,h07_mc14,Induction stove,0.0
UserA,h07_mc14,Gas stove,0.0
UserA,h07_mc14,Gas National Grid,0.0
UserA,h08_mc14,PV sys,0.0
UserA,h08_mc14,National Grid EE,0.0
UserA,h08_mc14,Storage EE,0.7346236333333332
UserA,h08_mc14,Gas Boiler,0.0
UserA,h08_mc14,HP,0.0
UserA,h08_mc14,AC,0.0
UserA,h08_mc14,Storage HW,0.0
UserA,h08_mc14,Radiators,0.0
UserA,h08_mc14,Floor heating,0.0
UserA,h08_mc14,Induction stove,0.0
UserA,h08_mc14,Gas stove,0.0
UserA,h08_mc14,Gas National Grid,0.0
UserA,h09_mc14,PV sys,0.0
UserA,h09_mc14,National Grid EE,0.0
UserA,h09_mc14,Storage EE,0.30000000000000004
UserA,h09_mc14,Gas Boiler,0.0
UserA,h09_mc14,HP,0.0
UserA,h09_mc14,AC,0.0
UserA,h09_mc14,Storage HW,0.0
UserA,h09_mc14,Radiators,0.0
UserA,h09_mc14,Floor heating,0.0
UserA,h09_mc14,Induction stove,0.0
UserA,h09_mc14,Gas stove,0.0
UserA,h09_mc14,Gas National Grid,0.0
UserA,h10_mc14,PV sys,0.0
UserA,h10_mc14,National Grid EE,0.0
UserA,h10_mc14,Storage EE,1.0575099499999996
UserA,h10_mc14,Gas Boiler,0.0
UserA,h10_mc14,HP,0.0
UserA,h10_mc14,AC,0.0
UserA,h10_mc14,Storage HW,0.0
UserA,h10_mc14,Radiators,0.0
UserA,h10_mc14,Floor heating,0.0
UserA,h10_mc14,Induction stove,0.0
UserA,h10_mc14,Gas stove,0.0
UserA,h10_mc14,Gas National Grid,0.0
UserA,h11_mc14,PV sys,0.0
UserA,h11_mc14,National Grid EE,0.0
UserA,h11_mc14,Storage EE,2.145947181920472
UserA,h11_mc14,Gas Boiler,0.0
UserA,h11_mc14,HP,0.0
UserA,h11_mc14,AC,0.0
UserA,h11_mc14,Storage HW,0.0
UserA,h11_mc14,Radiators,0.0
UserA,h11_mc14,Floor heating,0.0
UserA,h11_mc14,Induction stove,0.0
UserA,h11_mc14,Gas stove,0.0
UserA,h11_mc14,Gas National Grid,0.0
UserA,h12_mc14,PV sys,0.0
UserA,h12_mc14,National Grid EE,0.0
UserA,h12_mc14,Storage EE,2.8499999999999996
UserA,h12_mc14,Gas Boiler,0.0
UserA,h12_mc14,HP,0.0
UserA,h12_mc14,AC,0.0
UserA,h12_mc14,Storage HW,0.0
UserA,h12_mc14,Radiators,0.0
UserA,h12_mc14,Floor heating,0.0
UserA,h12_mc14,Induction stove,0.0
UserA,h12_mc14,Gas stove,0.0
UserA,h12_mc14,Gas National Grid,0.0
UserA,h13_mc14,PV sys,0.0
UserA,h13_mc14,National Grid EE,0.0
UserA,h13_mc14,Storage EE,2.8499999999999996
UserA,h13_mc14,Gas Boiler,0.0
UserA,h13_mc14,HP,0.0
UserA,h13_mc14,AC,0.0
UserA,h13_mc14,Storage HW,0.0
UserA,h13_mc14,Radiators,0.0
UserA,h13_mc14,Floor heating,0.0
UserA,h13_mc14,Induction stove,0.0
UserA,h13_mc14,Gas stove,0.0
UserA,h13_mc14,Gas National Grid,0.0
UserA,h14_mc14,PV sys,0.0
UserA,h14_mc14,National Grid EE,0.0
UserA,h14_mc14,Storage EE,2.8499999999999996
UserA,h14_mc14,Gas Boiler,0.0
UserA,h14_mc14,HP,0.0
UserA,h14_mc14,AC,0.0
UserA,h14_mc14,Storage HW,0.0
UserA,h14_mc14,Radiators,0.0
UserA,h14_mc14,Floor heating,0.0
UserA,h14_mc14,Induction stove,0.0
UserA,h14_mc14,Gas stove,0.0
UserA,h14_mc14,Gas National Grid,0.0
UserA,h15_mc14,PV sys,0.0
UserA,h15_mc14,National Grid EE,0.0
UserA,h15_mc14,Storage EE,1.970686683333333
UserA,h15_mc14,Gas Boiler,0.0
UserA,h15_mc14,HP,0.0
UserA,h15_mc14,AC,0.0
UserA,h15_mc14,Storage HW,0.0
UserA,h15_mc14,Radiators,0.0
UserA,h15_mc14,Floor heating,0.0
UserA,h15_mc14,Induction stove,0.0
UserA,h15_mc14,Gas stove,0.0
UserA,h15_mc14,Gas National Grid,0.0
UserA,h16_mc14,PV sys,0.0
UserA,h16_mc14,National Grid EE,0.0
UserA,h16_mc14,Storage EE,2.601966683333333
UserA,h16_mc14,Gas Boiler,0.0
UserA,h16_mc14,HP,0.0
UserA,h16_mc14,AC,0.0
UserA,h16_mc14,Storage HW,0.0
UserA,h16_mc14,Radiators,0.0
UserA,h16_mc14,Floor heating,0.0
UserA,h16_mc14,Induction stove,0.0
UserA,h16_mc14,Gas stove,0.0
UserA,h16_mc14,Gas National Grid,0.0
UserA,h17_mc14,PV sys,0.0
UserA,h17_mc14,National Grid EE,0.0
UserA,h17_mc14,Storage EE,2.8499999999999996
UserA,h17_mc14,Gas Boiler,0.0
UserA,h17_mc14,HP,0.0
UserA,h17_mc14,AC,0.0
UserA,h17_mc14,Storage HW,0.0
UserA,h17_mc14,Radiators,0.0
UserA,h17_mc14,Floor heating,0.0
UserA,h17_mc14,Induction stove,0.0
UserA,h17_mc14,Gas stove,0.0
UserA,h17_mc14,Gas National Grid,0.0
UserA,h18_mc14,PV sys,0.0
UserA,h18_mc14,National Grid EE,0.0
UserA,h18_mc14,Storage EE,2.6840495833333327
UserA,h18_mc14,Gas Boiler,0.0
UserA,h18_mc14,HP,0.0
UserA,h18_mc14,AC,0.0
UserA,h18_mc14,Storage HW,0.0
UserA,h18_mc14,Radiators,0.0
UserA,h18_mc14,Floor heating,0.0
UserA,h18_mc14,Induction stove,0.0
UserA,h18_mc14,Gas stove,0.0
UserA,h18_mc14,Gas National Grid,0.0
UserA,h19_mc14,PV sys,0.0
UserA,h19_mc14,National Grid EE,0.0
UserA,h19_mc14,Storage EE,2.3614034833333335
UserA,h19_mc14,Gas Boiler,0.0
UserA,h19_mc14,HP,0.0
UserA,h19_mc14,AC,0.0
UserA,h19_mc14,Storage HW,0.0
UserA,h19_mc14,Radiators,0.0
UserA,h19_mc14,Floor heating,0.0
UserA,h19_mc14,Induction stove,0.0
UserA,h19_mc14,Gas stove,0.0
UserA,h19_mc14,Gas National Grid,0.0
UserA,h20_mc14,PV sys,0.0
UserA,h20_mc14,National Grid EE,0.0
UserA,h20_mc14,Storage EE,1.915311966666666
UserA,h20_mc14,Gas Boiler,0.0
UserA,h20_mc14,HP,0.0
UserA,h20_mc14,AC,0.0
UserA,h20_mc14,Storage HW,0.0
UserA,h20_mc14,Radiators,0.0
UserA,h20_mc14,Floor heating,0.0
UserA,h20_mc14,Induction stove,0.0
UserA,h20_mc14,Gas stove,0.0
UserA,h20_mc14,Gas National Grid,0.0
UserA,h21_mc14,PV sys,0.0
UserA,h21_mc14,National Grid EE,0.0
UserA,h21_mc14,Storage EE,1.3631381833333338
UserA,h21_mc14,Gas Boiler,0.0
UserA,h21_mc14,HP,0.0
UserA,h21_mc14,AC,0.0
UserA,h21_mc14,Storage HW,0.0
UserA,h21_mc14,Radiators,0.0
UserA,h21_mc14,Floor heating,0.0
UserA,h21_mc14,Induction stove,0.0
UserA,h21_mc14,Gas stove,0.0
UserA,h21_mc14,Gas National Grid,0.0
UserA,h22_mc14,PV sys,0.0
UserA,h22_mc14,National Grid EE,0.0
UserA,h22_mc14,Storage EE,0.9617500833333337
UserA,h22_mc14,Gas Boiler,0.0
UserA,h22_mc14,HP,0.0
UserA,h22_mc14,AC,0.0
UserA,h22_mc14,Storage HW,0.0
UserA,h22_mc14,Radiators,0.0
UserA,h22_mc14,Floor heating,0.0
UserA,h22_mc14,Induction stove,0.0
UserA,h22_mc14,Gas stove,0.0
UserA,h22_mc14,Gas National Grid,0.0
UserA,h23_mc14,PV sys,0.0
UserA,h23_mc14,National Grid EE,0.0
UserA,h23_mc14,Storage EE,0.6713089333333337
UserA,h23_mc14,Gas Boiler,0.0
UserA,h23_mc14,HP,0.0
UserA,h23_mc14,AC,0.0
UserA,h23_mc14,Storage HW,0.0
UserA,h23_mc14,Radiators,0.0
UserA,h23_mc14,Floor heating,0.0
UserA,h23_mc14,Induction stove,0.0
UserA,h23_mc14,Gas stove,0.0
UserA,h23_mc14,Gas National Grid,0.0
UserA,h24_mc14,PV sys,0.0
UserA,h24_mc14,National Grid EE,0.0
UserA,h24_mc14,Storage EE,0.30000000000000004
UserA,h24_mc14,Gas Boiler,0.0
UserA,h24_mc14,HP,0.0
UserA,h24_mc14,AC,0.0
UserA,h24_mc14,Storage HW,0.0
UserA,h24_mc14,Radiators,0.0
UserA,h24_mc14,Floor heating,0.0
UserA,h24_mc14,Induction stove,0.0
UserA,h24_mc14,Gas stove,0.0
UserA,h24_mc14,Gas National Grid,0.0
UserA,h01_mw01,PV sys,0.0
UserA,h01_mw01,National Grid EE,0.0
UserA,h01_mw01,Storage EE,0.30000000000000004
UserA,h01_mw01,Gas Boiler,0.0
UserA,h01_mw01,HP,0.0
UserA,h01_mw01,AC,0.0
UserA,h01_mw01,Storage HW,0.0
UserA,h01_mw01,Radiators,0.0
UserA,h01_mw01,Floor heating,0.0
UserA,h01_mw01,Induction stove,0.0
UserA,h01_mw01,Gas stove,0.0
UserA,h01_mw01,Gas National Grid,0.0
UserA,h02_mw01,PV sys,0.0
UserA,h02_mw01,National Grid EE,0.0
UserA,h02_mw01,Storage EE,0.30000000000000004
UserA,h02_mw01,Gas Boiler,0.0
UserA,h02_mw01,HP,0.0
UserA,h02_mw01,AC,0.0
UserA,h02_mw01,Storage HW,0.0
UserA,h02_mw01,Radiators,0.0
UserA,h02_mw01,Floor heating,0.0
UserA,h02_mw01,Induction stove,0.0
UserA,h02_mw01,Gas stove,0.0
UserA,h02_mw01,Gas National Grid,0.0
UserA,h03_mw01,PV sys,0.0
UserA,h03_mw01,National Grid EE,0.0
UserA,h03_mw01,Storage EE,0.30000000000000004
UserA,h03_mw01,Gas Boiler,0.0
UserA,h03_mw01,HP,0.0
UserA,h03_mw01,AC,0.0
UserA,h03_mw01,Storage HW,0.0
UserA,h03_mw01,Radiators,0.0
UserA,h03_mw01,Floor heating,0.0
UserA,h03_mw01,Induction stove,0.0
UserA,h03_mw01,Gas stove,0.0
UserA,h03_mw01,Gas National Grid,0.0
UserA,h04_mw01,PV sys,0.0
UserA,h04_mw01,National Grid EE,0.0
UserA,h04_mw01,Storage EE,0.30000000000000004
UserA,h04_mw01,Gas Boiler,0.0
UserA,h04_mw01,HP,0.0
UserA,h04_mw01,AC,0.0
UserA,h04_mw01,Storage HW,0.0
UserA,h04_mw01,Radiators,0.0
UserA,h04_mw01,Floor heating,0.0
UserA,h04_mw01,Induction stove,0.0
UserA,h04_mw01,Gas stove,0.0
UserA,h04_mw01,Gas National Grid,0.0
UserA,h05_mw01,PV sys,0.0
UserA,h05_mw01,National Grid EE,0.0
UserA,h05_mw01,Storage EE,0.30000000000000004
UserA,h05_mw01,Gas Boiler,0.0
UserA,h05_mw01,HP,0.0
UserA,h05_mw01,AC,0.0
UserA,h05_mw01,Storage HW,0.0
UserA,h05_mw01,Radiators,0.0
UserA,h05_mw01,Floor heating,0.0
UserA,h05_mw01,Induction stove,0.0
UserA,h05_mw01,Gas stove,0.0
UserA,h05_mw01,Gas National Grid,0.0
UserA,h06_mw01,PV sys,0.0
UserA,h06_mw01,National Grid EE,0.0
UserA,h06_mw01,Storage EE,0.3518300000000001
UserA,h06_mw01,Gas Boiler,0.0
UserA,h06_mw01,HP,0.0
UserA,h06_mw01,AC,0.0
UserA,h06_mw01,Storage HW,0.0
UserA,h06_mw01,Radiators,0.0
UserA,h06_mw01,Floor heating,0.0
UserA,h06_mw01,Induction stove,0.0
UserA,h06_mw01,Gas stove,0.0
UserA,h06_mw01,Gas National Grid,0.0
UserA,h07_mw01,PV sys,0.0
UserA,h07_mw01,National Grid EE,0.0
UserA,h07_mw01,Storage EE,0.5809700000000002
UserA,h07_mw01,Gas Boiler,0.0
UserA,h07_mw01,HP,0.0
UserA,h07_mw01,AC,0.0
UserA,h07_mw01,Storage HW,0.0
UserA,h07_mw01,Radiators,0.0
UserA,h07_mw01,Floor heating,0.0
UserA,h07_mw01,Induction stove,0.0
UserA,h07_mw01,Gas stove,0.0
UserA,h07_mw01,Gas National Grid,0.0
UserA,h08_mw01,PV sys,0.0
UserA,h08_mw01,National Grid EE,0.0
UserA,h08_mw01,Storage EE,0.9273096666666665
UserA,h08_mw01,Gas Boiler,0.0
UserA,h08_mw01,HP,0.0
UserA,h08_mw01,AC,0.0
UserA,h08_mw01,Storage HW,0.0
UserA,h08_mw01,Radiators,0.0
UserA,h08_mw01,Floor heating,0.0
UserA,h08_mw01,Induction stove,0.0
UserA,h08_mw01,Gas stove,0.0
UserA,h08_mw01,Gas National Grid,0.0
UserA,h09_mw01,PV sys,0.0
UserA,h09_mw01,National Grid EE,0.0
UserA,h09_mw01,Storage EE,1.4258510178664316
UserA,h09_mw01,Gas Boiler,0.0
UserA,h09_mw01,HP,0.0
UserA,h09_mw01,AC,0.0
UserA,h09_mw01,Storage HW,0.0
UserA,h09_mw01,Radiators,0.0
UserA,h09_mw01,Floor heating,0.0
UserA,h09_mw01,Induction stove,0.0
UserA,h09_mw01,Gas stove,0.0
UserA,h09_mw01,Gas National Grid,0.0
UserA,h10_mw01,PV sys,0.0
UserA,h10_mw01,National Grid EE,0.0
UserA,h10_mw01,Storage EE,1.8719252678664313
UserA,h10_mw01,Gas Boiler,0.0
UserA,h10_mw01,HP,0.0
UserA,h10_mw01,AC,0.0
UserA,h10_mw01,Storage HW,0.0
UserA,h10_mw01,Radiators,0.0
UserA,h10_mw01,Floor heating,0.0
UserA,h10_mw01,Induction stove,0.0
UserA,h10_mw01,Gas stove,0.0
UserA,h10_mw01,Gas National Grid,0.0
UserA,h11_mw01,PV sys,0.0
UserA,h11_mw01,National Grid EE,0.0
UserA,h11_mw01,Storage EE,2.6717023678664313
UserA,h11_mw01,Gas Boiler,0.0
UserA,h11_mw01,HP,0.0
UserA,h11_mw01,AC,0.0
UserA,h11_mw01,Storage HW,0.0
UserA,h11_mw01,Radiators,0.0
UserA,h11_mw01,Floor heating,0.0
UserA,h11_mw01,Induction stove,0.0
UserA,h11_mw01,Gas stove,0.0
UserA,h11_mw01,Gas National Grid,0.0
UserA,h12_mw01,PV sys,0.0
UserA,h12_mw01,National Grid EE,0.0
UserA,h12_mw01,Storage EE,2.3412268678664305
UserA,h12_mw01,Gas Boiler,0.0
UserA,h12_mw01,HP,0.0
UserA,h12_mw01,AC,0.0
UserA,h12_mw01,Storage HW,0.0
UserA,h12_mw01,Radiators,0.0
UserA,h12_mw01,Floor heating,0.0
UserA,h12_mw01,Induction stove,0.0
UserA,h12_mw01,Gas stove,0.0
UserA,h12_mw01,Gas National Grid,0.0
UserA,h13_mw01,PV sys,0.0
UserA,h13_mw01,National Grid EE,0.0
UserA,h13_mw01,Storage EE,2.2655634833333336
UserA,h13_mw01,Gas Boiler,0.0
UserA,h13_mw01,HP,0.0
UserA,h13_mw01,AC,0.0
UserA,h13_mw01,Storage HW,0.0
UserA,h13_mw01,Radiators,0.0
UserA,h13_mw01,Floor heating,0.0
UserA,h13_mw01,Induction stove,0.0
UserA,h13_mw01,Gas stove,0.0
UserA,h13_mw01,Gas National Grid,0.0
UserA,h14_mw01,PV sys,0.0
UserA,h14_mw01,National Grid EE,0.0
UserA,h14_mw01,Storage EE,2.6048638333333334
UserA,h14_mw01,Gas Boiler,0.0
UserA,h14_mw01,HP,0.0
UserA,h14_mw01,AC,0.0
UserA,h14_mw01,Storage HW,0.0
UserA,h14_mw01,Radiators,0.0
UserA,h14_mw01,Floor heating,0.0
UserA,h14_mw01,Induction stove,0.0
UserA,h14_mw01,Gas stove,0.0
UserA,h14_mw01,Gas National Grid,0.0
UserA,h15_mw01,PV sys,0.0
UserA,h15_mw01,National Grid EE,0.0
UserA,h15_mw01,Storage EE,2.8089399999999998
UserA,h15_mw01,Gas Boiler,0.0
UserA,h15_mw01,HP,0.0
UserA,h15_mw01,AC,0.0
UserA,h15_mw01,Storage HW,0.0
UserA,h15_mw01,Radiators,0.0
UserA,h15_mw01,Floor heating,0.0
UserA,h15_mw01,Induction stove,0.0
UserA,h15_mw01,Gas stove,0.0
UserA,h15_mw01,Gas National Grid,0.0
UserA,h16_mw01,PV sys,0.0
UserA,h16_mw01,National Grid EE,0.0
UserA,h16_mw01,Storage EE,2.8499999999999996
UserA,h16_mw01,Gas Boiler,0.0
UserA,h16_mw01,HP,0.0
UserA,h16_mw01,AC,0.0
UserA,h16_mw01,Storage HW,0.0
UserA,h16_mw01,Radiators,0.0
UserA,h16_mw01,Floor heating,0.0
UserA,h16_mw01,Induction stove,0.0
UserA,h16_mw01,Gas stove,0.0
UserA,h16_mw01,Gas National Grid,0.0
UserA,h17_mw01,PV sys,0.0
UserA,h17_mw01,National Grid EE,0.0
UserA,h17_mw01,Storage EE,2.7856571999999997
UserA,h17_mw01,Gas Boiler,0.0
UserA,h17_mw01,HP,0.0
UserA,h17_mw01,AC,0.0
UserA,h17_mw01,Storage HW,0.0
UserA,h17_mw01,Radiators,0.0
UserA,h17_mw01,Floor heating,0.0
UserA,h17_mw01,Induction stove,0.0
UserA,h17_mw01,Gas stove,0.0
UserA,h17_mw01,Gas National Grid,0.0
UserA,h18_mw01,PV sys,0.0
UserA,h18_mw01,National Grid EE,0.0
UserA,h18_mw01,Storage EE,2.8499999999999996
UserA,h18_mw01,Gas Boiler,0.0
UserA,h18_mw01,HP,0.0
UserA,h18_mw01,AC,0.0
UserA,h18_mw01,Storage HW,0.0
UserA,h18_mw01,Radiators,0.0
UserA,h18_mw01,Floor heating,0.0
UserA,h18_mw01,Induction stove,0.0
UserA,h18_mw01,Gas stove,0.0
UserA,h18_mw01,Gas National Grid,0.0
UserA,h19_mw01,PV sys,0.0
UserA,h19_mw01,National Grid EE,0.0
UserA,h19_mw01,Storage EE,2.8499999999999996
UserA,h19_mw01,Gas Boiler,0.0
UserA,h19_mw01,HP,0.0
UserA,h19_mw01,AC,0.0
UserA,h19_mw01,Storage HW,0.0
UserA,h19_mw01,Radiators,0.0
UserA,h19_mw01,Floor heating,0.0
UserA,h19_mw01,Induction stove,0.0
UserA,h19_mw01,Gas stove,0.0
UserA,h19_mw01,Gas National Grid,0.0
UserA,h20_mw01,PV sys,0.0
UserA,h20_mw01,National Grid EE,0.0
UserA,h20_mw01,Storage EE,2.8499999999999996
UserA,h20_mw01,Gas Boiler,0.0
UserA,h20_mw01,HP,0.0
UserA,h20_mw01,AC,0.0
UserA,h20_mw01,Storage HW,0.0
UserA,h20_mw01,Radiators,0.0
UserA,h20_mw01,Floor heating,0.0
UserA,h20_mw01,Induction stove,0.0
UserA,h20_mw01,Gas stove,0.0
UserA,h20_mw01,Gas National Grid,0.0
UserA,h21_mw01,PV sys,0.0
UserA,h21_mw01,National Grid EE,0.0
UserA,h21_mw01,Storage EE,2.8499999999999996
UserA,h21_mw01,Gas Boiler,0.0
UserA,h21_mw01,HP,0.0
UserA,h21_mw01,AC,0.0
UserA,h21_mw01,Storage HW,0.0
UserA,h21_mw01,Radiators,0.0
UserA,h21_mw01,Floor heating,0.0
UserA,h21_mw01,Induction stove,0.0
UserA,h21_mw01,Gas stove,0.0
UserA,h21_mw01,Gas National Grid,0.0
UserA,h22_mw01,PV sys,0.0
UserA,h22_mw01,National Grid EE,0.0
UserA,h22_mw01,Storage EE,2.8499999999999996
UserA,h22_mw01,Gas Boiler,0.0
UserA,h22_mw01,HP,0.0
UserA,h22_mw01,AC,0.0
UserA,h22_mw01,Storage HW,0.0
UserA,h22_mw01,Radiators,0.0
UserA,h22_mw01,Floor heating,0.0
UserA,h22_mw01,Induction stove,0.0
UserA,h22_mw01,Gas stove,0.0
UserA,h22_mw01,Gas National Grid,0.0
UserA,h23_mw01,PV sys,0.0
UserA,h23_mw01,National Grid EE,0.0
UserA,h23_mw01,Storage EE,2.8499999999999996
UserA,h23_mw01,Gas Boiler,0.0
UserA,h23_mw01,HP,0.0
UserA,h23_mw01,AC,0.0
UserA,h23_mw01,Storage HW,0.0
UserA,h23_mw01,Radiators,0.0
UserA,h23_mw01,Floor heating,0.0
UserA,h23_mw01,Induction stove,0.0
UserA,h23_mw01,Gas stove,0.0
UserA,h23_mw01,Gas National Grid,0.0
UserA,h24_mw01,PV sys,0.0
UserA,h24_mw01,National Grid EE,0.0
UserA,h24_mw01,Storage EE,2.8499999999999996
UserA,h24_mw01,Gas Boiler,0.0
UserA,h24_mw01,HP,0.0
UserA,h24_mw01,AC,0.0
UserA,h24_mw01,Storage HW,0.0
UserA,h24_mw01,Radiators,0.0
UserA,h24_mw01,Floor heating,0.0
UserA,h24_mw01,Induction stove,0.0
UserA,h24_mw01,Gas stove,0.0
UserA,h24_mw01,Gas National Grid,0.0
UserA,h01_mw02,PV sys,0.0
UserA,h01_mw02,National Grid EE,0.0
UserA,h01_mw02,Storage EE,2.8499999999999996
UserA,h01_mw02,Gas Boiler,0.0
UserA,h01_mw02,HP,0.0
UserA,h01_mw02,AC,0.0
UserA,h01_mw02,Storage HW,0.0
UserA,h01_mw02,Radiators,0.0
UserA,h01_mw02,Floor heating,0.0
UserA,h01_mw02,Induction stove,0.0
UserA,h01_mw02,Gas stove,0.0
UserA,h01_mw02,Gas National Grid,0.0
UserA,h02_mw02,PV sys,0.0
UserA,h02_mw02,National Grid EE,0.0
UserA,h02_mw02,Storage EE,2.8499999999999996
UserA,h02_mw02,Gas Boiler,0.0
UserA,h02_mw02,HP,0.0
UserA,h02_mw02,AC,0.0
UserA,h02_mw02,Storage HW,0.0
UserA,h02_mw02,Radiators,0.0
UserA,h02_mw02,Floor heating,0.0
UserA,h02_mw02,Induction stove,0.0
UserA,h02_mw02,Gas stove,0.0
UserA,h02_mw02,Gas National Grid,0.0
UserA,h03_mw02,PV sys,0.0
UserA,h03_mw02,National Grid EE,0.0
UserA,h03_mw02,Storage EE,2.70044
UserA,h03_mw02,Gas Boiler,0.0
UserA,h03_mw02,HP,0.0
UserA,h03_mw02,AC,0.0
UserA,h03_mw02,Storage HW,0.0
UserA,h03_mw02,Radiators,0.0
UserA,h03_mw02,Floor heating,0.0
UserA,h03_mw02,Induction stove,0.0
UserA,h03_mw02,Gas stove,0.0
UserA,h03_mw02,Gas National Grid,0.0
UserA,h04_mw02,PV sys,0.0
UserA,h04_mw02,National Grid EE,0.0
UserA,h04_mw02,Storage EE,2.70044
UserA,h04_mw02,Gas Boiler,0.0
UserA,h04_mw02,HP,0.0
UserA,h04_mw02,AC,0.0
UserA,h04_mw02,Storage HW,0.0
UserA,h04_mw02,Radiators,0.0
UserA,h04_mw02,Floor heating,0.0
UserA,h04_mw02,Induction stove,0.0
UserA,h04_mw02,Gas stove,0.0
UserA,h04_mw02,Gas National Grid,0.0
UserA,h05_mw02,PV sys,0.0
UserA,h05_mw02,National Grid EE,0.0
UserA,h05_mw02,Storage EE,2.70044
UserA,h05_mw02,Gas Boiler,0.0
UserA,h05_mw02,HP,0.0
UserA,h05_mw02,AC,0.0
UserA,h05_mw02,Storage HW,0.0
UserA,h05_mw02,Radiators,0.0
UserA,h05_mw02,Floor heating,0.0
UserA,h05_mw02,Induction stove,0.0
UserA,h05_mw02,Gas stove,0.0
UserA,h05_mw02,Gas National Grid,0.0
UserA,h06_mw02,PV sys,0.0
UserA,h06_mw02,National Grid EE,0.0
UserA,h06_mw02,Storage EE,2.70044
UserA,h06_mw02,Gas Boiler,0.0
UserA,h06_mw02,HP,0.0
UserA,h06_mw02,AC,0.0
UserA,h06_mw02,Storage HW,0.0
UserA,h06_mw02,Radiators,0.0
UserA,h06_mw02,Floor heating,0.0
UserA,h06_mw02,Induction stove,0.0
UserA,h06_mw02,Gas stove,0.0
UserA,h06_mw02,Gas National Grid,0.0
UserA,h07_mw02,PV sys,0.0
UserA,h07_mw02,National Grid EE,0.0
UserA,h07_mw02,Storage EE,2.7405399999999998
UserA,h07_mw02,Gas Boiler,0.0
UserA,h07_mw02,HP,0.0
UserA,h07_mw02,AC,0.0
UserA,h07_mw02,Storage HW,0.0
UserA,h07_mw02,Radiators,0.0
UserA,h07_mw02,Floor heating,0.0
UserA,h07_mw02,Induction stove,0.0
UserA,h07_mw02,Gas stove,0.0
UserA,h07_mw02,Gas National Grid,0.0
UserA,h08_mw02,PV sys,0.0
UserA,h08_mw02,National Grid EE,0.0
UserA,h08_mw02,Storage EE,2.8499999999999996
UserA,h08_mw02,Gas Boiler,0.0
UserA,h08_mw02,HP,0.0
UserA,h08_mw02,AC,0.0
UserA,h08_mw02,Storage HW,0.0
UserA,h08_mw02,Radiators,0.0
UserA,h08_mw02,Floor heating,0.0
UserA,h08_mw02,Induction stove,0.0
UserA,h08_mw02,Gas stove,0.0
UserA,h08_mw02,Gas National Grid,0.0
UserA,h09_mw02,PV sys,0.0
UserA,h09_mw02,National Grid EE,0.0
UserA,h09_mw02,Storage EE,2.67518
UserA,h09_mw02,Gas Boiler,0.0
UserA,h09_mw02,HP,0.0
UserA,h09_mw02,AC,0.0
UserA,h09_mw02,Storage HW,0.0
UserA,h09_mw02,Radiators,0.0
UserA,h09_mw02,Floor heating,0.0
UserA,h09_mw02,Induction stove,0.0
UserA,h09_mw02,Gas stove,0.0
UserA,h09_mw02,Gas National Grid,0.0
UserA,h10_mw02,PV sys,0.0
UserA,h10_mw02,National Grid EE,0.0
UserA,h10_mw02,Storage EE,2.8499999999999996
UserA,h10_mw02,Gas Boiler,0.0
UserA,h10_mw02,HP,0.0
UserA,h10_mw02,AC,0.0
UserA,h10_mw02,Storage HW,0.0
UserA,h10_mw02,Radiators,0.0
UserA,h10_mw02,Floor heating,0.0
UserA,h10_mw02,Induction stove,0.0
UserA,h10_mw02,Gas stove,0.0
UserA,h10_mw02,Gas National Grid,0.0
UserA,h11_mw02,PV sys,0.0
UserA,h11_mw02,National Grid EE,0.0
UserA,h11_mw02,Storage EE,2.8499999999999996
UserA,h11_mw02,Gas Boiler,0.0
UserA,h11_mw02,HP,0.0
UserA,h11_mw02,AC,0.0
UserA,h11_mw02,Storage HW,0.0
UserA,h11_mw02,Radiators,0.0
UserA,h11_mw02,Floor heating,0.0
UserA,h11_mw02,Induction stove,0.0
UserA,h11_mw02,Gas stove,0.0
UserA,h11_mw02,Gas National Grid,0.0
UserA,h12_mw02,PV sys,0.0
UserA,h12_mw02,National Grid EE,0.0
UserA,h12_mw02,Storage EE,2.7213918666666665
UserA,h12_mw02,Gas Boiler,0.0
UserA,h12_mw02,HP,0.0
UserA,h12_mw02,AC,0.0
UserA,h12_mw02,Storage HW,0.0
UserA,h12_mw02,Radiators,0.0
UserA,h12_mw02,Floor heating,0.0
UserA,h12_mw02,Induction stove,0.0
UserA,h12_mw02,Gas stove,0.0
UserA,h12_mw02,Gas National Grid,0.0
UserA,h13_mw02,PV sys,0.0
UserA,h13_mw02,National Grid EE,0.0
UserA,h13_mw02,Storage EE,2.6065259999999992
UserA,h13_mw02,Gas Boiler,0.0
UserA,h13_mw02,HP,0.0
UserA,h13_mw02,AC,0.0
UserA,h13_mw02,Storage HW,0.0
UserA,h13_mw02,Radiators,0.0
UserA,h13_mw02,Floor heating,0.0
UserA,h13_mw02,Induction stove,0.0
UserA,h13_mw02,Gas stove,0.0
UserA,h13_mw02,Gas National Grid,0.0
UserA,h14_mw02,PV sys,0.0
UserA,h14_mw02,National Grid EE,0.0
UserA,h14_mw02,Storage EE,2.4762031333333323
UserA,h14_mw02,Gas Boiler,0.0
UserA,h14_mw02,HP,0.0
UserA,h14_mw02,AC,0.0
UserA,h14_mw02,Storage HW,0.0
UserA,h14_mw02,Radiators,0.0
UserA,h14_mw02,Floor heating,0.0
UserA,h14_mw02,Induction stove,0.0
UserA,h14_mw02,Gas stove,0.0
UserA,h14_mw02,Gas National Grid,0.0
UserA,h15_mw02,PV sys,0.0
UserA,h15_mw02,National Grid EE,0.0
UserA,h15_mw02,Storage EE,2.3648127166666657
UserA,h15_mw02,Gas Boiler,0.0
UserA,h15_mw02,HP,0.0
UserA,h15_mw02,AC,0.0
UserA,h15_mw02,Storage HW,0.0
UserA,h15_mw02,Radiators,0.0
UserA,h15_mw02,Floor heating,0.0
UserA,h15_mw02,Induction stove,0.0
UserA,h15_mw02,Gas stove,0.0
UserA,h15_mw02,Gas National Grid,0.0
UserA,h16_mw02,PV sys,0.0
UserA,h16_mw02,National Grid EE,0.0
UserA,h16_mw02,Storage EE,2.262909349999999
UserA,h16_mw02,Gas Boiler,0.0
UserA,h16_mw02,HP,0.0
UserA,h16_mw02,AC,0.0
UserA,h16_mw02,Storage HW,0.0
UserA,h16_mw02,Radiators,0.0
UserA,h16_mw02,Floor heating,0.0
UserA,h16_mw02,Induction stove,0.0
UserA,h16_mw02,Gas stove,0.0
UserA,h16_mw02,Gas National Grid,0.0
UserA,h17_mw02,PV sys,0.0
UserA,h17_mw02,National Grid EE,0.0
UserA,h17_mw02,Storage EE,2.057469349999999
UserA,h17_mw02,Gas Boiler,0.0
UserA,h17_mw02,HP,0.0
UserA,h17_mw02,AC,0.0
UserA,h17_mw02,Storage HW,0.0
UserA,h17_mw02,Radiators,0.0
UserA,h17_mw02,Floor heating,0.0
UserA,h17_mw02,Induction stove,0.0
UserA,h17_mw02,Gas stove,0.0
UserA,h17_mw02,Gas National Grid,0.0
UserA,h18_mw02,PV sys,0.0
UserA,h18_mw02,National Grid EE,0.0
UserA,h18_mw02,Storage EE,2.057469349999999
UserA,h18_mw02,Gas Boiler,0.0
UserA,h18_mw02,HP,0.0
UserA,h18_mw02,AC,0.0
UserA,h18_mw02,Storage HW,0.0
UserA,h18_mw02,Radiators,0.0
UserA,h18_mw02,Floor heating,0.0
UserA,h18_mw02,Induction stove,0.0
UserA,h18_mw02,Gas stove,0.0
UserA,h18_mw02,Gas National Grid,0.0
UserA,h19_mw02,PV sys,0.0
UserA,h19_mw02,National Grid EE,0.0
UserA,h19_mw02,Storage EE,2.057469349999999
UserA,h19_mw02,Gas Boiler,0.0
UserA,h19_mw02,HP,0.0
UserA,h19_mw02,AC,0.0
UserA,h19_mw02,Storage HW,0.0
UserA,h19_mw02,Radiators,0.0
UserA,h19_mw02,Floor heating,0.0
UserA,h19_mw02,Induction stove,0.0
UserA,h19_mw02,Gas stove,0.0
UserA,h19_mw02,Gas National Grid,0.0
UserA,h20_mw02,PV sys,0.0
UserA,h20_mw02,National Grid EE,0.0
UserA,h20_mw02,Storage EE,2.057469349999999
UserA,h20_mw02,Gas Boiler,0.0
UserA,h20_mw02,HP,0.0
UserA,h20_mw02,AC,0.0
UserA,h20_mw02,Storage HW,0.0
UserA,h20_mw02,Radiators,0.0
UserA,h20_mw02,Floor heating,0.0
UserA,h20_mw02,Induction stove,0.0
UserA,h20_mw02,Gas stove,0.0
UserA,h20_mw02,Gas National Grid,0.0
UserA,h21_mw02,PV sys,0.0
UserA,h21_mw02,National Grid EE,0.0
UserA,h21_mw02,Storage EE,2.057469349999999
UserA,h21_mw02,Gas Boiler,0.0
UserA,h21_mw02,HP,0.0
UserA,h21_mw02,AC,0.0
UserA,h21_mw02,Storage HW,0.0
UserA,h21_mw02,Radiators,0.0
UserA,h21_mw02,Floor heating,0.0
UserA,h21_mw02,Induction stove,0.0
UserA,h21_mw02,Gas stove,0.0
UserA,h21_mw02,Gas National Grid,0.0
UserA,h22_mw02,PV sys,0.0
UserA,h22_mw02,National Grid EE,0.0
UserA,h22_mw02,Storage EE,2.057469349999999
UserA,h22_mw02,Gas Boiler,0.0
UserA,h22_mw02,HP,0.0
UserA,h22_mw02,AC,0.0
UserA,h22_mw02,Storage HW,0.0
UserA,h22_mw02,Radiators,0.0
UserA,h22_mw02,Floor heating,0.0
UserA,h22_mw02,Induction stove,0.0
UserA,h22_mw02,Gas stove,0.0
UserA,h22_mw02,Gas National Grid,0.0
UserA,h23_mw02,PV sys,0.0
UserA,h23_mw02,National Grid EE,0.0
UserA,h23_mw02,Storage EE,2.057469349999999
UserA,h23_mw02,Gas Boiler,0.0
UserA,h23_mw02,HP,0.0
UserA,h23_mw02,AC,0.0
UserA,h23_mw02,Storage HW,0.0
UserA,h23_mw02,Radiators,0.0
UserA,h23_mw02,Floor heating,0.0
UserA,h23_mw02,Induction stove,0.0
UserA,h23_mw02,Gas stove,0.0
UserA,h23_mw02,Gas National Grid,0.0
UserA,h24_mw02,PV sys,0.0
UserA,h24_mw02,National Grid EE,0.0
UserA,h24_mw02,Storage EE,2.057469349999999
UserA,h24_mw02,Gas Boiler,0.0
UserA,h24_mw02,HP,0.0
UserA,h24_mw02,AC,0.0
UserA,h24_mw02,Storage HW,0.0
UserA,h24_mw02,Radiators,0.0
UserA,h24_mw02,Floor heating,0.0
UserA,h24_mw02,Induction stove,0.0
UserA,h24_mw02,Gas stove,0.0
UserA,h24_mw02,Gas National Grid,0.0
UserA,h01_mw03,PV sys,0.0
UserA,h01_mw03,National Grid EE,0.0
UserA,h01_mw03,Storage EE,2.057469349999999
UserA,h01_mw03,Gas Boiler,0.0
UserA,h01_mw03,HP,0.0
UserA,h01_mw03,AC,0.0
UserA,h01_mw03,Storage HW,0.0
UserA,h01_mw03,Radiators,0.0
UserA,h01_mw03,Floor heating,0.0
UserA,h01_mw03,Induction stove,0.0
UserA,h01_mw03,Gas stove,0.0
UserA,h01_mw03,Gas National Grid,0.0
UserA,h02_mw03,PV sys,0.0
UserA,h02_mw03,National Grid EE,0.0
UserA,h02_mw03,Storage EE,2.057469349999999
UserA,h02_mw03,Gas Boiler,0.0
UserA,h02_mw03,HP,0.0
UserA,h02_mw03,AC,0.0
UserA,h02_mw03,Storage HW,0.0
UserA,h02_mw03,Radiators,0.0
UserA,h02_mw03,Floor heating,0.0
UserA,h02_mw03,Induction stove,0.0
UserA,h02_mw03,Gas stove,0.0
UserA,h02_mw03,Gas National Grid,0.0
UserA,h03_mw03,PV sys,0.0
UserA,h03_mw03,National Grid EE,0.0
UserA,h03_mw03,Storage EE,1.8830187499999989
UserA,h03_mw03,Gas Boiler,0.0
UserA,h03_mw03,HP,0.0
UserA,h03_mw03,AC,0.0
UserA,h03_mw03,Storage HW,0.0
UserA,h03_mw03,Radiators,0.0
UserA,h03_mw03,Floor heating,0.0
UserA,h03_mw03,Induction stove,0.0
UserA,h03_mw03,Gas stove,0.0
UserA,h03_mw03,Gas National Grid,0.0
UserA,h04_mw03,PV sys,0.0
UserA,h04_mw03,National Grid EE,0.0
UserA,h04_mw03,Storage EE,1.7278015833333322
UserA,h04_mw03,Gas Boiler,0.0
UserA,h04_mw03,HP,0.0
UserA,h04_mw03,AC,0.0
UserA,h04_mw03,Storage HW,0.0
UserA,h04_mw03,Radiators,0.0
UserA,h04_mw03,Floor heating,0.0
UserA,h04_mw03,Induction stove,0.0
UserA,h04_mw03,Gas stove,0.0
UserA,h04_mw03,Gas National Grid,0.0
UserA,h05_mw03,PV sys,0.0
UserA,h05_mw03,National Grid EE,0.0
UserA,h05_mw03,Storage EE,1.7278015833333322
UserA,h05_mw03,Gas Boiler,0.0
UserA,h05_mw03,HP,0.0
UserA,h05_mw03,AC,0.0
UserA,h05_mw03,Storage HW,0.0
UserA,h05_mw03,Radiators,0.0
UserA,h05_mw03,Floor heating,0.0
UserA,h05_mw03,Induction stove,0.0
UserA,h05_mw03,Gas stove,0.0
UserA,h05_mw03,Gas National Grid,0.0
UserA,h06_mw03,PV sys,0.0
UserA,h06_mw03,National Grid EE,0.0
UserA,h06_mw03,Storage EE,1.7278015833333322
UserA,h06_mw03,Gas Boiler,0.0
UserA,h06_mw03,HP,0.0
UserA,h06_mw03,AC,0.0
UserA,h06_mw03,Storage HW,0.0
UserA,h06_mw03,Radiators,0.0
UserA,h06_mw03,Floor heating,0.0
UserA,h06_mw03,Induction stove,0.0
UserA,h06_mw03,Gas stove,0.0
UserA,h06_mw03,Gas National Grid,0.0
UserA,h07_mw03,PV sys,0.0
UserA,h07_mw03,National Grid EE,0.0
UserA,h07_mw03,Storage EE,1.767901583333332
UserA,h07_mw03,Gas Boiler,0.0
UserA,h07_mw03,HP,0.0
UserA,h07_mw03,AC,0.0
UserA,h07_mw03,Storage HW,0.0
UserA,h07_mw03,Radiators,0.0
UserA,h07_mw03,Floor heating,0.0
UserA,h07_mw03,Induction stove,0.0
UserA,h07_mw03,Gas stove,0.0
UserA,h07_mw03,Gas National Grid,0.0
UserA,h08_mw03,PV sys,0.0
UserA,h08_mw03,National Grid EE,0.0
UserA,h08_mw03,Storage EE,1.8773615833333321
UserA,h08_mw03,Gas Boiler,0.0
UserA,h08_mw03,HP,0.0
UserA,h08_mw03,AC,0.0
UserA,h08_mw03,Storage HW,0.0
UserA,h08_mw03,Radiators,0.0
UserA,h08_mw03,Floor heating,0.0
UserA,h08_mw03,Induction stove,0.0
UserA,h08_mw03,Gas stove,0.0
UserA,h08_mw03,Gas National Grid,0.0
UserA,h09_mw03,PV sys,0.0
UserA,h09_mw03,National Grid EE,0.0
UserA,h09_mw03,Storage EE,1.5956992367478073
UserA,h09_mw03,Gas Boiler,0.0
UserA,h09_mw03,HP,0.0
UserA,h09_mw03,AC,0.0
UserA,h09_mw03,Storage HW,0.0
UserA,h09_mw03,Radiators,0.0
UserA,h09_mw03,Floor heating,0.0
UserA,h09_mw03,Induction stove,0.0
UserA,h09_mw03,Gas stove,0.0
UserA,h09_mw03,Gas National Grid,0.0
UserA,h10_mw03,PV sys,0.0
UserA,h10_mw03,National Grid EE,0.0
UserA,h10_mw03,Storage EE,1.7473971833333342
UserA,h10_mw03,Gas Boiler,0.0
UserA,h10_mw03,HP,0.0
UserA,h10_mw03,AC,0.0
UserA,h10_mw03,Storage HW,0.0
UserA,h10_mw03,Radiators,0.0
UserA,h10_mw03,Floor heating,0.0
UserA,h10_mw03,Induction stove,0.0
UserA,h10_mw03,Gas stove,0.0
UserA,h10_mw03,Gas National Grid,0.0
UserA,h11_mw03,PV sys,0.0
UserA,h11_mw03,National Grid EE,0.0
UserA,h11_mw03,Storage EE,1.617948333333334
UserA,h11_mw03,Gas Boiler,0.0
UserA,h11_mw03,HP,0.0
UserA,h11_mw03,AC,0.0
UserA,h11_mw03,Storage HW,0.0
UserA,h11_mw03,Radiators,0.0
UserA,h11_mw03,Floor heating,0.0
UserA,h11_mw03,Induction stove,0.0
UserA,h11_mw03,Gas stove,0.0
UserA,h11_mw03,Gas National Grid,0.0
UserA,h12_mw03,PV sys,0.0
UserA,h12_mw03,National Grid EE,0.0
UserA,h12_mw03,Storage EE,1.5172568166666673
UserA,h12_mw03,Gas Boiler,0.0
UserA,h12_mw03,HP,0.0
UserA,h12_mw03,AC,0.0
UserA,h12_mw03,Storage HW,0.0
UserA,h12_mw03,Radiators,0.0
UserA,h12_mw03,Floor heating,0.0
UserA,h12_mw03,Induction stove,0.0
UserA,h12_mw03,Gas stove,0.0
UserA,h12_mw03,Gas National Grid,0.0
UserA,h13_mw03,PV sys,0.0
UserA,h13_mw03,National Grid EE,0.0
UserA,h13_mw03,Storage EE,1.4298073000000002
UserA,h13_mw03,Gas Boiler,0.0
UserA,h13_mw03,HP,0.0
UserA,h13_mw03,AC,0.0
UserA,h13_mw03,Storage HW,0.0
UserA,h13_mw03,Radiators,0.0
UserA,h13_mw03,Floor heating,0.0
UserA,h13_mw03,Induction stove,0.0
UserA,h13_mw03,Gas stove,0.0
UserA,h13_mw03,Gas National Grid,0.0
UserA,h14_mw03,PV sys,0.0
UserA,h14_mw03,National Grid EE,0.0
UserA,h14_mw03,Storage EE,1.1372345333333334
UserA,h14_mw03,Gas Boiler,0.0
UserA,h14_mw03,HP,0.0
UserA,h14_mw03,AC,0.0
UserA,h14_mw03,Storage HW,0.0
UserA,h14_mw03,Radiators,0.0
UserA,h14_mw03,Floor heating,0.0
UserA,h14_mw03,Induction stove,0.0
UserA,h14_mw03,Gas stove,0.0
UserA,h14_mw03,Gas National Grid,0.0
UserA,h15_mw03,PV sys,0.0
UserA,h15_mw03,National Grid EE,0.0
UserA,h15_mw03,Storage EE,0.9490103
UserA,h15_mw03,Gas Boiler,0.0
UserA,h15_mw03,HP,0.0
UserA,h15_mw03,AC,0.0
UserA,h15_mw03,Storage HW,0.0
UserA,h15_mw03,Radiators,0.0
UserA,h15_mw03,Floor heating,0.0
UserA,h15_mw03,Induction stove,0.0
UserA,h15_mw03,Gas stove,0.0
UserA,h15_mw03,Gas National Grid,0.0
UserA,h16_mw03,PV sys,0.0
UserA,h16_mw03,National Grid EE,0.0
UserA,h16_mw03,Storage EE,0.7916903
UserA,h16_mw03,Gas Boiler,0.0
UserA,h16_mw03,HP,0.0
UserA,h16_mw03,AC,0.0
UserA,h16_mw03,Storage HW,0.0
UserA,h16_mw03,Radiators,0.0
UserA,h16_mw03,Floor heating,0.0
UserA,h16_mw03,Induction stove,0.0
UserA,h16_mw03,Gas stove,0.0
UserA,h16_mw03,Gas National Grid,0.0
UserA,h17_mw03,PV sys,0.0
UserA,h17_mw03,National Grid EE,0.0
UserA,h17_mw03,Storage EE,0.5700003
UserA,h17_mw03,Gas Boiler,0.0
UserA,h17_mw03,HP,0.0
UserA,h17_mw03,AC,0.0
UserA,h17_mw03,Storage HW,0.0
UserA,h17_mw03,Radiators,0.0
UserA,h17_mw03,Floor heating,0.0
UserA,h17_mw03,Induction stove,0.0
UserA,h17_mw03,Gas stove,0.0
UserA,h17_mw03,Gas National Grid,0.0
UserA,h18_mw03,PV sys,0.0
UserA,h18_mw03,National Grid EE,0.0
UserA,h18_mw03,Storage EE,0.2999999999999998
UserA,h18_mw03,Gas Boiler,0.0
UserA,h18_mw03,HP,0.0
UserA,h18_mw03,AC,0.0
UserA,h18_mw03,Storage HW,0.0
UserA,h18_mw03,Radiators,0.0
UserA,h18_mw03,Floor heating,0.0
UserA,h18_mw03,Induction stove,0.0
UserA,h18_mw03,Gas stove,0.0
UserA,h18_mw03,Gas National Grid,0.0
UserA,h19_mw03,PV sys,0.0
UserA,h19_mw03,National Grid EE,0.0
UserA,h19_mw03,Storage EE,0.2999999999999998
UserA,h19_mw03,Gas Boiler,0.0
UserA,h19_mw03,HP,0.0
UserA,h19_mw03,AC,0.0
UserA,h19_mw03,Storage HW,0.0
UserA,h19_mw03,Radiators,0.0
UserA,h19_mw03,Floor heating,0.0
UserA,h19_mw03,Induction stove,0.0
UserA,h19_mw03,Gas stove,0.0
UserA,h19_mw03,Gas National Grid,0.0
UserA,h20_mw03,PV sys,0.0
UserA,h20_mw03,National Grid EE,0.0
UserA,h20_mw03,Storage EE,0.2999999999999998
UserA,h20_mw03,Gas Boiler,0.0
UserA,h20_mw03,HP,0.0
UserA,h20_mw03,AC,0.0
UserA,h20_mw03,Storage HW,0.0
UserA,h20_mw03,Radiators,0.0
UserA,h20_mw03,Floor heating,0.0
UserA,h20_mw03,Induction stove,0.0
UserA,h20_mw03,Gas stove,0.0
UserA,h20_mw03,Gas National Grid,0.0
UserA,h21_mw03,PV sys,0.0
UserA,h21_mw03,National Grid EE,0.0
UserA,h21_mw03,Storage EE,0.2999999999999998
UserA,h21_mw03,Gas Boiler,0.0
UserA,h21_mw03,HP,0.0
UserA,h21_mw03,AC,0.0
UserA,h21_mw03,Storage HW,0.0
UserA,h21_mw03,Radiators,0.0
UserA,h21_mw03,Floor heating,0.0
UserA,h21_mw03,Induction stove,0.0
UserA,h21_mw03,Gas stove,0.0
UserA,h21_mw03,Gas National Grid,0.0
UserA,h22_mw03,PV sys,0.0
UserA,h22_mw03,National Grid EE,0.0
UserA,h22_mw03,Storage EE,0.2999999999999998
UserA,h22_mw03,Gas Boiler,0.0
UserA,h22_mw03,HP,0.0
UserA,h22_mw03,AC,0.0
UserA,h22_mw03,Storage HW,0.0
UserA,h22_mw03,Radiators,0.0
UserA,h22_mw03,Floor heating,0.0
UserA,h22_mw03,Induction stove,0.0
UserA,h22_mw03,Gas stove,0.0
UserA,h22_mw03,Gas National Grid,0.0
UserA,h23_mw03,PV sys,0.0
UserA,h23_mw03,National Grid EE,0.0
UserA,h23_mw03,Storage EE,0.2999999999999998
UserA,h23_mw03,Gas Boiler,0.0
UserA,h23_mw03,HP,0.0
UserA,h23_mw03,AC,0.0
UserA,h23_mw03,Storage HW,0.0
UserA,h23_mw03,Radiators,0.0
UserA,h23_mw03,Floor heating,0.0
UserA,h23_mw03,Induction stove,0.0
UserA,h23_mw03,Gas stove,0.0
UserA,h23_mw03,Gas National Grid,0.0
UserA,h24_mw03,PV sys,0.0
UserA,h24_mw03,National Grid EE,0.0
UserA,h24_mw03,Storage EE,0.2999999999999998
UserA,h24_mw03,Gas Boiler,0.0
UserA,h24_mw03,HP,0.0
UserA,h24_mw03,AC,0.0
UserA,h24_mw03,Storage HW,0.0
UserA,h24_mw03,Radiators,0.0
UserA,h24_mw03,Floor heating,0.0
UserA,h24_mw03,Induction stove,0.0
UserA,h24_mw03,Gas stove,0.0
UserA,h24_mw03,Gas National Grid,0.0
UserA,h01_mw04,PV sys,0.0
UserA,h01_mw04,National Grid EE,0.0
UserA,h01_mw04,Storage EE,0.2999999999999998
UserA,h01_mw04,Gas Boiler,0.0
UserA,h01_mw04,HP,0.0
UserA,h01_mw04,AC,0.0
UserA,h01_mw04,Storage HW,0.0
UserA,h01_mw04,Radiators,0.0
UserA,h01_mw04,Floor heating,0.0
UserA,h01_mw04,Induction stove,0.0
UserA,h01_mw04,Gas stove,0.0
UserA,h01_mw04,Gas National Grid,0.0
UserA,h02_mw04,PV sys,0.0
UserA,h02_mw04,National Grid EE,0.0
UserA,h02_mw04,Storage EE,0.2999999999999998
UserA,h02_mw04,Gas Boiler,0.0
UserA,h02_mw04,HP,0.0
UserA,h02_mw04,AC,0.0
UserA,h02_mw04,Storage HW,0.0
UserA,h02_mw04,Radiators,0.0
UserA,h02_mw04,Floor heating,0.0
UserA,h02_mw04,Induction stove,0.0
UserA,h02_mw04,Gas stove,0.0
UserA,h02_mw04,Gas National Grid,0.0
UserA,h03_mw04,PV sys,0.0
UserA,h03_mw04,National Grid EE,0.0
UserA,h03_mw04,Storage EE,0.2999999999999998
UserA,h03_mw04,Gas Boiler,0.0
UserA,h03_mw04,HP,0.0
UserA,h03_mw04,AC,0.0
UserA,h03_mw04,Storage HW,0.0
UserA,h03_mw04,Radiators,0.0
UserA,h03_mw04,Floor heating,0.0
UserA,h03_mw04,Induction stove,0.0
UserA,h03_mw04,Gas stove,0.0
UserA,h03_mw04,Gas National Grid,0.0
UserA,h04_mw04,PV sys,0.0
UserA,h04_mw04,National Grid EE,0.0
UserA,h04_mw04,Storage EE,0.2999999999999998
UserA,h04_mw04,Gas Boiler,0.0
UserA,h04_mw04,HP,0.0
UserA,h04_mw04,AC,0.0
UserA,h04_mw04,Storage HW,0.0
UserA,h04_mw04,Radiators,0.0
UserA,h04_mw04,Floor heating,0.0
UserA,h04_mw04,Induction stove,0.0
UserA,h04_mw04,Gas stove,0.0
UserA,h04_mw04,Gas National Grid,0.0
UserA,h05_mw04,PV sys,0.0
UserA,h05_mw04,National Grid EE,0.0
UserA,h05_mw04,Storage EE,0.30000000000000004
UserA,h05_mw04,Gas Boiler,0.0
UserA,h05_mw04,HP,0.0
UserA,h05_mw04,AC,0.0
UserA,h05_mw04,Storage HW,0.0
UserA,h05_mw04,Radiators,0.0
UserA,h05_mw04,Floor heating,0.0
UserA,h05_mw04,Induction stove,0.0
UserA,h05_mw04,Gas stove,0.0
UserA,h05_mw04,Gas National Grid,0.0
UserA,h06_mw04,PV sys,0.0
UserA,h06_mw04,National Grid EE,0.0
UserA,h06_mw04,Storage EE,0.2999999999999998
UserA,h06_mw04,Gas Boiler,0.0
UserA,h06_mw04,HP,0.0
UserA,h06_mw04,AC,0.0
UserA,h06_mw04,Storage HW,0.0
UserA,h06_mw04,Radiators,0.0
UserA,h06_mw04,Floor heating,0.0
UserA,h06_mw04,Induction stove,0.0
UserA,h06_mw04,Gas stove,0.0
UserA,h06_mw04,Gas National Grid,0.0
UserA,h07_mw04,PV sys,0.0
UserA,h07_mw04,National Grid EE,0.0
UserA,h07_mw04,Storage EE,0.3646999999999998
UserA,h07_mw04,Gas Boiler,0.0
UserA,h07_mw04,HP,0.0
UserA,h07_mw04,AC,0.0
UserA,h07_mw04,Storage HW,0.0
UserA,h07_mw04,Radiators,0.0
UserA,h07_mw04,Floor heating,0.0
UserA,h07_mw04,Induction stove,0.0
UserA,h07_mw04,Gas stove,0.0
UserA,h07_mw04,Gas National Grid,0.0
UserA,h08_mw04,PV sys,0.0
UserA,h08_mw04,National Grid EE,0.0
UserA,h08_mw04,Storage EE,0.3095068833333332
UserA,h08_mw04,Gas Boiler,0.0
UserA,h08_mw04,HP,0.0
UserA,h08_mw04,AC,0.0
UserA,h08_mw04,Storage HW,0.0
UserA,h08_mw04,Radiators,0.0
UserA,h08_mw04,Floor heating,0.0
UserA,h08_mw04,Induction stove,0.0
UserA,h08_mw04,Gas stove,0.0
UserA,h08_mw04,Gas National Grid,0.0
UserA,h09_mw04,PV sys,0.0
UserA,h09_mw04,National Grid EE,0.0
UserA,h09_mw04,Storage EE,0.2999999999999996
UserA,h09_mw04,Gas Boiler,0.0
UserA,h09_mw04,HP,0.0
UserA,h09_mw04,AC,0.0
UserA,h09_mw04,Storage HW,0.0
UserA,h09_mw04,Radiators,0.0
UserA,h09_mw04,Floor heating,0.0
UserA,h09_mw04,Induction stove,0.0
UserA,h09_mw04,Gas stove,0.0
UserA,h09_mw04,Gas National Grid,0.0
UserA,h10_mw04,PV sys,0.0
UserA,h10_mw04,National Grid EE,0.0
UserA,h10_mw04,Storage EE,0.45801286999999963
UserA,h10_mw04,Gas Boiler,0.0
UserA,h10_mw04,HP,0.0
UserA,h10_mw04,AC,0.0
UserA,h10_mw04,Storage HW,0.0
UserA,h10_mw04,Radiators,0.0
UserA,h10_mw04,Floor heating,0.0
UserA,h10_mw04,Induction stove,0.0
UserA,h10_mw04,Gas stove,0.0
UserA,h10_mw04,Gas National Grid,0.0
UserA,h11_mw04,PV sys,0.0
UserA,h11_mw04,National Grid EE,0.0
UserA,h11_mw04,Storage EE,0.9066527533333328
UserA,h11_mw04,Gas Boiler,0.0
UserA,h11_mw04,HP,0.0
UserA,h11_mw04,AC,0.0
UserA,h11_mw04,Storage HW,0.0
UserA,h11_mw04,Radiators,0.0
UserA,h11_mw04,Floor heating,0.0
UserA,h11_mw04,Induction stove,0.0
UserA,h11_mw04,Gas stove,0.0
UserA,h11_mw04,Gas National Grid,0.0
UserA,h12_mw04,PV sys,0.0
UserA,h12_mw04,National Grid EE,0.0
UserA,h12_mw04,Storage EE,1.549262136666666
UserA,h12_mw04,Gas Boiler,0.0
UserA,h12_mw04,HP,0.0
UserA,h12_mw04,AC,0.0
UserA,h12_mw04,Storage HW,0.0
UserA,h12_mw04,Radiators,0.0
UserA,h12_mw04,Floor heating,0.0
UserA,h12_mw04,Induction stove,0.0
UserA,h12_mw04,Gas stove,0.0
UserA,h12_mw04,Gas National Grid,0.0
UserA,h13_mw04,PV sys,0.0
UserA,h13_mw04,National Grid EE,0.0
UserA,h13_mw04,Storage EE,2.1383054699999984
UserA,h13_mw04,Gas Boiler,0.0
UserA,h13_mw04,HP,0.0
UserA,h13_mw04,AC,0.0
UserA,h13_mw04,Storage HW,0.0
UserA,h13_mw04,Radiators,0.0
UserA,h13_mw04,Floor heating,0.0
UserA,h13_mw04,Induction stove,0.0
UserA,h13_mw04,Gas stove,0.0
UserA,h13_mw04,Gas National Grid,0.0
UserA,h14_mw04,PV sys,0.0
UserA,h14_mw04,National Grid EE,0.0
UserA,h14_mw04,Storage EE,2.821023636666665
UserA,h14_mw04,Gas Boiler,0.0
UserA,h14_mw04,HP,0.0
UserA,h14_mw04,AC,0.0
UserA,h14_mw04,Storage HW,0.0
UserA,h14_mw04,Radiators,0.0
UserA,h14_mw04,Floor heating,0.0
UserA,h14_mw04,Induction stove,0.0
UserA,h14_mw04,Gas stove,0.0
UserA,h14_mw04,Gas National Grid,0.0
UserA,h15_mw04,PV sys,0.0
UserA,h15_mw04,National Grid EE,0.0
UserA,h15_mw04,Storage EE,2.8499999999999996
UserA,h15_mw04,Gas Boiler,0.0
UserA,h15_mw04,HP,0.0
UserA,h15_mw04,AC,0.0
UserA,h15_mw04,Storage HW,0.0
UserA,h15_mw04,Radiators,0.0
UserA,h15_mw04,Floor heating,0.0
UserA,h15_mw04,Induction stove,0.0
UserA,h15_mw04,Gas stove,0.0
UserA,h15_mw04,Gas National Grid,0.0
UserA,h16_mw04,PV sys,0.0
UserA,h16_mw04,National Grid EE,0.0
UserA,h16_mw04,Storage EE,2.8499999999999996
UserA,h16_mw04,Gas Boiler,0.0
UserA,h16_mw04,HP,0.0
UserA,h16_mw04,AC,0.0
UserA,h16_mw04,Storage HW,0.0
UserA,h16_mw04,Radiators,0.0
UserA,h16_mw04,Floor heating,0.0
UserA,h16_mw04,Induction stove,0.0
UserA,h16_mw04,Gas stove,0.0
UserA,h16_mw04,Gas National Grid,0.0
UserA,h17_mw04,PV sys,0.0
UserA,h17_mw04,National Grid EE,0.0
UserA,h17_mw04,Storage EE,2.7031258166666663
UserA,h17_mw04,Gas Boiler,0.0
UserA,h17_mw04,HP,0.0
UserA,h17_mw04,AC,0.0
UserA,h17_mw04,Storage HW,0.0
UserA,h17_mw04,Radiators,0.0
UserA,h17_mw04,Floor heating,0.0
UserA,h17_mw04,Induction stove,0.0
UserA,h17_mw04,Gas stove,0.0
UserA,h17_mw04,Gas National Grid,0.0
UserA,h18_mw04,PV sys,0.0
UserA,h18_mw04,National Grid EE,0.0
UserA,h18_mw04,Storage EE,2.413623653333332
UserA,h18_mw04,Gas Boiler,0.0
UserA,h18_mw04,HP,0.0
UserA,h18_mw04,AC,0.0
UserA,h18_mw04,Storage HW,0.0
UserA,h18_mw04,Radiators,0.0
UserA,h18_mw04,Floor heating,0.0
UserA,h18_mw04,Induction stove,0.0
UserA,h18_mw04,Gas stove,0.0
UserA,h18_mw04,Gas National Grid,0.0
UserA,h19_mw04,PV sys,0.0
UserA,h19_mw04,National Grid EE,0.0
UserA,h19_mw04,Storage EE,2.2686928999999987
UserA,h19_mw04,Gas Boiler,0.0
UserA,h19_mw04,HP,0.0
UserA,h19_mw04,AC,0.0
UserA,h19_mw04,Storage HW,0.0
UserA,h19_mw04,Radiators,0.0
UserA,h19_mw04,Floor heating,0.0
UserA,h19_mw04,Induction stove,0.0
UserA,h19_mw04,Gas stove,0.0
UserA,h19_mw04,Gas National Grid,0.0
UserA,h20_mw04,PV sys,0.0
UserA,h20_mw04,National Grid EE,0.0
UserA,h20_mw04,Storage EE,1.668535316666666
UserA,h20_mw04,Gas Boiler,0.0
UserA,h20_mw04,HP,0.0
UserA,h20_mw04,AC,0.0
UserA,h20_mw04,Storage HW,0.0
UserA,h20_mw04,Radiators,0.0
UserA,h20_mw04,Floor heating,0.0
UserA,h20_mw04,Induction stove,0.0
UserA,h20_mw04,Gas stove,0.0
UserA,h20_mw04,Gas National Grid,0.0
UserA,h21_mw04,PV sys,0.0
UserA,h21_mw04,National Grid EE,0.0
UserA,h21_mw04,Storage EE,1.2130241666666668
UserA,h21_mw04,Gas Boiler,0.0
UserA,h21_mw04,HP,0.0
UserA,h21_mw04,AC,0.0
UserA,h21_mw04,Storage HW,0.0
UserA,h21_mw04,Radiators,0.0
UserA,h21_mw04,Floor heating,0.0
UserA,h21_mw04,Induction stove,0.0
UserA,h21_mw04,Gas stove,0.0
UserA,h21_mw04,Gas National Grid,0.0
UserA,h22_mw04,PV sys,0.0
UserA,h22_mw04,National Grid EE,0.0
UserA,h22_mw04,Storage EE,0.8231214666666666
UserA,h22_mw04,Gas Boiler,0.0
UserA,h22_mw04,HP,0.0
UserA,h22_mw04,AC,0.0
UserA,h22_mw04,Storage HW,0.0
UserA,h22_mw04,Radiators,0.0
UserA,h22_mw04,Floor heating,0.0
UserA,h22_mw04,Induction stove,0.0
UserA,h22_mw04,Gas stove,0.0
UserA,h22_mw04,Gas National Grid,0.0
UserA,h23_mw04,PV sys,0.0
UserA,h23_mw04,National Grid EE,0.0
UserA,h23_mw04,Storage EE,0.56303255
UserA,h23_mw04,Gas Boiler,0.0
UserA,h23_mw04,HP,0.0
UserA,h23_mw04,AC,0.0
UserA,h23_mw04,Storage HW,0.0
UserA,h23_mw04,Radiators,0.0
UserA,h23_mw04,Floor heating,0.0
UserA,h23_mw04,Induction stove,0.0
UserA,h23_mw04,Gas stove,0.0
UserA,h23_mw04,Gas National Grid,0.0
UserA,h24_mw04,PV sys,0.0
UserA,h24_mw04,National Grid EE,0.0
UserA,h24_mw04,Storage EE,0.30000000000000004
UserA,h24_mw04,Gas Boiler,0.0
UserA,h24_mw04,HP,0.0
UserA,h24_mw04,AC,0.0
UserA,h24_mw04,Storage HW,0.0
UserA,h24_mw04,Radiators,0.0
UserA,h24_mw04,Floor heating,0.0
UserA,h24_mw04,Induction stove,0.0
UserA,h24_mw04,Gas stove,0.0
UserA,h24_mw04,Gas National Grid,0.0
UserA,h01_mw05,PV sys,0.0
UserA,h01_mw05,National Grid EE,0.0
UserA,h01_mw05,Storage EE,0.3000000000000003
UserA,h01_mw05,Gas Boiler,0.0
UserA,h01_mw05,HP,0.0
UserA,h01_mw05,AC,0.0
UserA,h01_mw05,Storage HW,0.0
UserA,h01_mw05,Radiators,0.0
UserA,h01_mw05,Floor heating,0.0
UserA,h01_mw05,Induction stove,0.0
UserA,h01_mw05,Gas stove,0.0
UserA,h01_mw05,Gas National Grid,0.0
UserA,h02_mw05,PV sys,0.0
UserA,h02_mw05,National Grid EE,0.0
UserA,h02_mw05,Storage EE,0.3000000000000003
UserA,h02_mw05,Gas Boiler,0.0
UserA,h02_mw05,HP,0.0
UserA,h02_mw05,AC,0.0
UserA,h02_mw05,Storage HW,0.0
UserA,h02_mw05,Radiators,0.0
UserA,h02_mw05,Floor heating,0.0
UserA,h02_mw05,Induction stove,0.0
UserA,h02_mw05,Gas stove,0.0
UserA,h02_mw05,Gas National Grid,0.0
UserA,h03_mw05,PV sys,0.0
UserA,h03_mw05,National Grid EE,0.0
UserA,h03_mw05,Storage EE,0.3000000000000003
UserA,h03_mw05,Gas Boiler,0.0
UserA,h03_mw05,HP,0.0
UserA,h03_mw05,AC,0.0
UserA,h03_mw05,Storage HW,0.0
UserA,h03_mw05,Radiators,0.0
UserA,h03_mw05,Floor heating,0.0
UserA,h03_mw05,Induction stove,0.0
UserA,h03_mw05,Gas stove,0.0
UserA,h03_mw05,Gas National Grid,0.0
UserA,h04_mw05,PV sys,0.0
UserA,h04_mw05,National Grid EE,0.0
UserA,h04_mw05,Storage EE,0.3000000000000003
UserA,h04_mw05,Gas Boiler,0.0
UserA,h04_mw05,HP,0.0
UserA,h04_mw05,AC,0.0
UserA,h04_mw05,Storage HW,0.0
UserA,h04_mw05,Radiators,0.0
UserA,h04_mw05,Floor heating,0.0
UserA,h04_mw05,Induction stove,0.0
UserA,h04_mw05,Gas stove,0.0
UserA,h04_mw05,Gas National Grid,0.0
UserA,h05_mw05,PV sys,0.0
UserA,h05_mw05,National Grid EE,0.0
UserA,h05_mw05,Storage EE,0.3000000000000003
UserA,h05_mw05,Gas Boiler,0.0
UserA,h05_mw05,HP,0.0
UserA,h05_mw05,AC,0.0
UserA,h05_mw05,Storage HW,0.0
UserA,h05_mw05,Radiators,0.0
UserA,h05_mw05,Floor heating,0.0
UserA,h05_mw05,Induction stove,0.0
UserA,h05_mw05,Gas stove,0.0
UserA,h05_mw05,Gas National Grid,0.0
UserA,h06_mw05,PV sys,0.0
UserA,h06_mw05,National Grid EE,0.0
UserA,h06_mw05,Storage EE,0.3207400000000003
UserA,h06_mw05,Gas Boiler,0.0
UserA,h06_mw05,HP,0.0
UserA,h06_mw05,AC,0.0
UserA,h06_mw05,Storage HW,0.0
UserA,h06_mw05,Radiators,0.0
UserA,h06_mw05,Floor heating,0.0
UserA,h06_mw05,Induction stove,0.0
UserA,h06_mw05,Gas stove,0.0
UserA,h06_mw05,Gas National Grid,0.0
UserA,h07_mw05,PV sys,0.0
UserA,h07_mw05,National Grid EE,0.0
UserA,h07_mw05,Storage EE,0.38990000000000036
UserA,h07_mw05,Gas Boiler,0.0
UserA,h07_mw05,HP,0.0
UserA,h07_mw05,AC,0.0
UserA,h07_mw05,Storage HW,0.0
UserA,h07_mw05,Radiators,0.0
UserA,h07_mw05,Floor heating,0.0
UserA,h07_mw05,Induction stove,0.0
UserA,h07_mw05,Gas stove,0.0
UserA,h07_mw05,Gas National Grid,0.0
UserA,h08_mw05,PV sys,0.0
UserA,h08_mw05,National Grid EE,0.0
UserA,h08_mw05,Storage EE,0.5444200000000003
UserA,h08_mw05,Gas Boiler,0.0
UserA,h08_mw05,HP,0.0
UserA,h08_mw05,AC,0.0
UserA,h08_mw05,Storage HW,0.0
UserA,h08_mw05,Radiators,0.0
UserA,h08_mw05,Floor heating,0.0
UserA,h08_mw05,Induction stove,0.0
UserA,h08_mw05,Gas stove,0.0
UserA,h08_mw05,Gas National Grid,0.0
UserA,h09_mw05,PV sys,0.0
UserA,h09_mw05,National Grid EE,0.0
UserA,h09_mw05,Storage EE,0.7656200000000004
UserA,h09_mw05,Gas Boiler,0.0
UserA,h09_mw05,HP,0.0
UserA,h09_mw05,AC,0.0
UserA,h09_mw05,Storage HW,0.0
UserA,h09_mw05,Radiators,0.0
UserA,h09_mw05,Floor heating,0.0
UserA,h09_mw05,Induction stove,0.0
UserA,h09_mw05,Gas stove,0.0
UserA,h09_mw05,Gas National Grid,0.0
UserA,h10_mw05,PV sys,0.0
UserA,h10_mw05,National Grid EE,0.0
UserA,h10_mw05,Storage EE,0.6588145166666668
UserA,h10_mw05,Gas Boiler,0.0
UserA,h10_mw05,HP,0.0
UserA,h10_mw05,AC,0.0
UserA,h10_mw05,Storage HW,0.0
UserA,h10_mw05,Radiators,0.0
UserA,h10_mw05,Floor heating,0.0
UserA,h10_mw05,Induction stove,0.0
UserA,h10_mw05,Gas stove,0.0
UserA,h10_mw05,Gas National Grid,0.0
UserA,h11_mw05,PV sys,0.0
UserA,h11_mw05,National Grid EE,0.0
UserA,h11_mw05,Storage EE,0.9319745166666669
UserA,h11_mw05,Gas Boiler,0.0
UserA,h11_mw05,HP,0.0
UserA,h11_mw05,AC,0.0
UserA,h11_mw05,Storage HW,0.0
UserA,h11_mw05,Radiators,0.0
UserA,h11_mw05,Floor heating,0.0
UserA,h11_mw05,Induction stove,0.0
UserA,h11_mw05,Gas stove,0.0
UserA,h11_mw05,Gas National Grid,0.0
UserA,h12_mw05,PV sys,0.0
UserA,h12_mw05,National Grid EE,0.0
UserA,h12_mw05,Storage EE,1.2986345166666668
UserA,h12_mw05,Gas Boiler,0.0
UserA,h12_mw05,HP,0.0
UserA,h12_mw05,AC,0.0
UserA,h12_mw05,Storage HW,0.0
UserA,h12_mw05,Radiators,0.0
UserA,h12_mw05,Floor heating,0.0
UserA,h12_mw05,Induction stove,0.0
UserA,h12_mw05,Gas stove,0.0
UserA,h12_mw05,Gas National Grid,0.0
UserA,h13_mw05,PV sys,0.0
UserA,h13_mw05,National Grid EE,0.0
UserA,h13_mw05,Storage EE,1.3818948666666664
UserA,h13_mw05,Gas Boiler,0.0
UserA,h13_mw05,HP,0.0
UserA,h13_mw05,AC,0.0
UserA,h13_mw05,Storage HW,0.0
UserA,h13_mw05,Radiators,0.0
UserA,h13_mw05,Floor heating,0.0
UserA,h13_mw05,Induction stove,0.0
UserA,h13_mw05,Gas stove,0.0
UserA,h13_mw05,Gas National Grid,0.0
UserA,h14_mw05,PV sys,0.0
UserA,h14_mw05,National Grid EE,0.0
UserA,h14_mw05,Storage EE,1.5559821166666663
UserA,h14_mw05,Gas Boiler,0.0
UserA,h14_mw05,HP,0.0
UserA,h14_mw05,AC,0.0
UserA,h14_mw05,Storage HW,0.0
UserA,h14_mw05,Radiators,0.0
UserA,h14_mw05,Floor heating,0.0
UserA,h14_mw05,Induction stove,0.0
UserA,h14_mw05,Gas stove,0.0
UserA,h14_mw05,Gas National Grid,0.0
UserA,h15_mw05,PV sys,0.0
UserA,h15_mw05,National Grid EE,0.0
UserA,h15_mw05,Storage EE,1.6275915666666663
UserA,h15_mw05,Gas Boiler,0.0
UserA,h15_mw05,HP,0.0
UserA,h15_mw05,AC,0.0
UserA,h15_mw05,Storage HW,0.0
UserA,h15_mw05,Radiators,0.0
UserA,h15_mw05,Floor heating,0.0
UserA,h15_mw05,Induction stove,0.0
UserA,h15_mw05,Gas stove,0.0
UserA,h15_mw05,Gas National Grid,0.0
UserA,h16_mw05,PV sys,0.0
UserA,h16_mw05,National Grid EE,0.0
UserA,h16_mw05,Storage EE,1.7212027400000003
UserA,h16_mw05,Gas Boiler,0.0
UserA,h16_mw05,HP,0.0
UserA,h16_mw05,AC,0.0
UserA,h16_mw05,Storage HW,0.0
UserA,h16_mw05,Radiators,0.0
UserA,h16_mw05,Floor heating,0.0
UserA,h16_mw05,Induction stove,0.0
UserA,h16_mw05,Gas stove,0.0
UserA,h16_mw05,Gas National Grid,0.0
UserA,h17_mw05,PV sys,0.0
UserA,h17_mw05,National Grid EE,0.0
UserA,h17_mw05,Storage EE,1.713986056666667
UserA,h17_mw05,Gas Boiler,0.0
UserA,h17_mw05,HP,0.0
UserA,h17_mw05,AC,0.0
UserA,h17_mw05,Storage HW,0.0
UserA,h17_mw05,Radiators,0.0
UserA,h17_mw05,Floor heating,0.0
UserA,h17_mw05,Induction stove,0.0
UserA,h17_mw05,Gas stove,0.0
UserA,h17_mw05,Gas National Grid,0.0
UserA,h18_mw05,PV sys,0.0
UserA,h18_mw05,National Grid EE,0.0
UserA,h18_mw05,Storage EE,1.5501193500000003
UserA,h18_mw05,Gas Boiler,0.0
UserA,h18_mw05,HP,0.0
UserA,h18_mw05,AC,0.0
UserA,h18_mw05,Storage HW,0.0
UserA,h18_mw05,Radiators,0.0
UserA,h18_mw05,Floor heating,0.0
UserA,h18_mw05,Induction stove,0.0
UserA,h18_mw05,Gas stove,0.0
UserA,h18_mw05,Gas National Grid,0.0
UserA,h19_mw05,PV sys,0.0
UserA,h19_mw05,National Grid EE,0.0
UserA,h19_mw05,Storage EE,1.5501193500000003
UserA,h19_mw05,Gas Boiler,0.0
UserA,h19_mw05,HP,0.0
UserA,h19_mw05,AC,0.0
UserA,h19_mw05,Storage HW,0.0
UserA,h19_mw05,Radiators,0.0
UserA,h19_mw05,Floor heating,0.0
UserA,h19_mw05,Induction stove,0.0
UserA,h19_mw05,Gas stove,0.0
UserA,h19_mw05,Gas National Grid,0.0
UserA,h20_mw05,PV sys,0.0
UserA,h20_mw05,National Grid EE,0.0
UserA,h20_mw05,Storage EE,1.5501193500000003
UserA,h20_mw05,Gas Boiler,0.0
UserA,h20_mw05,HP,0.0
UserA,h20_mw05,AC,0.0
UserA,h20_mw05,Storage HW,0.0
UserA,h20_mw05,Radiators,0.0
UserA,h20_mw05,Floor heating,0.0
UserA,h20_mw05,Induction stove,0.0
UserA,h20_mw05,Gas stove,0.0
UserA,h20_mw05,Gas National Grid,0.0
UserA,h21_mw05,PV sys,0.0
UserA,h21_mw05,National Grid EE,0.0
UserA,h21_mw05,Storage EE,1.1294356100000003
UserA,h21_mw05,Gas Boiler,0.0
UserA,h21_mw05,HP,0.0
UserA,h21_mw05,AC,0.0
UserA,h21_mw05,Storage HW,0.0
UserA,h21_mw05,Radiators,0.0
UserA,h21_mw05,Floor heating,0.0
UserA,h21_mw05,Induction stove,0.0
UserA,h21_mw05,Gas stove,0.0
UserA,h21_mw05,Gas National Grid,0.0
UserA,h22_mw05,PV sys,0.0
UserA,h22_mw05,National Grid EE,0.0
UserA,h22_mw05,Storage EE,1.1294356100000003
UserA,h22_mw05,Gas Boiler,0.0
UserA,h22_mw05,HP,0.0
UserA,h22_mw05,AC,0.0
UserA,h22_mw05,Storage HW,0.0
UserA,h22_mw05,Radiators,0.0
UserA,h22_mw05,Floor heating,0.0
UserA,h22_mw05,Induction stove,0.0
UserA,h22_mw05,Gas stove,0.0
UserA,h22_mw05,Gas National Grid,0.0
UserA,h23_mw05,PV sys,0.0
UserA,h23_mw05,National Grid EE,0.0
UserA,h23_mw05,Storage EE,1.1294356100000003
UserA,h23_mw05,Gas Boiler,0.0
UserA,h23_mw05,HP,0.0
UserA,h23_mw05,AC,0.0
UserA,h23_mw05,Storage HW,0.0
UserA,h23_mw05,Radiators,0.0
UserA,h23_mw05,Floor heating,0.0
UserA,h23_mw05,Induction stove,0.0
UserA,h23_mw05,Gas stove,0.0
UserA,h23_mw05,Gas National Grid,0.0
UserA,h24_mw05,PV sys,0.0
UserA,h24_mw05,National Grid EE,0.0
UserA,h24_mw05,Storage EE,1.1294356100000003
UserA,h24_mw05,Gas Boiler,0.0
UserA,h24_mw05,HP,0.0
UserA,h24_mw05,AC,0.0
UserA,h24_mw05,Storage HW,0.0
UserA,h24_mw05,Radiators,0.0
UserA,h24_mw05,Floor heating,0.0
UserA,h24_mw05,Induction stove,0.0
UserA,h24_mw05,Gas stove,0.0
UserA,h24_mw05,Gas National Grid,0.0
UserA,h01_mw06,PV sys,0.0
UserA,h01_mw06,National Grid EE,0.0
UserA,h01_mw06,Storage EE,0.9406206933333339
UserA,h01_mw06,Gas Boiler,0.0
UserA,h01_mw06,HP,0.0
UserA,h01_mw06,AC,0.0
UserA,h01_mw06,Storage HW,0.0
UserA,h01_mw06,Radiators,0.0
UserA,h01_mw06,Floor heating,0.0
UserA,h01_mw06,Induction stove,0.0
UserA,h01_mw06,Gas stove,0.0
UserA,h01_mw06,Gas National Grid,0.0
UserA,h02_mw06,PV sys,0.0
UserA,h02_mw06,National Grid EE,0.0
UserA,h02_mw06,Storage EE,0.808036526666667
UserA,h02_mw06,Gas Boiler,0.0
UserA,h02_mw06,HP,0.0
UserA,h02_mw06,AC,0.0
UserA,h02_mw06,Storage HW,0.0
UserA,h02_mw06,Radiators,0.0
UserA,h02_mw06,Floor heating,0.0
UserA,h02_mw06,Induction stove,0.0
UserA,h02_mw06,Gas stove,0.0
UserA,h02_mw06,Gas National Grid,0.0
UserA,h03_mw06,PV sys,0.0
UserA,h03_mw06,National Grid EE,0.0
UserA,h03_mw06,Storage EE,0.733285476666667
UserA,h03_mw06,Gas Boiler,0.0
UserA,h03_mw06,HP,0.0
UserA,h03_mw06,AC,0.0
UserA,h03_mw06,Storage HW,0.0
UserA,h03_mw06,Radiators,0.0
UserA,h03_mw06,Floor heating,0.0
UserA,h03_mw06,Induction stove,0.0
UserA,h03_mw06,Gas stove,0.0
UserA,h03_mw06,Gas National Grid,0.0
UserA,h04_mw06,PV sys,0.0
UserA,h04_mw06,National Grid EE,0.0
UserA,h04_mw06,Storage EE,0.6550344766666668
UserA,h04_mw06,Gas Boiler,0.0
UserA,h04_mw06,HP,0.0
UserA,h04_mw06,AC,0.0
UserA,h04_mw06,Storage HW,0.0
UserA,h04_mw06,Radiators,0.0
UserA,h04_mw06,Floor heating,0.0
UserA,h04_mw06,Induction stove,0.0
UserA,h04_mw06,Gas stove,0.0
UserA,h04_mw06,Gas National Grid,0.0
UserA,h05_mw06,PV sys,0.0
UserA,h05_mw06,National Grid EE,0.0
UserA,h05_mw06,Storage EE,0.5414175100000002
UserA,h05_mw06,Gas Boiler,0.0
UserA,h05_mw06,HP,0.0
UserA,h05_mw06,AC,0.0
UserA,h05_mw06,Storage HW,0.0
UserA,h05_mw06,Radiators,0.0
UserA,h05_mw06,Floor heating,0.0
UserA,h05_mw06,Induction stove,0.0
UserA,h05_mw06,Gas stove,0.0
UserA,h05_mw06,Gas National Grid,0.0
UserA,h06_mw06,PV sys,0.0
UserA,h06_mw06,National Grid EE,0.0
UserA,h06_mw06,Storage EE,0.3285005666666667
UserA,h06_mw06,Gas Boiler,0.0
UserA,h06_mw06,HP,0.0
UserA,h06_mw06,AC,0.0
UserA,h06_mw06,Storage HW,0.0
UserA,h06_mw06,Radiators,0.0
UserA,h06_mw06,Floor heating,0.0
UserA,h06_mw06,Induction stove,0.0
UserA,h06_mw06,Gas stove,0.0
UserA,h06_mw06,Gas National Grid,0.0
UserA,h07_mw06,PV sys,0.0
UserA,h07_mw06,National Grid EE,0.0
UserA,h07_mw06,Storage EE,0.30000000000000004
UserA,h07_mw06,Gas Boiler,0.0
UserA,h07_mw06,HP,0.0
UserA,h07_mw06,AC,0.0
UserA,h07_mw06,Storage HW,0.0
UserA,h07_mw06,Radiators,0.0
UserA,h07_mw06,Floor heating,0.0
UserA,h07_mw06,Induction stove,0.0
UserA,h07_mw06,Gas stove,0.0
UserA,h07_mw06,Gas National Grid,0.0
UserA,h08_mw06,PV sys,0.0
UserA,h08_mw06,National Grid EE,0.0
UserA,h08_mw06,Storage EE,0.6721777166666663
UserA,h08_mw06,Gas Boiler,0.0
UserA,h08_mw06,HP,0.0
UserA,h08_mw06,AC,0.0
UserA,h08_mw06,Storage HW,0.0
UserA,h08_mw06,Radiators,0.0
UserA,h08_mw06,Floor heating,0.0
UserA,h08_mw06,Induction stove,0.0
UserA,h08_mw06,Gas stove,0.0
UserA,h08_mw06,Gas National Grid,0.0
UserA,h09_mw06,PV sys,0.0
UserA,h09_mw06,National Grid EE,0.0
UserA,h09_mw06,Storage EE,1.421854366666666
UserA,h09_mw06,Gas Boiler,0.0
UserA,h09_mw06,HP,0.0
UserA,h09_mw06,AC,0.0
UserA,h09_mw06,Storage HW,0.0
UserA,h09_mw06,Radiators,0.0
UserA,h09_mw06,Floor heating,0.0
UserA,h09_mw06,Induction stove,0.0
UserA,h09_mw06,Gas stove,0.0
UserA,h09_mw06,Gas National Grid,0.0
UserA,h10_mw06,PV sys,0.0
UserA,h10_mw06,National Grid EE,0.0
UserA,h10_mw06,Storage EE,2.239373889999999
UserA,h10_mw06,Gas Boiler,0.0
UserA,h10_mw06,HP,0.0
UserA,h10_mw06,AC,0.0
UserA,h10_mw06,Storage HW,0.0
UserA,h10_mw06,Radiators,0.0
UserA,h10_mw06,Floor heating,0.0
UserA,h10_mw06,Induction stove,0.0
UserA,h10_mw06,Gas stove,0.0
UserA,h10_mw06,Gas National Grid,0.0
UserA,h11_mw06,PV sys,0.0
UserA,h11_mw06,National Grid EE,0.0
UserA,h11_mw06,Storage EE,2.8499999999999996
UserA,h11_mw06,Gas Boiler,0.0
UserA,h11_mw06,HP,0.0
UserA,h11_mw06,AC,0.0
UserA,h11_mw06,Storage HW,0.0
UserA,h11_mw06,Radiators,0.0
UserA,h11_mw06,Floor heating,0.0
UserA,h11_mw06,Induction stove,0.0
UserA,h11_mw06,Gas stove,0.0
UserA,h11_mw06,Gas National Grid,0.0
UserA,h12_mw06,PV sys,0.0
UserA,h12_mw06,National Grid EE,0.0
UserA,h12_mw06,Storage EE,2.8499999999999996
UserA,h12_mw06,Gas Boiler,0.0
UserA,h12_mw06,HP,0.0
UserA,h12_mw06,AC,0.0
UserA,h12_mw06,Storage HW,0.0
UserA,h12_mw06,Radiators,0.0
UserA,h12_mw06,Floor heating,0.0
UserA,h12_mw06,Induction stove,0.0
UserA,h12_mw06,Gas stove,0.0
UserA,h12_mw06,Gas National Grid,0.0
UserA,h13_mw06,PV sys,0.0
UserA,h13_mw06,National Grid EE,0.0
UserA,h13_mw06,Storage EE,2.8499999999999996
UserA,h13_mw06,Gas Boiler,0.0
UserA,h13_mw06,HP,0.0
UserA,h13_mw06,AC,0.0
UserA,h13_mw06,Storage HW,0.0
UserA,h13_mw06,Radiators,0.0
UserA,h13_mw06,Floor heating,0.0
UserA,h13_mw06,Induction stove,0.0
UserA,h13_mw06,Gas stove,0.0
UserA,h13_mw06,Gas National Grid,0.0
UserA,h14_mw06,PV sys,0.0
UserA,h14_mw06,National Grid EE,0.0
UserA,h14_mw06,Storage EE,2.8499999999999996
UserA,h14_mw06,Gas Boiler,0.0
UserA,h14_mw06,HP,0.0
UserA,h14_mw06,AC,0.0
UserA,h14_mw06,Storage HW,0.0
UserA,h14_mw06,Radiators,0.0
UserA,h14_mw06,Floor heating,0.0
UserA,h14_mw06,Induction stove,0.0
UserA,h14_mw06,Gas stove,0.0
UserA,h14_mw06,Gas National Grid,0.0
UserA,h15_mw06,PV sys,0.0
UserA,h15_mw06,National Grid EE,0.0
UserA,h15_mw06,Storage EE,1.7103498300000006
UserA,h15_mw06,Gas Boiler,0.0
UserA,h15_mw06,HP,0.0
UserA,h15_mw06,AC,0.0
UserA,h15_mw06,Storage HW,0.0
UserA,h15_mw06,Radiators,0.0
UserA,h15_mw06,Floor heating,0.0
UserA,h15_mw06,Induction stove,0.0
UserA,h15_mw06,Gas stove,0.0
UserA,h15_mw06,Gas National Grid,0.0
UserA,h16_mw06,PV sys,0.0
UserA,h16_mw06,National Grid EE,0.0
UserA,h16_mw06,Storage EE,2.3584631466666672
UserA,h16_mw06,Gas Boiler,0.0
UserA,h16_mw06,HP,0.0
UserA,h16_mw06,AC,0.0
UserA,h16_mw06,Storage HW,0.0
UserA,h16_mw06,Radiators,0.0
UserA,h16_mw06,Floor heating,0.0
UserA,h16_mw06,Induction stove,0.0
UserA,h16_mw06,Gas stove,0.0
UserA,h16_mw06,Gas National Grid,0.0
UserA,h17_mw06,PV sys,0.0
UserA,h17_mw06,National Grid EE,0.0
UserA,h17_mw06,Storage EE,2.557893146666667
UserA,h17_mw06,Gas Boiler,0.0
UserA,h17_mw06,HP,0.0
UserA,h17_mw06,AC,0.0
UserA,h17_mw06,Storage HW,0.0
UserA,h17_mw06,Radiators,0.0
UserA,h17_mw06,Floor heating,0.0
UserA,h17_mw06,Induction stove,0.0
UserA,h17_mw06,Gas stove,0.0
UserA,h17_mw06,Gas National Grid,0.0
UserA,h18_mw06,PV sys,0.0
UserA,h18_mw06,National Grid EE,0.0
UserA,h18_mw06,Storage EE,2.4454931466666667
UserA,h18_mw06,Gas Boiler,0.0
UserA,h18_mw06,HP,0.0
UserA,h18_mw06,AC,0.0
UserA,h18_mw06,Storage HW,0.0
UserA,h18_mw06,Radiators,0.0
UserA,h18_mw06,Floor heating,0.0
UserA,h18_mw06,Induction stove,0.0
UserA,h18_mw06,Gas stove,0.0
UserA,h18_mw06,Gas National Grid,0.0
UserA,h19_mw06,PV sys,0.0
UserA,h19_mw06,National Grid EE,0.0
UserA,h19_mw06,Storage EE,2.2322399466666676
UserA,h19_mw06,Gas Boiler,0.0
UserA,h19_mw06,HP,0.0
UserA,h19_mw06,AC,0.0
UserA,h19_mw06,Storage HW,0.0
UserA,h19_mw06,Radiators,0.0
UserA,h19_mw06,Floor heating,0.0
UserA,h19_mw06,Induction stove,0.0
UserA,h19_mw06,Gas stove,0.0
UserA,h19_mw06,Gas National Grid,0.0
UserA,h20_mw06,PV sys,0.0
UserA,h20_mw06,National Grid EE,0.0
UserA,h20_mw06,Storage EE,1.8926821966666674
UserA,h20_mw06,Gas Boiler,0.0
UserA,h20_mw06,HP,0.0
UserA,h20_mw06,AC,0.0
UserA,h20_mw06,Storage HW,0.0
UserA,h20_mw06,Radiators,0.0
UserA,h20_mw06,Floor heating,0.0
UserA,h20_mw06,Induction stove,0.0
UserA,h20_mw06,Gas stove,0.0
UserA,h20_mw06,Gas National Grid,0.0
UserA,h21_mw06,PV sys,0.0
UserA,h21_mw06,National Grid EE,0.0
UserA,h21_mw06,Storage EE,1.3980322166666674
UserA,h21_mw06,Gas Boiler,0.0
UserA,h21_mw06,HP,0.0
UserA,h21_mw06,AC,0.0
UserA,h21_mw06,Storage HW,0.0
UserA,h21_mw06,Radiators,0.0
UserA,h21_mw06,Floor heating,0.0
UserA,h21_mw06,Induction stove,0.0
UserA,h21_mw06,Gas stove,0.0
UserA,h21_mw06,Gas National Grid,0.0
UserA,h22_mw06,PV sys,0.0
UserA,h22_mw06,National Grid EE,0.0
UserA,h22_mw06,Storage EE,0.9332078833333339
UserA,h22_mw06,Gas Boiler,0.0
UserA,h22_mw06,HP,0.0
UserA,h22_mw06,AC,0.0
UserA,h22_mw06,Storage HW,0.0
UserA,h22_mw06,Radiators,0.0
UserA,h22_mw06,Floor heating,0.0
UserA,h22_mw06,Induction stove,0.0
UserA,h22_mw06,Gas stove,0.0
UserA,h22_mw06,Gas National Grid,0.0
UserA,h23_mw06,PV sys,0.0
UserA,h23_mw06,National Grid EE,0.0
UserA,h23_mw06,Storage EE,0.5696361333333335
UserA,h23_mw06,Gas Boiler,0.0
UserA,h23_mw06,HP,0.0
UserA,h23_mw06,AC,0.0
UserA,h23_mw06,Storage HW,0.0
UserA,h23_mw06,Radiators,0.0
UserA,h23_mw06,Floor heating,0.0
UserA,h23_mw06,Induction stove,0.0
UserA,h23_mw06,Gas stove,0.0
UserA,h23_mw06,Gas National Grid,0.0
UserA,h24_mw06,PV sys,0.0
UserA,h24_mw06,National Grid EE,0.0
UserA,h24_mw06,Storage EE,0.30000000000000004
UserA,h24_mw06,Gas Boiler,0.0
UserA,h24_mw06,HP,0.0
UserA,h24_mw06,AC,0.0
UserA,h24_mw06,Storage HW,0.0
UserA,h24_mw06,Radiators,0.0
UserA,h24_mw06,Floor heating,0.0
UserA,h24_mw06,Induction stove,0.0
UserA,h24_mw06,Gas stove,0.0
UserA,h24_mw06,Gas National Grid,0.0
UserA,h01_mw07,PV sys,0.0
UserA,h01_mw07,National Grid EE,0.0
UserA,h01_mw07,Storage EE,0.30000000000000004
UserA,h01_mw07,Gas Boiler,0.0
UserA,h01_mw07,HP,0.0
UserA,h01_mw07,AC,0.0
UserA,h01_mw07,Storage HW,0.0
UserA,h01_mw07,Radiators,0.0
UserA,h01_mw07,Floor heating,0.0
UserA,h01_mw07,Induction stove,0.0
UserA,h01_mw07,Gas stove,0.0
UserA,h01_mw07,Gas National Grid,0.0
UserA,h02_mw07,PV sys,0.0
UserA,h02_mw07,National Grid EE,0.0
UserA,h02_mw07,Storage EE,0.30000000000000004
UserA,h02_mw07,Gas Boiler,0.0
UserA,h02_mw07,HP,0.0
UserA,h02_mw07,AC,0.0
UserA,h02_mw07,Storage HW,0.0
UserA,h02_mw07,Radiators,0.0
UserA,h02_mw07,Floor heating,0.0
UserA,h02_mw07,Induction stove,0.0
UserA,h02_mw07,Gas stove,0.0
UserA,h02_mw07,Gas National Grid,0.0
UserA,h03_mw07,PV sys,0.0
UserA,h03_mw07,National Grid EE,0.0
UserA,h03_mw07,Storage EE,0.30000000000000004
UserA,h03_mw07,Gas Boiler,0.0
UserA,h03_mw07,HP,0.0
UserA,h03_mw07,AC,0.0
UserA,h03_mw07,Storage HW,0.0
UserA,h03_mw07,Radiators,0.0
UserA,h03_mw07,Floor heating,0.0
UserA,h03_mw07,Induction stove,0.0
UserA,h03_mw07,Gas stove,0.0
UserA,h03_mw07,Gas National Grid,0.0
UserA,h04_mw07,PV sys,0.0
UserA,h04_mw07,National Grid EE,0.0
UserA,h04_mw07,Storage EE,0.30000000000000004
UserA,h04_mw07,Gas Boiler,0.0
UserA,h04_mw07,HP,0.0
UserA,h04_mw07,AC,0.0
UserA,h04_mw07,Storage HW,0.0
UserA,h04_mw07,Radiators,0.0
UserA,h04_mw07,Floor heating,0.0
UserA,h04_mw07,Induction stove,0.0
UserA,h04_mw07,Gas stove,0.0
UserA,h04_mw07,Gas National Grid,0.0
UserA,h05_mw07,PV sys,0.0
UserA,h05_mw07,National Grid EE,0.0
UserA,h05_mw07,Storage EE,0.30000000000000004
UserA,h05_mw07,Gas Boiler,0.0
UserA,h05_mw07,HP,0.0
UserA,h05_mw07,AC,0.0
UserA,h05_mw07,Storage HW,0.0
UserA,h05_mw07,Radiators,0.0
UserA,h05_mw07,Floor heating,0.0
UserA,h05_mw07,Induction stove,0.0
UserA,h05_mw07,Gas stove,0.0
UserA,h05_mw07,Gas National Grid,0.0
UserA,h06_mw07,PV sys,0.0
UserA,h06_mw07,National Grid EE,0.0
UserA,h06_mw07,Storage EE,0.30000000000000004
UserA,h06_mw07,Gas Boiler,0.0
UserA,h06_mw07,HP,0.0
UserA,h06_mw07,AC,0.0
UserA,h06_mw07,Storage HW,0.0
UserA,h06_mw07,Radiators,0.0
UserA,h06_mw07,Floor heating,0.0
UserA,h06_mw07,Induction stove,0.0
UserA,h06_mw07,Gas stove,0.0
UserA,h06_mw07,Gas National Grid,0.0
UserA,h07_mw07,PV sys,0.0
UserA,h07_mw07,National Grid EE,0.0
UserA,h07_mw07,Storage EE,0.30546000000000006
UserA,h07_mw07,Gas Boiler,0.0
UserA,h07_mw07,HP,0.0
UserA,h07_mw07,AC,0.0
UserA,h07_mw07,Storage HW,0.0
UserA,h07_mw07,Radiators,0.0
UserA,h07_mw07,Floor heating,0.0
UserA,h07_mw07,Induction stove,0.0
UserA,h07_mw07,Gas stove,0.0
UserA,h07_mw07,Gas National Grid,0.0
UserA,h08_mw07,PV sys,0.0
UserA,h08_mw07,National Grid EE,0.0
UserA,h08_mw07,Storage EE,0.33509999999999995
UserA,h08_mw07,Gas Boiler,0.0
UserA,h08_mw07,HP,0.0
UserA,h08_mw07,AC,0.0
UserA,h08_mw07,Storage HW,0.0
UserA,h08_mw07,Radiators,0.0
UserA,h08_mw07,Floor heating,0.0
UserA,h08_mw07,Induction stove,0.0
UserA,h08_mw07,Gas stove,0.0
UserA,h08_mw07,Gas National Grid,0.0
UserA,h09_mw07,PV sys,0.0
UserA,h09_mw07,National Grid EE,0.0
UserA,h09_mw07,Storage EE,0.38606000000000007
UserA,h09_mw07,Gas Boiler,0.0
UserA,h09_mw07,HP,0.0
UserA,h09_mw07,AC,0.0
UserA,h09_mw07,Storage HW,0.0
UserA,h09_mw07,Radiators,0.0
UserA,h09_mw07,Floor heating,0.0
UserA,h09_mw07,Induction stove,0.0
UserA,h09_mw07,Gas stove,0.0
UserA,h09_mw07,Gas National Grid,0.0
UserA,h10_mw07,PV sys,0.0
UserA,h10_mw07,National Grid EE,0.0
UserA,h10_mw07,Storage EE,0.46375999999999995
UserA,h10_mw07,Gas Boiler,0.0
UserA,h10_mw07,HP,0.0
UserA,h10_mw07,AC,0.0
UserA,h10_mw07,Storage HW,0.0
UserA,h10_mw07,Radiators,0.0
UserA,h10_mw07,Floor heating,0.0
UserA,h10_mw07,Induction stove,0.0
UserA,h10_mw07,Gas stove,0.0
UserA,h10_mw07,Gas National Grid,0.0
UserA,h11_mw07,PV sys,0.0
UserA,h11_mw07,National Grid EE,0.0
UserA,h11_mw07,Storage EE,0.53852
UserA,h11_mw07,Gas Boiler,0.0
UserA,h11_mw07,HP,0.0
UserA,h11_mw07,AC,0.0
UserA,h11_mw07,Storage HW,0.0
UserA,h11_mw07,Radiators,0.0
UserA,h11_mw07,Floor heating,0.0
UserA,h11_mw07,Induction stove,0.0
UserA,h11_mw07,Gas stove,0.0
UserA,h11_mw07,Gas National Grid,0.0
UserA,h12_mw07,PV sys,0.0
UserA,h12_mw07,National Grid EE,0.0
UserA,h12_mw07,Storage EE,0.60476
UserA,h12_mw07,Gas Boiler,0.0
UserA,h12_mw07,HP,0.0
UserA,h12_mw07,AC,0.0
UserA,h12_mw07,Storage HW,0.0
UserA,h12_mw07,Radiators,0.0
UserA,h12_mw07,Floor heating,0.0
UserA,h12_mw07,Induction stove,0.0
UserA,h12_mw07,Gas stove,0.0
UserA,h12_mw07,Gas National Grid,0.0
UserA,h13_mw07,PV sys,0.0
UserA,h13_mw07,National Grid EE,0.0
UserA,h13_mw07,Storage EE,0.66116
UserA,h13_mw07,Gas Boiler,0.0
UserA,h13_mw07,HP,0.0
UserA,h13_mw07,AC,0.0
UserA,h13_mw07,Storage HW,0.0
UserA,h13_mw07,Radiators,0.0
UserA,h13_mw07,Floor heating,0.0
UserA,h13_mw07,Induction stove,0.0
UserA,h13_mw07,Gas stove,0.0
UserA,h13_mw07,Gas National Grid,0.0
UserA,h14_mw07,PV sys,0.0
UserA,h14_mw07,National Grid EE,0.0
UserA,h14_mw07,Storage EE,0.73882
UserA,h14_mw07,Gas Boiler,0.0
UserA,h14_mw07,HP,0.0
UserA,h14_mw07,AC,0.0
UserA,h14_mw07,Storage HW,0.0
UserA,h14_mw07,Radiators,0.0
UserA,h14_mw07,Floor heating,0.0
UserA,h14_mw07,Induction stove,0.0
UserA,h14_mw07,Gas stove,0.0
UserA,h14_mw07,Gas National Grid,0.0
UserA,h15_mw07,PV sys,0.0
UserA,h15_mw07,National Grid EE,0.0
UserA,h15_mw07,Storage EE,0.77346
UserA,h15_mw07,Gas Boiler,0.0
UserA,h15_mw07,HP,0.0
UserA,h15_mw07,AC,0.0
UserA,h15_mw07,Storage HW,0.0
UserA,h15_mw07,Radiators,0.0
UserA,h15_mw07,Floor heating,0.0
UserA,h15_mw07,Induction stove,0.0
UserA,h15_mw07,Gas stove,0.0
UserA,h15_mw07,Gas National Grid,0.0
UserA,h16_mw07,PV sys,0.0
UserA,h16_mw07,National Grid EE,0.0
UserA,h16_mw07,Storage EE,0.5584
UserA,h16_mw07,Gas Boiler,0.0
UserA,h16_mw07,HP,0.0
UserA,h16_mw07,AC,0.0
UserA,h16_mw07,Storage HW,0.0
UserA,h16_mw07,Radiators,0.0
UserA,h16_mw07,Floor heating,0.0
UserA,h16_mw07,Induction stove,0.0
UserA,h16_mw07,Gas stove,0.0
UserA,h16_mw07,Gas National Grid,0.0
UserA,h17_mw07,PV sys,0.0
UserA,h17_mw07,National Grid EE,0.0
UserA,h17_mw07,Storage EE,0.30000000000000004
UserA,h17_mw07,Gas Boiler,0.0
UserA,h17_mw07,HP,0.0
UserA,h17_mw07,AC,0.0
UserA,h17_mw07,Storage HW,0.0
UserA,h17_mw07,Radiators,0.0
UserA,h17_mw07,Floor heating,0.0
UserA,h17_mw07,Induction stove,0.0
UserA,h17_mw07,Gas stove,0.0
UserA,h17_mw07,Gas National Grid,0.0
UserA,h18_mw07,PV sys,0.0
UserA,h18_mw07,National Grid EE,0.0
UserA,h18_mw07,Storage EE,0.30000000000000004
UserA,h18_mw07,Gas Boiler,0.0
UserA,h18_mw07,HP,0.0
UserA,h18_mw07,AC,0.0
UserA,h18_mw07,Storage HW,0.0
UserA,h18_mw07,Radiators,0.0
UserA,h18_mw07,Floor heating,0.0
UserA,h18_mw07,Induction stove,0.0
UserA,h18_mw07,Gas stove,0.0
UserA,h18_mw07,Gas National Grid,0.0
UserA,h19_mw07,PV sys,0.0
UserA,h19_mw07,National Grid EE,0.0
UserA,h19_mw07,Storage EE,0.30000000000000004
UserA,h19_mw07,Gas Boiler,0.0
UserA,h19_mw07,HP,0.0
UserA,h19_mw07,AC,0.0
UserA,h19_mw07,Storage HW,0.0
UserA,h19_mw07,Radiators,0.0
UserA,h19_mw07,Floor heating,0.0
UserA,h19_mw07,Induction stove,0.0
UserA,h19_mw07,Gas stove,0.0
UserA,h19_mw07,Gas National Grid,0.0
UserA,h20_mw07,PV sys,0.0
UserA,h20_mw07,National Grid EE,0.0
UserA,h20_mw07,Storage EE,0.30000000000000004
UserA,h20_mw07,Gas Boiler,0.0
UserA,h20_mw07,HP,0.0
UserA,h20_mw07,AC,0.0
UserA,h20_mw07,Storage HW,0.0
UserA,h20_mw07,Radiators,0.0
UserA,h20_mw07,Floor heating,0.0
UserA,h20_mw07,Induction stove,0.0
UserA,h20_mw07,Gas stove,0.0
UserA,h20_mw07,Gas National Grid,0.0
UserA,h21_mw07,PV sys,0.0
UserA,h21_mw07,National Grid EE,0.0
UserA,h21_mw07,Storage EE,0.30000000000000004
UserA,h21_mw07,Gas Boiler,0.0
UserA,h21_mw07,HP,0.0
UserA,h21_mw07,AC,0.0
UserA,h21_mw07,Storage HW,0.0
UserA,h21_mw07,Radiators,0.0
UserA,h21_mw07,Floor heating,0.0
UserA,h21_mw07,Induction stove,0.0
UserA,h21_mw07,Gas stove,0.0
UserA,h21_mw07,Gas National Grid,0.0
UserA,h22_mw07,PV sys,0.0
UserA,h22_mw07,National Grid EE,0.0
UserA,h22_mw07,Storage EE,0.30000000000000004
UserA,h22_mw07,Gas Boiler,0.0
UserA,h22_mw07,HP,0.0
UserA,h22_mw07,AC,0.0
UserA,h22_mw07,Storage HW,0.0
UserA,h22_mw07,Radiators,0.0
UserA,h22_mw07,Floor heating,0.0
UserA,h22_mw07,Induction stove,0.0
UserA,h22_mw07,Gas stove,0.0
UserA,h22_mw07,Gas National Grid,0.0
UserA,h23_mw07,PV sys,0.0
UserA,h23_mw07,National Grid EE,0.0
UserA,h23_mw07,Storage EE,0.30000000000000004
UserA,h23_mw07,Gas Boiler,0.0
UserA,h23_mw07,HP,0.0
UserA,h23_mw07,AC,0.0
UserA,h23_mw07,Storage HW,0.0
UserA,h23_mw07,Radiators,0.0
UserA,h23_mw07,Floor heating,0.0
UserA,h23_mw07,Induction stove,0.0
UserA,h23_mw07,Gas stove,0.0
UserA,h23_mw07,Gas National Grid,0.0
UserA,h24_mw07,PV sys,0.0
UserA,h24_mw07,National Grid EE,0.0
UserA,h24_mw07,Storage EE,0.30000000000000004
UserA,h24_mw07,Gas Boiler,0.0
UserA,h24_mw07,HP,0.0
UserA,h24_mw07,AC,0.0
UserA,h24_mw07,Storage HW,0.0
UserA,h24_mw07,Radiators,0.0
UserA,h24_mw07,Floor heating,0.0
UserA,h24_mw07,Induction stove,0.0
UserA,h24_mw07,Gas stove,0.0
UserA,h24_mw07,Gas National Grid,0.0
UserA,h01_mw08,PV sys,0.0
UserA,h01_mw08,National Grid EE,0.0
UserA,h01_mw08,Storage EE,0.30000000000000004
UserA,h01_mw08,Gas Boiler,0.0
UserA,h01_mw08,HP,0.0
UserA,h01_mw08,AC,0.0
UserA,h01_mw08,Storage HW,0.0
UserA,h01_mw08,Radiators,0.0
UserA,h01_mw08,Floor heating,0.0
UserA,h01_mw08,Induction stove,0.0
UserA,h01_mw08,Gas stove,0.0
UserA,h01_mw08,Gas National Grid,0.0
UserA,h02_mw08,PV sys,0.0
UserA,h02_mw08,National Grid EE,0.0
UserA,h02_mw08,Storage EE,0.30000000000000004
UserA,h02_mw08,Gas Boiler,0.0
UserA,h02_mw08,HP,0.0
UserA,h02_mw08,AC,0.0
UserA,h02_mw08,Storage HW,0.0
UserA,h02_mw08,Radiators,0.0
UserA,h02_mw08,Floor heating,0.0
UserA,h02_mw08,Induction stove,0.0
UserA,h02_mw08,Gas stove,0.0
UserA,h02_mw08,Gas National Grid,0.0
UserA,h03_mw08,PV sys,0.0
UserA,h03_mw08,National Grid EE,0.0
UserA,h03_mw08,Storage EE,0.30000000000000004
UserA,h03_mw08,Gas Boiler,0.0
UserA,h03_mw08,HP,0.0
UserA,h03_mw08,AC,0.0
UserA,h03_mw08,Storage HW,0.0
UserA,h03_mw08,Radiators,0.0
UserA,h03_mw08,Floor heating,0.0
UserA,h03_mw08,Induction stove,0.0
UserA,h03_mw08,Gas stove,0.0
UserA,h03_mw08,Gas National Grid,0.0
UserA,h04_mw08,PV sys,0.0
UserA,h04_mw08,National Grid EE,0.0
UserA,h04_mw08,Storage EE,0.30000000000000004
UserA,h04_mw08,Gas Boiler,0.0
UserA,h04_mw08,HP,0.0
UserA,h04_mw08,AC,0.0
UserA,h04_mw08,Storage HW,0.0
UserA,h04_mw08,Radiators,0.0
UserA,h04_mw08,Floor heating,0.0
UserA,h04_mw08,Induction stove,0.0
UserA,h04_mw08,Gas stove,0.0
UserA,h04_mw08,Gas National Grid,0.0
UserA,h05_mw08,PV sys,0.0
UserA,h05_mw08,National Grid EE,0.0
UserA,h05_mw08,Storage EE,0.30000000000000004
UserA,h05_mw08,Gas Boiler,0.0
UserA,h05_mw08,HP,0.0
UserA,h05_mw08,AC,0.0
UserA,h05_mw08,Storage HW,0.0
UserA,h05_mw08,Radiators,0.0
UserA,h05_mw08,Floor heating,0.0
UserA,h05_mw08,Induction stove,0.0
UserA,h05_mw08,Gas stove,0.0
UserA,h05_mw08,Gas National Grid,0.0
UserA,h06_mw08,PV sys,0.0
UserA,h06_mw08,National Grid EE,0.0
UserA,h06_mw08,Storage EE,0.30000000000000004
UserA,h06_mw08,Gas Boiler,0.0
UserA,h06_mw08,HP,0.0
UserA,h06_mw08,AC,0.0
UserA,h06_mw08,Storage HW,0.0
UserA,h06_mw08,Radiators,0.0
UserA,h06_mw08,Floor heating,0.0
UserA,h06_mw08,Induction stove,0.0
UserA,h06_mw08,Gas stove,0.0
UserA,h06_mw08,Gas National Grid,0.0
UserA,h07_mw08,PV sys,0.0
UserA,h07_mw08,National Grid EE,0.0
UserA,h07_mw08,Storage EE,0.34952294272962414
UserA,h07_mw08,Gas Boiler,0.0
UserA,h07_mw08,HP,0.0
UserA,h07_mw08,AC,0.0
UserA,h07_mw08,Storage HW,0.0
UserA,h07_mw08,Radiators,0.0
UserA,h07_mw08,Floor heating,0.0
UserA,h07_mw08,Induction stove,0.0
UserA,h07_mw08,Gas stove,0.0
UserA,h07_mw08,Gas National Grid,0.0
UserA,h08_mw08,PV sys,0.0
UserA,h08_mw08,National Grid EE,0.0
UserA,h08_mw08,Storage EE,0.8208426093962907
UserA,h08_mw08,Gas Boiler,0.0
UserA,h08_mw08,HP,0.0
UserA,h08_mw08,AC,0.0
UserA,h08_mw08,Storage HW,0.0
UserA,h08_mw08,Radiators,0.0
UserA,h08_mw08,Floor heating,0.0
UserA,h08_mw08,Induction stove,0.0
UserA,h08_mw08,Gas stove,0.0
UserA,h08_mw08,Gas National Grid,0.0
UserA,h09_mw08,PV sys,0.0
UserA,h09_mw08,National Grid EE,0.0
UserA,h09_mw08,Storage EE,1.5547339605960557
UserA,h09_mw08,Gas Boiler,0.0
UserA,h09_mw08,HP,0.0
UserA,h09_mw08,AC,0.0
UserA,h09_mw08,Storage HW,0.0
UserA,h09_mw08,Radiators,0.0
UserA,h09_mw08,Floor heating,0.0
UserA,h09_mw08,Induction stove,0.0
UserA,h09_mw08,Gas stove,0.0
UserA,h09_mw08,Gas National Grid,0.0
UserA,h10_mw08,PV sys,0.0
UserA,h10_mw08,National Grid EE,0.0
UserA,h10_mw08,Storage EE,2.3235682105960556
UserA,h10_mw08,Gas Boiler,0.0
UserA,h10_mw08,HP,0.0
UserA,h10_mw08,AC,0.0
UserA,h10_mw08,Storage HW,0.0
UserA,h10_mw08,Radiators,0.0
UserA,h10_mw08,Floor heating,0.0
UserA,h10_mw08,Induction stove,0.0
UserA,h10_mw08,Gas stove,0.0
UserA,h10_mw08,Gas National Grid,0.0
UserA,h11_mw08,PV sys,0.0
UserA,h11_mw08,National Grid EE,0.0
UserA,h11_mw08,Storage EE,1.2223449333333318
UserA,h11_mw08,Gas Boiler,0.0
UserA,h11_mw08,HP,0.0
UserA,h11_mw08,AC,0.0
UserA,h11_mw08,Storage HW,0.0
UserA,h11_mw08,Radiators,0.0
UserA,h11_mw08,Floor heating,0.0
UserA,h11_mw08,Induction stove,0.0
UserA,h11_mw08,Gas stove,0.0
UserA,h11_mw08,Gas National Grid,0.0
UserA,h12_mw08,PV sys,0.0
UserA,h12_mw08,National Grid EE,0.0
UserA,h12_mw08,Storage EE,1.3812094333333311
UserA,h12_mw08,Gas Boiler,0.0
UserA,h12_mw08,HP,0.0
UserA,h12_mw08,AC,0.0
UserA,h12_mw08,Storage HW,0.0
UserA,h12_mw08,Radiators,0.0
UserA,h12_mw08,Floor heating,0.0
UserA,h12_mw08,Induction stove,0.0
UserA,h12_mw08,Gas stove,0.0
UserA,h12_mw08,Gas National Grid,0.0
UserA,h13_mw08,PV sys,0.0
UserA,h13_mw08,National Grid EE,0.0
UserA,h13_mw08,Storage EE,0.3000000000000034
UserA,h13_mw08,Gas Boiler,0.0
UserA,h13_mw08,HP,0.0
UserA,h13_mw08,AC,0.0
UserA,h13_mw08,Storage HW,0.0
UserA,h13_mw08,Radiators,0.0
UserA,h13_mw08,Floor heating,0.0
UserA,h13_mw08,Induction stove,0.0
UserA,h13_mw08,Gas stove,0.0
UserA,h13_mw08,Gas National Grid,0.0
UserA,h14_mw08,PV sys,0.0
UserA,h14_mw08,National Grid EE,0.0
UserA,h14_mw08,Storage EE,1.1926703500000064
UserA,h14_mw08,Gas Boiler,0.0
UserA,h14_mw08,HP,0.0
UserA,h14_mw08,AC,0.0
UserA,h14_mw08,Storage HW,0.0
UserA,h14_mw08,Radiators,0.0
UserA,h14_mw08,Floor heating,0.0
UserA,h14_mw08,Induction stove,0.0
UserA,h14_mw08,Gas stove,0.0
UserA,h14_mw08,Gas National Grid,0.0
UserA,h15_mw08,PV sys,0.0
UserA,h15_mw08,National Grid EE,0.0
UserA,h15_mw08,Storage EE,2.0992765166666665
UserA,h15_mw08,Gas Boiler,0.0
UserA,h15_mw08,HP,0.0
UserA,h15_mw08,AC,0.0
UserA,h15_mw08,Storage HW,0.0
UserA,h15_mw08,Radiators,0.0
UserA,h15_mw08,Floor heating,0.0
UserA,h15_mw08,Induction stove,0.0
UserA,h15_mw08,Gas stove,0.0
UserA,h15_mw08,Gas National Grid,0.0
UserA,h16_mw08,PV sys,0.0
UserA,h16_mw08,National Grid EE,0.0
UserA,h16_mw08,Storage EE,2.7479965166666664
UserA,h16_mw08,Gas Boiler,0.0
UserA,h16_mw08,HP,0.0
UserA,h16_mw08,AC,0.0
UserA,h16_mw08,Storage HW,0.0
UserA,h16_mw08,Radiators,0.0
UserA,h16_mw08,Floor heating,0.0
UserA,h16_mw08,Induction stove,0.0
UserA,h16_mw08,Gas stove,0.0
UserA,h16_mw08,Gas National Grid,0.0
UserA,h17_mw08,PV sys,0.0
UserA,h17_mw08,National Grid EE,0.0
UserA,h17_mw08,Storage EE,2.8499999999999996
UserA,h17_mw08,Gas Boiler,0.0
UserA,h17_mw08,HP,0.0
UserA,h17_mw08,AC,0.0
UserA,h17_mw08,Storage HW,0.0
UserA,h17_mw08,Radiators,0.0
UserA,h17_mw08,Floor heating,0.0
UserA,h17_mw08,Induction stove,0.0
UserA,h17_mw08,Gas stove,0.0
UserA,h17_mw08,Gas National Grid,0.0
UserA,h18_mw08,PV sys,0.0
UserA,h18_mw08,National Grid EE,0.0
UserA,h18_mw08,Storage EE,2.672606916666666
UserA,h18_mw08,Gas Boiler,0.0
UserA,h18_mw08,HP,0.0
UserA,h18_mw08,AC,0.0
UserA,h18_mw08,Storage HW,0.0
UserA,h18_mw08,Radiators,0.0
UserA,h18_mw08,Floor heating,0.0
UserA,h18_mw08,Induction stove,0.0
UserA,h18_mw08,Gas stove,0.0
UserA,h18_mw08,Gas National Grid,0.0
UserA,h19_mw08,PV sys,0.0
UserA,h19_mw08,National Grid EE,0.0
UserA,h19_mw08,Storage EE,2.389681616394842
UserA,h19_mw08,Gas Boiler,0.0
UserA,h19_mw08,HP,0.0
UserA,h19_mw08,AC,0.0
UserA,h19_mw08,Storage HW,0.0
UserA,h19_mw08,Radiators,0.0
UserA,h19_mw08,Floor heating,0.0
UserA,h19_mw08,Induction stove,0.0
UserA,h19_mw08,Gas stove,0.0
UserA,h19_mw08,Gas National Grid,0.0
UserA,h20_mw08,PV sys,0.0
UserA,h20_mw08,National Grid EE,0.0
UserA,h20_mw08,Storage EE,2.389681616394842
UserA,h20_mw08,Gas Boiler,0.0
UserA,h20_mw08,HP,0.0
UserA,h20_mw08,AC,0.0
UserA,h20_mw08,Storage HW,0.0
UserA,h20_mw08,Radiators,0.0
UserA,h20_mw08,Floor heating,0.0
UserA,h20_mw08,Induction stove,0.0
UserA,h20_mw08,Gas stove,0.0
UserA,h20_mw08,Gas National Grid,0.0
UserA,h21_mw08,PV sys,0.0
UserA,h21_mw08,National Grid EE,0.0
UserA,h21_mw08,Storage EE,2.389681616394842
UserA,h21_mw08,Gas Boiler,0.0
UserA,h21_mw08,HP,0.0
UserA,h21_mw08,AC,0.0
UserA,h21_mw08,Storage HW,0.0
UserA,h21_mw08,Radiators,0.0
UserA,h21_mw08,Floor heating,0.0
UserA,h21_mw08,Induction stove,0.0
UserA,h21_mw08,Gas stove,0.0
UserA,h21_mw08,Gas National Grid,0.0
UserA,h22_mw08,PV sys,0.0
UserA,h22_mw08,National Grid EE,0.0
UserA,h22_mw08,Storage EE,2.2035732100000014
UserA,h22_mw08,Gas Boiler,0.0
UserA,h22_mw08,HP,0.0
UserA,h22_mw08,AC,0.0
UserA,h22_mw08,Storage HW,0.0
UserA,h22_mw08,Radiators,0.0
UserA,h22_mw08,Floor heating,0.0
UserA,h22_mw08,Induction stove,0.0
UserA,h22_mw08,Gas stove,0.0
UserA,h22_mw08,Gas National Grid,0.0
UserA,h23_mw08,PV sys,0.0
UserA,h23_mw08,National Grid EE,0.0
UserA,h23_mw08,Storage EE,1.7623900433333346
UserA,h23_mw08,Gas Boiler,0.0
UserA,h23_mw08,HP,0.0
UserA,h23_mw08,AC,0.0
UserA,h23_mw08,Storage HW,0.0
UserA,h23_mw08,Radiators,0.0
UserA,h23_mw08,Floor heating,0.0
UserA,h23_mw08,Induction stove,0.0
UserA,h23_mw08,Gas stove,0.0
UserA,h23_mw08,Gas National Grid,0.0
UserA,h24_mw08,PV sys,0.0
UserA,h24_mw08,National Grid EE,0.0
UserA,h24_mw08,Storage EE,1.4473534100000007
UserA,h24_mw08,Gas Boiler,0.0
UserA,h24_mw08,HP,0.0
UserA,h24_mw08,AC,0.0
UserA,h24_mw08,Storage HW,0.0
UserA,h24_mw08,Radiators,0.0
UserA,h24_mw08,Floor heating,0.0
UserA,h24_mw08,Induction stove,0.0
UserA,h24_mw08,Gas stove,0.0
UserA,h24_mw08,Gas National Grid,0.0
UserA,h01_mw09,PV sys,0.0
UserA,h01_mw09,National Grid EE,0.0
UserA,h01_mw09,Storage EE,1.1987812766666672
UserA,h01_mw09,Gas Boiler,0.0
UserA,h01_mw09,HP,0.0
UserA,h01_mw09,AC,0.0
UserA,h01_mw09,Storage HW,0.0
UserA,h01_mw09,Radiators,0.0
UserA,h01_mw09,Floor heating,0.0
UserA,h01_mw09,Induction stove,0.0
UserA,h01_mw09,Gas stove,0.0
UserA,h01_mw09,Gas National Grid,0.0
UserA,h02_mw09,PV sys,0.0
UserA,h02_mw09,National Grid EE,0.0
UserA,h02_mw09,Storage EE,0.9943809600000003
UserA,h02_mw09,Gas Boiler,0.0
UserA,h02_mw09,HP,0.0
UserA,h02_mw09,AC,0.0
UserA,h02_mw09,Storage HW,0.0
UserA,h02_mw09,Radiators,0.0
UserA,h02_mw09,Floor heating,0.0
UserA,h02_mw09,Induction stove,0.0
UserA,h02_mw09,Gas stove,0.0
UserA,h02_mw09,Gas National Grid,0.0
UserA,h03_mw09,PV sys,0.0
UserA,h03_mw09,National Grid EE,0.0
UserA,h03_mw09,Storage EE,0.8187142766666672
UserA,h03_mw09,Gas Boiler,0.0
UserA,h03_mw09,HP,0.0
UserA,h03_mw09,AC,0.0
UserA,h03_mw09,Storage HW,0.0
UserA,h03_mw09,Radiators,0.0
UserA,h03_mw09,Floor heating,0.0
UserA,h03_mw09,Induction stove,0.0
UserA,h03_mw09,Gas stove,0.0
UserA,h03_mw09,Gas National Grid,0.0
UserA,h04_mw09,PV sys,0.0
UserA,h04_mw09,National Grid EE,0.0
UserA,h04_mw09,Storage EE,0.6332142766666671
UserA,h04_mw09,Gas Boiler,0.0
UserA,h04_mw09,HP,0.0
UserA,h04_mw09,AC,0.0
UserA,h04_mw09,Storage HW,0.0
UserA,h04_mw09,Radiators,0.0
UserA,h04_mw09,Floor heating,0.0
UserA,h04_mw09,Induction stove,0.0
UserA,h04_mw09,Gas stove,0.0
UserA,h04_mw09,Gas National Grid,0.0
UserA,h05_mw09,PV sys,0.0
UserA,h05_mw09,National Grid EE,0.0
UserA,h05_mw09,Storage EE,0.45486389333333355
UserA,h05_mw09,Gas Boiler,0.0
UserA,h05_mw09,HP,0.0
UserA,h05_mw09,AC,0.0
UserA,h05_mw09,Storage HW,0.0
UserA,h05_mw09,Radiators,0.0
UserA,h05_mw09,Floor heating,0.0
UserA,h05_mw09,Induction stove,0.0
UserA,h05_mw09,Gas stove,0.0
UserA,h05_mw09,Gas National Grid,0.0
UserA,h06_mw09,PV sys,0.0
UserA,h06_mw09,National Grid EE,0.0
UserA,h06_mw09,Storage EE,0.32461050000000036
UserA,h06_mw09,Gas Boiler,0.0
UserA,h06_mw09,HP,0.0
UserA,h06_mw09,AC,0.0
UserA,h06_mw09,Storage HW,0.0
UserA,h06_mw09,Radiators,0.0
UserA,h06_mw09,Floor heating,0.0
UserA,h06_mw09,Induction stove,0.0
UserA,h06_mw09,Gas stove,0.0
UserA,h06_mw09,Gas National Grid,0.0
UserA,h07_mw09,PV sys,0.0
UserA,h07_mw09,National Grid EE,0.0
UserA,h07_mw09,Storage EE,0.30000000000000004
UserA,h07_mw09,Gas Boiler,0.0
UserA,h07_mw09,HP,0.0
UserA,h07_mw09,AC,0.0
UserA,h07_mw09,Storage HW,0.0
UserA,h07_mw09,Radiators,0.0
UserA,h07_mw09,Floor heating,0.0
UserA,h07_mw09,Induction stove,0.0
UserA,h07_mw09,Gas stove,0.0
UserA,h07_mw09,Gas National Grid,0.0
UserA,h08_mw09,PV sys,0.0
UserA,h08_mw09,National Grid EE,0.0
UserA,h08_mw09,Storage EE,0.30000000000000004
UserA,h08_mw09,Gas Boiler,0.0
UserA,h08_mw09,HP,0.0
UserA,h08_mw09,AC,0.0
UserA,h08_mw09,Storage HW,0.0
UserA,h08_mw09,Radiators,0.0
UserA,h08_mw09,Floor heating,0.0
UserA,h08_mw09,Induction stove,0.0
UserA,h08_mw09,Gas stove,0.0
UserA,h08_mw09,Gas National Grid,0.0
UserA,h09_mw09,PV sys,0.0
UserA,h09_mw09,National Grid EE,0.0
UserA,h09_mw09,Storage EE,0.7214567569984844
UserA,h09_mw09,Gas Boiler,0.0
UserA,h09_mw09,HP,0.0
UserA,h09_mw09,AC,0.0
UserA,h09_mw09,Storage HW,0.0
UserA,h09_mw09,Radiators,0.0
UserA,h09_mw09,Floor heating,0.0
UserA,h09_mw09,Induction stove,0.0
UserA,h09_mw09,Gas stove,0.0
UserA,h09_mw09,Gas National Grid,0.0
UserA,h10_mw09,PV sys,0.0
UserA,h10_mw09,National Grid EE,0.0
UserA,h10_mw09,Storage EE,1.3547796669984835
UserA,h10_mw09,Gas Boiler,0.0
UserA,h10_mw09,HP,0.0
UserA,h10_mw09,AC,0.0
UserA,h10_mw09,Storage HW,0.0
UserA,h10_mw09,Radiators,0.0
UserA,h10_mw09,Floor heating,0.0
UserA,h10_mw09,Induction stove,0.0
UserA,h10_mw09,Gas stove,0.0
UserA,h10_mw09,Gas National Grid,0.0
UserA,h11_mw09,PV sys,0.0
UserA,h11_mw09,National Grid EE,0.0
UserA,h11_mw09,Storage EE,1.2307840000000003
UserA,h11_mw09,Gas Boiler,0.0
UserA,h11_mw09,HP,0.0
UserA,h11_mw09,AC,0.0
UserA,h11_mw09,Storage HW,0.0
UserA,h11_mw09,Radiators,0.0
UserA,h11_mw09,Floor heating,0.0
UserA,h11_mw09,Induction stove,0.0
UserA,h11_mw09,Gas stove,0.0
UserA,h11_mw09,Gas National Grid,0.0
UserA,h12_mw09,PV sys,0.0
UserA,h12_mw09,National Grid EE,0.0
UserA,h12_mw09,Storage EE,2.069475866666667
UserA,h12_mw09,Gas Boiler,0.0
UserA,h12_mw09,HP,0.0
UserA,h12_mw09,AC,0.0
UserA,h12_mw09,Storage HW,0.0
UserA,h12_mw09,Radiators,0.0
UserA,h12_mw09,Floor heating,0.0
UserA,h12_mw09,Induction stove,0.0
UserA,h12_mw09,Gas stove,0.0
UserA,h12_mw09,Gas National Grid,0.0
UserA,h13_mw09,PV sys,0.0
UserA,h13_mw09,National Grid EE,0.0
UserA,h13_mw09,Storage EE,2.8499999999999996
UserA,h13_mw09,Gas Boiler,0.0
UserA,h13_mw09,HP,0.0
UserA,h13_mw09,AC,0.0
UserA,h13_mw09,Storage HW,0.0
UserA,h13_mw09,Radiators,0.0
UserA,h13_mw09,Floor heating,0.0
UserA,h13_mw09,Induction stove,0.0
UserA,h13_mw09,Gas stove,0.0
UserA,h13_mw09,Gas National Grid,0.0
UserA,h14_mw09,PV sys,0.0
UserA,h14_mw09,National Grid EE,0.0
UserA,h14_mw09,Storage EE,2.4628637833333333
UserA,h14_mw09,Gas Boiler,0.0
UserA,h14_mw09,HP,0.0
UserA,h14_mw09,AC,0.0
UserA,h14_mw09,Storage HW,0.0
UserA,h14_mw09,Radiators,0.0
UserA,h14_mw09,Floor heating,0.0
UserA,h14_mw09,Induction stove,0.0
UserA,h14_mw09,Gas stove,0.0
UserA,h14_mw09,Gas National Grid,0.0
UserA,h15_mw09,PV sys,0.0
UserA,h15_mw09,National Grid EE,0.0
UserA,h15_mw09,Storage EE,2.7535233666666667
UserA,h15_mw09,Gas Boiler,0.0
UserA,h15_mw09,HP,0.0
UserA,h15_mw09,AC,0.0
UserA,h15_mw09,Storage HW,0.0
UserA,h15_mw09,Radiators,0.0
UserA,h15_mw09,Floor heating,0.0
UserA,h15_mw09,Induction stove,0.0
UserA,h15_mw09,Gas stove,0.0
UserA,h15_mw09,Gas National Grid,0.0
UserA,h16_mw09,PV sys,0.0
UserA,h16_mw09,National Grid EE,0.0
UserA,h16_mw09,Storage EE,2.8499999999999996
UserA,h16_mw09,Gas Boiler,0.0
UserA,h16_mw09,HP,0.0
UserA,h16_mw09,AC,0.0
UserA,h16_mw09,Storage HW,0.0
UserA,h16_mw09,Radiators,0.0
UserA,h16_mw09,Floor heating,0.0
UserA,h16_mw09,Induction stove,0.0
UserA,h16_mw09,Gas stove,0.0
UserA,h16_mw09,Gas National Grid,0.0
UserA,h17_mw09,PV sys,0.0
UserA,h17_mw09,National Grid EE,0.0
UserA,h17_mw09,Storage EE,2.78621
UserA,h17_mw09,Gas Boiler,0.0
UserA,h17_mw09,HP,0.0
UserA,h17_mw09,AC,0.0
UserA,h17_mw09,Storage HW,0.0
UserA,h17_mw09,Radiators,0.0
UserA,h17_mw09,Floor heating,0.0
UserA,h17_mw09,Induction stove,0.0
UserA,h17_mw09,Gas stove,0.0
UserA,h17_mw09,Gas National Grid,0.0
UserA,h18_mw09,PV sys,0.0
UserA,h18_mw09,National Grid EE,0.0
UserA,h18_mw09,Storage EE,2.6116400000000004
UserA,h18_mw09,Gas Boiler,0.0
UserA,h18_mw09,HP,0.0
UserA,h18_mw09,AC,0.0
UserA,h18_mw09,Storage HW,0.0
UserA,h18_mw09,Radiators,0.0
UserA,h18_mw09,Floor heating,0.0
UserA,h18_mw09,Induction stove,0.0
UserA,h18_mw09,Gas stove,0.0
UserA,h18_mw09,Gas National Grid,0.0
UserA,h19_mw09,PV sys,0.0
UserA,h19_mw09,National Grid EE,0.0
UserA,h19_mw09,Storage EE,2.6116400000000004
UserA,h19_mw09,Gas Boiler,0.0
UserA,h19_mw09,HP,0.0
UserA,h19_mw09,AC,0.0
UserA,h19_mw09,Storage HW,0.0
UserA,h19_mw09,Radiators,0.0
UserA,h19_mw09,Floor heating,0.0
UserA,h19_mw09,Induction stove,0.0
UserA,h19_mw09,Gas stove,0.0
UserA,h19_mw09,Gas National Grid,0.0
UserA,h20_mw09,PV sys,0.0
UserA,h20_mw09,National Grid EE,0.0
UserA,h20_mw09,Storage EE,2.333708033333334
UserA,h20_mw09,Gas Boiler,0.0
UserA,h20_mw09,HP,0.0
UserA,h20_mw09,AC,0.0
UserA,h20_mw09,Storage HW,0.0
UserA,h20_mw09,Radiators,0.0
UserA,h20_mw09,Floor heating,0.0
UserA,h20_mw09,Induction stove,0.0
UserA,h20_mw09,Gas stove,0.0
UserA,h20_mw09,Gas National Grid,0.0
UserA,h21_mw09,PV sys,0.0
UserA,h21_mw09,National Grid EE,0.0
UserA,h21_mw09,Storage EE,2.333708033333334
UserA,h21_mw09,Gas Boiler,0.0
UserA,h21_mw09,HP,0.0
UserA,h21_mw09,AC,0.0
UserA,h21_mw09,Storage HW,0.0
UserA,h21_mw09,Radiators,0.0
UserA,h21_mw09,Floor heating,0.0
UserA,h21_mw09,Induction stove,0.0
UserA,h21_mw09,Gas stove,0.0
UserA,h21_mw09,Gas National Grid,0.0
UserA,h22_mw09,PV sys,0.0
UserA,h22_mw09,National Grid EE,0.0
UserA,h22_mw09,Storage EE,1.8923875500000011
UserA,h22_mw09,Gas Boiler,0.0
UserA,h22_mw09,HP,0.0
UserA,h22_mw09,AC,0.0
UserA,h22_mw09,Storage HW,0.0
UserA,h22_mw09,Radiators,0.0
UserA,h22_mw09,Floor heating,0.0
UserA,h22_mw09,Induction stove,0.0
UserA,h22_mw09,Gas stove,0.0
UserA,h22_mw09,Gas National Grid,0.0
UserA,h23_mw09,PV sys,0.0
UserA,h23_mw09,National Grid EE,0.0
UserA,h23_mw09,Storage EE,1.572897857950606
UserA,h23_mw09,Gas Boiler,0.0
UserA,h23_mw09,HP,0.0
UserA,h23_mw09,AC,0.0
UserA,h23_mw09,Storage HW,0.0
UserA,h23_mw09,Radiators,0.0
UserA,h23_mw09,Floor heating,0.0
UserA,h23_mw09,Induction stove,0.0
UserA,h23_mw09,Gas stove,0.0
UserA,h23_mw09,Gas National Grid,0.0
UserA,h24_mw09,PV sys,0.0
UserA,h24_mw09,National Grid EE,0.0
UserA,h24_mw09,Storage EE,1.2509561746172726
UserA,h24_mw09,Gas Boiler,0.0
UserA,h24_mw09,HP,0.0
UserA,h24_mw09,AC,0.0
UserA,h24_mw09,Storage HW,0.0
UserA,h24_mw09,Radiators,0.0
UserA,h24_mw09,Floor heating,0.0
UserA,h24_mw09,Induction stove,0.0
UserA,h24_mw09,Gas stove,0.0
UserA,h24_mw09,Gas National Grid,0.0
UserA,h01_mw10,PV sys,0.0
UserA,h01_mw10,National Grid EE,0.0
UserA,h01_mw10,Storage EE,1.1146190246172725
UserA,h01_mw10,Gas Boiler,0.0
UserA,h01_mw10,HP,0.0
UserA,h01_mw10,AC,0.0
UserA,h01_mw10,Storage HW,0.0
UserA,h01_mw10,Radiators,0.0
UserA,h01_mw10,Floor heating,0.0
UserA,h01_mw10,Induction stove,0.0
UserA,h01_mw10,Gas stove,0.0
UserA,h01_mw10,Gas National Grid,0.0
UserA,h02_mw10,PV sys,0.0
UserA,h02_mw10,National Grid EE,0.0
UserA,h02_mw10,Storage EE,0.9309185246172724
UserA,h02_mw10,Gas Boiler,0.0
UserA,h02_mw10,HP,0.0
UserA,h02_mw10,AC,0.0
UserA,h02_mw10,Storage HW,0.0
UserA,h02_mw10,Radiators,0.0
UserA,h02_mw10,Floor heating,0.0
UserA,h02_mw10,Induction stove,0.0
UserA,h02_mw10,Gas stove,0.0
UserA,h02_mw10,Gas National Grid,0.0
UserA,h03_mw10,PV sys,0.0
UserA,h03_mw10,National Grid EE,0.0
UserA,h03_mw10,Storage EE,0.7564679246172723
UserA,h03_mw10,Gas Boiler,0.0
UserA,h03_mw10,HP,0.0
UserA,h03_mw10,AC,0.0
UserA,h03_mw10,Storage HW,0.0
UserA,h03_mw10,Radiators,0.0
UserA,h03_mw10,Floor heating,0.0
UserA,h03_mw10,Induction stove,0.0
UserA,h03_mw10,Gas stove,0.0
UserA,h03_mw10,Gas National Grid,0.0
UserA,h04_mw10,PV sys,0.0
UserA,h04_mw10,National Grid EE,0.0
UserA,h04_mw10,Storage EE,0.6012507270926305
UserA,h04_mw10,Gas Boiler,0.0
UserA,h04_mw10,HP,0.0
UserA,h04_mw10,AC,0.0
UserA,h04_mw10,Storage HW,0.0
UserA,h04_mw10,Radiators,0.0
UserA,h04_mw10,Floor heating,0.0
UserA,h04_mw10,Induction stove,0.0
UserA,h04_mw10,Gas stove,0.0
UserA,h04_mw10,Gas National Grid,0.0
UserA,h05_mw10,PV sys,0.0
UserA,h05_mw10,National Grid EE,0.0
UserA,h05_mw10,Storage EE,0.46458401333333366
UserA,h05_mw10,Gas Boiler,0.0
UserA,h05_mw10,HP,0.0
UserA,h05_mw10,AC,0.0
UserA,h05_mw10,Storage HW,0.0
UserA,h05_mw10,Radiators,0.0
UserA,h05_mw10,Floor heating,0.0
UserA,h05_mw10,Induction stove,0.0
UserA,h05_mw10,Gas stove,0.0
UserA,h05_mw10,Gas National Grid,0.0
UserA,h06_mw10,PV sys,0.0
UserA,h06_mw10,National Grid EE,0.0
UserA,h06_mw10,Storage EE,0.30683398333333356
UserA,h06_mw10,Gas Boiler,0.0
UserA,h06_mw10,HP,0.0
UserA,h06_mw10,AC,0.0
UserA,h06_mw10,Storage HW,0.0
UserA,h06_mw10,Radiators,0.0
UserA,h06_mw10,Floor heating,0.0
UserA,h06_mw10,Induction stove,0.0
UserA,h06_mw10,Gas stove,0.0
UserA,h06_mw10,Gas National Grid,0.0
UserA,h07_mw10,PV sys,0.0
UserA,h07_mw10,National Grid EE,0.0
UserA,h07_mw10,Storage EE,0.30000000000000004
UserA,h07_mw10,Gas Boiler,0.0
UserA,h07_mw10,HP,0.0
UserA,h07_mw10,AC,0.0
UserA,h07_mw10,Storage HW,0.0
UserA,h07_mw10,Radiators,0.0
UserA,h07_mw10,Floor heating,0.0
UserA,h07_mw10,Induction stove,0.0
UserA,h07_mw10,Gas stove,0.0
UserA,h07_mw10,Gas National Grid,0.0
UserA,h08_mw10,PV sys,0.0
UserA,h08_mw10,National Grid EE,0.0
UserA,h08_mw10,Storage EE,0.7222619833333331
UserA,h08_mw10,Gas Boiler,0.0
UserA,h08_mw10,HP,0.0
UserA,h08_mw10,AC,0.0
UserA,h08_mw10,Storage HW,0.0
UserA,h08_mw10,Radiators,0.0
UserA,h08_mw10,Floor heating,0.0
UserA,h08_mw10,Induction stove,0.0
UserA,h08_mw10,Gas stove,0.0
UserA,h08_mw10,Gas National Grid,0.0
UserA,h09_mw10,PV sys,0.0
UserA,h09_mw10,National Grid EE,0.0
UserA,h09_mw10,Storage EE,1.3019395833333332
UserA,h09_mw10,Gas Boiler,0.0
UserA,h09_mw10,HP,0.0
UserA,h09_mw10,AC,0.0
UserA,h09_mw10,Storage HW,0.0
UserA,h09_mw10,Radiators,0.0
UserA,h09_mw10,Floor heating,0.0
UserA,h09_mw10,Induction stove,0.0
UserA,h09_mw10,Gas stove,0.0
UserA,h09_mw10,Gas National Grid,0.0
UserA,h10_mw10,PV sys,0.0
UserA,h10_mw10,National Grid EE,0.0
UserA,h10_mw10,Storage EE,0.4535703666666663
UserA,h10_mw10,Gas Boiler,0.0
UserA,h10_mw10,HP,0.0
UserA,h10_mw10,AC,0.0
UserA,h10_mw10,Storage HW,0.0
UserA,h10_mw10,Radiators,0.0
UserA,h10_mw10,Floor heating,0.0
UserA,h10_mw10,Induction stove,0.0
UserA,h10_mw10,Gas stove,0.0
UserA,h10_mw10,Gas National Grid,0.0
UserA,h11_mw10,PV sys,0.0
UserA,h11_mw10,National Grid EE,0.0
UserA,h11_mw10,Storage EE,1.5963015166666663
UserA,h11_mw10,Gas Boiler,0.0
UserA,h11_mw10,HP,0.0
UserA,h11_mw10,AC,0.0
UserA,h11_mw10,Storage HW,0.0
UserA,h11_mw10,Radiators,0.0
UserA,h11_mw10,Floor heating,0.0
UserA,h11_mw10,Induction stove,0.0
UserA,h11_mw10,Gas stove,0.0
UserA,h11_mw10,Gas National Grid,0.0
UserA,h12_mw10,PV sys,0.0
UserA,h12_mw10,National Grid EE,0.0
UserA,h12_mw10,Storage EE,2.8499999999999996
UserA,h12_mw10,Gas Boiler,0.0
UserA,h12_mw10,HP,0.0
UserA,h12_mw10,AC,0.0
UserA,h12_mw10,Storage HW,0.0
UserA,h12_mw10,Radiators,0.0
UserA,h12_mw10,Floor heating,0.0
UserA,h12_mw10,Induction stove,0.0
UserA,h12_mw10,Gas stove,0.0
UserA,h12_mw10,Gas National Grid,0.0
UserA,h13_mw10,PV sys,0.0
UserA,h13_mw10,National Grid EE,0.0
UserA,h13_mw10,Storage EE,2.8499999999999996
UserA,h13_mw10,Gas Boiler,0.0
UserA,h13_mw10,HP,0.0
UserA,h13_mw10,AC,0.0
UserA,h13_mw10,Storage HW,0.0
UserA,h13_mw10,Radiators,0.0
UserA,h13_mw10,Floor heating,0.0
UserA,h13_mw10,Induction stove,0.0
UserA,h13_mw10,Gas stove,0.0
UserA,h13_mw10,Gas National Grid,0.0
UserA,h14_mw10,PV sys,0.0
UserA,h14_mw10,National Grid EE,0.0
UserA,h14_mw10,Storage EE,1.989054233333332
UserA,h14_mw10,Gas Boiler,0.0
UserA,h14_mw10,HP,0.0
UserA,h14_mw10,AC,0.0
UserA,h14_mw10,Storage HW,0.0
UserA,h14_mw10,Radiators,0.0
UserA,h14_mw10,Floor heating,0.0
UserA,h14_mw10,Induction stove,0.0
UserA,h14_mw10,Gas stove,0.0
UserA,h14_mw10,Gas National Grid,0.0
UserA,h15_mw10,PV sys,0.0
UserA,h15_mw10,National Grid EE,0.0
UserA,h15_mw10,Storage EE,2.8499999999999996
UserA,h15_mw10,Gas Boiler,0.0
UserA,h15_mw10,HP,0.0
UserA,h15_mw10,AC,0.0
UserA,h15_mw10,Storage HW,0.0
UserA,h15_mw10,Radiators,0.0
UserA,h15_mw10,Floor heating,0.0
UserA,h15_mw10,Induction stove,0.0
UserA,h15_mw10,Gas stove,0.0
UserA,h15_mw10,Gas National Grid,0.0
UserA,h16_mw10,PV sys,0.0
UserA,h16_mw10,National Grid EE,0.0
UserA,h16_mw10,Storage EE,2.6668199999999995
UserA,h16_mw10,Gas Boiler,0.0
UserA,h16_mw10,HP,0.0
UserA,h16_mw10,AC,0.0
UserA,h16_mw10,Storage HW,0.0
UserA,h16_mw10,Radiators,0.0
UserA,h16_mw10,Floor heating,0.0
UserA,h16_mw10,Induction stove,0.0
UserA,h16_mw10,Gas stove,0.0
UserA,h16_mw10,Gas National Grid,0.0
UserA,h17_mw10,PV sys,0.0
UserA,h17_mw10,National Grid EE,0.0
UserA,h17_mw10,Storage EE,2.8499999999999996
UserA,h17_mw10,Gas Boiler,0.0
UserA,h17_mw10,HP,0.0
UserA,h17_mw10,AC,0.0
UserA,h17_mw10,Storage HW,0.0
UserA,h17_mw10,Radiators,0.0
UserA,h17_mw10,Floor heating,0.0
UserA,h17_mw10,Induction stove,0.0
UserA,h17_mw10,Gas stove,0.0
UserA,h17_mw10,Gas National Grid,0.0
UserA,h18_mw10,PV sys,0.0
UserA,h18_mw10,National Grid EE,0.0
UserA,h18_mw10,Storage EE,2.6888496999999996
UserA,h18_mw10,Gas Boiler,0.0
UserA,h18_mw10,HP,0.0
UserA,h18_mw10,AC,0.0
UserA,h18_mw10,Storage HW,0.0
UserA,h18_mw10,Radiators,0.0
UserA,h18_mw10,Floor heating,0.0
UserA,h18_mw10,Induction stove,0.0
UserA,h18_mw10,Gas stove,0.0
UserA,h18_mw10,Gas National Grid,0.0
UserA,h19_mw10,PV sys,0.0
UserA,h19_mw10,National Grid EE,0.0
UserA,h19_mw10,Storage EE,2.3689633333333324
UserA,h19_mw10,Gas Boiler,0.0
UserA,h19_mw10,HP,0.0
UserA,h19_mw10,AC,0.0
UserA,h19_mw10,Storage HW,0.0
UserA,h19_mw10,Radiators,0.0
UserA,h19_mw10,Floor heating,0.0
UserA,h19_mw10,Induction stove,0.0
UserA,h19_mw10,Gas stove,0.0
UserA,h19_mw10,Gas National Grid,0.0
UserA,h20_mw10,PV sys,0.0
UserA,h20_mw10,National Grid EE,0.0
UserA,h20_mw10,Storage EE,1.9869763166666656
UserA,h20_mw10,Gas Boiler,0.0
UserA,h20_mw10,HP,0.0
UserA,h20_mw10,AC,0.0
UserA,h20_mw10,Storage HW,0.0
UserA,h20_mw10,Radiators,0.0
UserA,h20_mw10,Floor heating,0.0
UserA,h20_mw10,Induction stove,0.0
UserA,h20_mw10,Gas stove,0.0
UserA,h20_mw10,Gas National Grid,0.0
UserA,h21_mw10,PV sys,0.0
UserA,h21_mw10,National Grid EE,0.0
UserA,h21_mw10,Storage EE,1.6249615466666656
UserA,h21_mw10,Gas Boiler,0.0
UserA,h21_mw10,HP,0.0
UserA,h21_mw10,AC,0.0
UserA,h21_mw10,Storage HW,0.0
UserA,h21_mw10,Radiators,0.0
UserA,h21_mw10,Floor heating,0.0
UserA,h21_mw10,Induction stove,0.0
UserA,h21_mw10,Gas stove,0.0
UserA,h21_mw10,Gas National Grid,0.0
UserA,h22_mw10,PV sys,0.0
UserA,h22_mw10,National Grid EE,0.0
UserA,h22_mw10,Storage EE,1.2913650633333325
UserA,h22_mw10,Gas Boiler,0.0
UserA,h22_mw10,HP,0.0
UserA,h22_mw10,AC,0.0
UserA,h22_mw10,Storage HW,0.0
UserA,h22_mw10,Radiators,0.0
UserA,h22_mw10,Floor heating,0.0
UserA,h22_mw10,Induction stove,0.0
UserA,h22_mw10,Gas stove,0.0
UserA,h22_mw10,Gas National Grid,0.0
UserA,h23_mw10,PV sys,0.0
UserA,h23_mw10,National Grid EE,0.0
UserA,h23_mw10,Storage EE,0.8513285133333324
UserA,h23_mw10,Gas Boiler,0.0
UserA,h23_mw10,HP,0.0
UserA,h23_mw10,AC,0.0
UserA,h23_mw10,Storage HW,0.0
UserA,h23_mw10,Radiators,0.0
UserA,h23_mw10,Floor heating,0.0
UserA,h23_mw10,Induction stove,0.0
UserA,h23_mw10,Gas stove,0.0
UserA,h23_mw10,Gas National Grid,0.0
UserA,h24_mw10,PV sys,0.0
UserA,h24_mw10,National Grid EE,0.0
UserA,h24_mw10,Storage EE,0.5807412966666654
UserA,h24_mw10,Gas Boiler,0.0
UserA,h24_mw10,HP,0.0
UserA,h24_mw10,AC,0.0
UserA,h24_mw10,Storage HW,0.0
UserA,h24_mw10,Radiators,0.0
UserA,h24_mw10,Floor heating,0.0
UserA,h24_mw10,Induction stove,0.0
UserA,h24_mw10,Gas stove,0.0
UserA,h24_mw10,Gas National Grid,0.0
UserA,h01_mw11,PV sys,0.0
UserA,h01_mw11,National Grid EE,0.0
UserA,h01_mw11,Storage EE,0.4992823712075978
UserA,h01_mw11,Gas Boiler,0.0
UserA,h01_mw11,HP,0.0
UserA,h01_mw11,AC,0.0
UserA,h01_mw11,Storage HW,0.0
UserA,h01_mw11,Radiators,0.0
UserA,h01_mw11,Floor heating,0.0
UserA,h01_mw11,Induction stove,0.0
UserA,h01_mw11,Gas stove,0.0
UserA,h01_mw11,Gas National Grid,0.0
UserA,h02_mw11,PV sys,0.0
UserA,h02_mw11,National Grid EE,0.0
UserA,h02_mw11,Storage EE,0.4992823712075978
UserA,h02_mw11,Gas Boiler,0.0
UserA,h02_mw11,HP,0.0
UserA,h02_mw11,AC,0.0
UserA,h02_mw11,Storage HW,0.0
UserA,h02_mw11,Radiators,0.0
UserA,h02_mw11,Floor heating,0.0
UserA,h02_mw11,Induction stove,0.0
UserA,h02_mw11,Gas stove,0.0
UserA,h02_mw11,Gas National Grid,0.0
UserA,h03_mw11,PV sys,0.0
UserA,h03_mw11,National Grid EE,0.0
UserA,h03_mw11,Storage EE,0.4992823712075978
UserA,h03_mw11,Gas Boiler,0.0
UserA,h03_mw11,HP,0.0
UserA,h03_mw11,AC,0.0
UserA,h03_mw11,Storage HW,0.0
UserA,h03_mw11,Radiators,0.0
UserA,h03_mw11,Floor heating,0.0
UserA,h03_mw11,Induction stove,0.0
UserA,h03_mw11,Gas stove,0.0
UserA,h03_mw11,Gas National Grid,0.0
UserA,h04_mw11,PV sys,0.0
UserA,h04_mw11,National Grid EE,0.0
UserA,h04_mw11,Storage EE,0.4992823712075978
UserA,h04_mw11,Gas Boiler,0.0
UserA,h04_mw11,HP,0.0
UserA,h04_mw11,AC,0.0
UserA,h04_mw11,Storage HW,0.0
UserA,h04_mw11,Radiators,0.0
UserA,h04_mw11,Floor heating,0.0
UserA,h04_mw11,Induction stove,0.0
UserA,h04_mw11,Gas stove,0.0
UserA,h04_mw11,Gas National Grid,0.0
UserA,h05_mw11,PV sys,0.0
UserA,h05_mw11,National Grid EE,0.0
UserA,h05_mw11,Storage EE,0.4992823712075978
UserA,h05_mw11,Gas Boiler,0.0
UserA,h05_mw11,HP,0.0
UserA,h05_mw11,AC,0.0
UserA,h05_mw11,Storage HW,0.0
UserA,h05_mw11,Radiators,0.0
UserA,h05_mw11,Floor heating,0.0
UserA,h05_mw11,Induction stove,0.0
UserA,h05_mw11,Gas stove,0.0
UserA,h05_mw11,Gas National Grid,0.0
UserA,h06_mw11,PV sys,0.0
UserA,h06_mw11,National Grid EE,0.0
UserA,h06_mw11,Storage EE,0.4992823712075978
UserA,h06_mw11,Gas Boiler,0.0
UserA,h06_mw11,HP,0.0
UserA,h06_mw11,AC,0.0
UserA,h06_mw11,Storage HW,0.0
UserA,h06_mw11,Radiators,0.0
UserA,h06_mw11,Floor heating,0.0
UserA,h06_mw11,Induction stove,0.0
UserA,h06_mw11,Gas stove,0.0
UserA,h06_mw11,Gas National Grid,0.0
UserA,h07_mw11,PV sys,0.0
UserA,h07_mw11,National Grid EE,0.0
UserA,h07_mw11,Storage EE,0.5639823712075978
UserA,h07_mw11,Gas Boiler,0.0
UserA,h07_mw11,HP,0.0
UserA,h07_mw11,AC,0.0
UserA,h07_mw11,Storage HW,0.0
UserA,h07_mw11,Radiators,0.0
UserA,h07_mw11,Floor heating,0.0
UserA,h07_mw11,Induction stove,0.0
UserA,h07_mw11,Gas stove,0.0
UserA,h07_mw11,Gas National Grid,0.0
UserA,h08_mw11,PV sys,0.0
UserA,h08_mw11,National Grid EE,0.0
UserA,h08_mw11,Storage EE,0.30950685454093096
UserA,h08_mw11,Gas Boiler,0.0
UserA,h08_mw11,HP,0.0
UserA,h08_mw11,AC,0.0
UserA,h08_mw11,Storage HW,0.0
UserA,h08_mw11,Radiators,0.0
UserA,h08_mw11,Floor heating,0.0
UserA,h08_mw11,Induction stove,0.0
UserA,h08_mw11,Gas stove,0.0
UserA,h08_mw11,Gas National Grid,0.0
UserA,h09_mw11,PV sys,0.0
UserA,h09_mw11,National Grid EE,0.0
UserA,h09_mw11,Storage EE,0.30000000000000004
UserA,h09_mw11,Gas Boiler,0.0
UserA,h09_mw11,HP,0.0
UserA,h09_mw11,AC,0.0
UserA,h09_mw11,Storage HW,0.0
UserA,h09_mw11,Radiators,0.0
UserA,h09_mw11,Floor heating,0.0
UserA,h09_mw11,Induction stove,0.0
UserA,h09_mw11,Gas stove,0.0
UserA,h09_mw11,Gas National Grid,0.0
UserA,h10_mw11,PV sys,0.0
UserA,h10_mw11,National Grid EE,0.0
UserA,h10_mw11,Storage EE,0.45801286999999946
UserA,h10_mw11,Gas Boiler,0.0
UserA,h10_mw11,HP,0.0
UserA,h10_mw11,AC,0.0
UserA,h10_mw11,Storage HW,0.0
UserA,h10_mw11,Radiators,0.0
UserA,h10_mw11,Floor heating,0.0
UserA,h10_mw11,Induction stove,0.0
UserA,h10_mw11,Gas stove,0.0
UserA,h10_mw11,Gas National Grid,0.0
UserA,h11_mw11,PV sys,0.0
UserA,h11_mw11,National Grid EE,0.0
UserA,h11_mw11,Storage EE,0.9066527533333327
UserA,h11_mw11,Gas Boiler,0.0
UserA,h11_mw11,HP,0.0
UserA,h11_mw11,AC,0.0
UserA,h11_mw11,Storage HW,0.0
UserA,h11_mw11,Radiators,0.0
UserA,h11_mw11,Floor heating,0.0
UserA,h11_mw11,Induction stove,0.0
UserA,h11_mw11,Gas stove,0.0
UserA,h11_mw11,Gas National Grid,0.0
UserA,h12_mw11,PV sys,0.0
UserA,h12_mw11,National Grid EE,0.0
UserA,h12_mw11,Storage EE,1.549262136666666
UserA,h12_mw11,Gas Boiler,0.0
UserA,h12_mw11,HP,0.0
UserA,h12_mw11,AC,0.0
UserA,h12_mw11,Storage HW,0.0
UserA,h12_mw11,Radiators,0.0
UserA,h12_mw11,Floor heating,0.0
UserA,h12_mw11,Induction stove,0.0
UserA,h12_mw11,Gas stove,0.0
UserA,h12_mw11,Gas National Grid,0.0
UserA,h13_mw11,PV sys,0.0
UserA,h13_mw11,National Grid EE,0.0
UserA,h13_mw11,Storage EE,1.4137819333333335
UserA,h13_mw11,Gas Boiler,0.0
UserA,h13_mw11,HP,0.0
UserA,h13_mw11,AC,0.0
UserA,h13_mw11,Storage HW,0.0
UserA,h13_mw11,Radiators,0.0
UserA,h13_mw11,Floor heating,0.0
UserA,h13_mw11,Induction stove,0.0
UserA,h13_mw11,Gas stove,0.0
UserA,h13_mw11,Gas National Grid,0.0
UserA,h14_mw11,PV sys,0.0
UserA,h14_mw11,National Grid EE,0.0
UserA,h14_mw11,Storage EE,2.0965001
UserA,h14_mw11,Gas Boiler,0.0
UserA,h14_mw11,HP,0.0
UserA,h14_mw11,AC,0.0
UserA,h14_mw11,Storage HW,0.0
UserA,h14_mw11,Radiators,0.0
UserA,h14_mw11,Floor heating,0.0
UserA,h14_mw11,Induction stove,0.0
UserA,h14_mw11,Gas stove,0.0
UserA,h14_mw11,Gas National Grid,0.0
UserA,h15_mw11,PV sys,0.0
UserA,h15_mw11,National Grid EE,0.0
UserA,h15_mw11,Storage EE,2.5771067333333333
UserA,h15_mw11,Gas Boiler,0.0
UserA,h15_mw11,HP,0.0
UserA,h15_mw11,AC,0.0
UserA,h15_mw11,Storage HW,0.0
UserA,h15_mw11,Radiators,0.0
UserA,h15_mw11,Floor heating,0.0
UserA,h15_mw11,Induction stove,0.0
UserA,h15_mw11,Gas stove,0.0
UserA,h15_mw11,Gas National Grid,0.0
UserA,h16_mw11,PV sys,0.0
UserA,h16_mw11,National Grid EE,0.0
UserA,h16_mw11,Storage EE,2.8499999999999996
UserA,h16_mw11,Gas Boiler,0.0
UserA,h16_mw11,HP,0.0
UserA,h16_mw11,AC,0.0
UserA,h16_mw11,Storage HW,0.0
UserA,h16_mw11,Radiators,0.0
UserA,h16_mw11,Floor heating,0.0
UserA,h16_mw11,Induction stove,0.0
UserA,h16_mw11,Gas stove,0.0
UserA,h16_mw11,Gas National Grid,0.0
UserA,h17_mw11,PV sys,0.0
UserA,h17_mw11,National Grid EE,0.0
UserA,h17_mw11,Storage EE,2.703125816666666
UserA,h17_mw11,Gas Boiler,0.0
UserA,h17_mw11,HP,0.0
UserA,h17_mw11,AC,0.0
UserA,h17_mw11,Storage HW,0.0
UserA,h17_mw11,Radiators,0.0
UserA,h17_mw11,Floor heating,0.0
UserA,h17_mw11,Induction stove,0.0
UserA,h17_mw11,Gas stove,0.0
UserA,h17_mw11,Gas National Grid,0.0
UserA,h18_mw11,PV sys,0.0
UserA,h18_mw11,National Grid EE,0.0
UserA,h18_mw11,Storage EE,2.703125816666666
UserA,h18_mw11,Gas Boiler,0.0
UserA,h18_mw11,HP,0.0
UserA,h18_mw11,AC,0.0
UserA,h18_mw11,Storage HW,0.0
UserA,h18_mw11,Radiators,0.0
UserA,h18_mw11,Floor heating,0.0
UserA,h18_mw11,Induction stove,0.0
UserA,h18_mw11,Gas stove,0.0
UserA,h18_mw11,Gas National Grid,0.0
UserA,h19_mw11,PV sys,0.0
UserA,h19_mw11,National Grid EE,0.0
UserA,h19_mw11,Storage EE,2.7031258166666663
UserA,h19_mw11,Gas Boiler,0.0
UserA,h19_mw11,HP,0.0
UserA,h19_mw11,AC,0.0
UserA,h19_mw11,Storage HW,0.0
UserA,h19_mw11,Radiators,0.0
UserA,h19_mw11,Floor heating,0.0
UserA,h19_mw11,Induction stove,0.0
UserA,h19_mw11,Gas stove,0.0
UserA,h19_mw11,Gas National Grid,0.0
UserA,h20_mw11,PV sys,0.0
UserA,h20_mw11,National Grid EE,0.0
UserA,h20_mw11,Storage EE,2.7031258166666663
UserA,h20_mw11,Gas Boiler,0.0
UserA,h20_mw11,HP,0.0
UserA,h20_mw11,AC,0.0
UserA,h20_mw11,Storage HW,0.0
UserA,h20_mw11,Radiators,0.0
UserA,h20_mw11,Floor heating,0.0
UserA,h20_mw11,Induction stove,0.0
UserA,h20_mw11,Gas stove,0.0
UserA,h20_mw11,Gas National Grid,0.0
UserA,h21_mw11,PV sys,0.0
UserA,h21_mw11,National Grid EE,0.0
UserA,h21_mw11,Storage EE,2.247614666666667
UserA,h21_mw11,Gas Boiler,0.0
UserA,h21_mw11,HP,0.0
UserA,h21_mw11,AC,0.0
UserA,h21_mw11,Storage HW,0.0
UserA,h21_mw11,Radiators,0.0
UserA,h21_mw11,Floor heating,0.0
UserA,h21_mw11,Induction stove,0.0
UserA,h21_mw11,Gas stove,0.0
UserA,h21_mw11,Gas National Grid,0.0
UserA,h22_mw11,PV sys,0.0
UserA,h22_mw11,National Grid EE,0.0
UserA,h22_mw11,Storage EE,1.8577119666666668
UserA,h22_mw11,Gas Boiler,0.0
UserA,h22_mw11,HP,0.0
UserA,h22_mw11,AC,0.0
UserA,h22_mw11,Storage HW,0.0
UserA,h22_mw11,Radiators,0.0
UserA,h22_mw11,Floor heating,0.0
UserA,h22_mw11,Induction stove,0.0
UserA,h22_mw11,Gas stove,0.0
UserA,h22_mw11,Gas National Grid,0.0
UserA,h23_mw11,PV sys,0.0
UserA,h23_mw11,National Grid EE,0.0
UserA,h23_mw11,Storage EE,1.7961737500000008
UserA,h23_mw11,Gas Boiler,0.0
UserA,h23_mw11,HP,0.0
UserA,h23_mw11,AC,0.0
UserA,h23_mw11,Storage HW,0.0
UserA,h23_mw11,Radiators,0.0
UserA,h23_mw11,Floor heating,0.0
UserA,h23_mw11,Induction stove,0.0
UserA,h23_mw11,Gas stove,0.0
UserA,h23_mw11,Gas National Grid,0.0
UserA,h24_mw11,PV sys,0.0
UserA,h24_mw11,National Grid EE,0.0
UserA,h24_mw11,Storage EE,1.5331412000000006
UserA,h24_mw11,Gas Boiler,0.0
UserA,h24_mw11,HP,0.0
UserA,h24_mw11,AC,0.0
UserA,h24_mw11,Storage HW,0.0
UserA,h24_mw11,Radiators,0.0
UserA,h24_mw11,Floor heating,0.0
UserA,h24_mw11,Induction stove,0.0
UserA,h24_mw11,Gas stove,0.0
UserA,h24_mw11,Gas National Grid,0.0
UserA,h01_mw12,PV sys,0.0
UserA,h01_mw12,National Grid EE,0.0
UserA,h01_mw12,Storage EE,1.301017883333334
UserA,h01_mw12,Gas Boiler,0.0
UserA,h01_mw12,HP,0.0
UserA,h01_mw12,AC,0.0
UserA,h01_mw12,Storage HW,0.0
UserA,h01_mw12,Radiators,0.0
UserA,h01_mw12,Floor heating,0.0
UserA,h01_mw12,Induction stove,0.0
UserA,h01_mw12,Gas stove,0.0
UserA,h01_mw12,Gas National Grid,0.0
UserA,h02_mw12,PV sys,0.0
UserA,h02_mw12,National Grid EE,0.0
UserA,h02_mw12,Storage EE,1.1024673666666676
UserA,h02_mw12,Gas Boiler,0.0
UserA,h02_mw12,HP,0.0
UserA,h02_mw12,AC,0.0
UserA,h02_mw12,Storage HW,0.0
UserA,h02_mw12,Radiators,0.0
UserA,h02_mw12,Floor heating,0.0
UserA,h02_mw12,Induction stove,0.0
UserA,h02_mw12,Gas stove,0.0
UserA,h02_mw12,Gas National Grid,0.0
UserA,h03_mw12,PV sys,0.0
UserA,h03_mw12,National Grid EE,0.0
UserA,h03_mw12,Storage EE,0.9503334666666675
UserA,h03_mw12,Gas Boiler,0.0
UserA,h03_mw12,HP,0.0
UserA,h03_mw12,AC,0.0
UserA,h03_mw12,Storage HW,0.0
UserA,h03_mw12,Radiators,0.0
UserA,h03_mw12,Floor heating,0.0
UserA,h03_mw12,Induction stove,0.0
UserA,h03_mw12,Gas stove,0.0
UserA,h03_mw12,Gas National Grid,0.0
UserA,h04_mw12,PV sys,0.0
UserA,h04_mw12,National Grid EE,0.0
UserA,h04_mw12,Storage EE,0.7325001000000005
UserA,h04_mw12,Gas Boiler,0.0
UserA,h04_mw12,HP,0.0
UserA,h04_mw12,AC,0.0
UserA,h04_mw12,Storage HW,0.0
UserA,h04_mw12,Radiators,0.0
UserA,h04_mw12,Floor heating,0.0
UserA,h04_mw12,Induction stove,0.0
UserA,h04_mw12,Gas stove,0.0
UserA,h04_mw12,Gas National Grid,0.0
UserA,h05_mw12,PV sys,0.0
UserA,h05_mw12,National Grid EE,0.0
UserA,h05_mw12,Storage EE,0.5666667333333336
UserA,h05_mw12,Gas Boiler,0.0
UserA,h05_mw12,HP,0.0
UserA,h05_mw12,AC,0.0
UserA,h05_mw12,Storage HW,0.0
UserA,h05_mw12,Radiators,0.0
UserA,h05_mw12,Floor heating,0.0
UserA,h05_mw12,Induction stove,0.0
UserA,h05_mw12,Gas stove,0.0
UserA,h05_mw12,Gas National Grid,0.0
UserA,h06_mw12,PV sys,0.0
UserA,h06_mw12,National Grid EE,0.0
UserA,h06_mw12,Storage EE,0.36833336666666683
UserA,h06_mw12,Gas Boiler,0.0
UserA,h06_mw12,HP,0.0
UserA,h06_mw12,AC,0.0
UserA,h06_mw12,Storage HW,0.0
UserA,h06_mw12,Radiators,0.0
UserA,h06_mw12,Floor heating,0.0
UserA,h06_mw12,Induction stove,0.0
UserA,h06_mw12,Gas stove,0.0
UserA,h06_mw12,Gas National Grid,0.0
UserA,h07_mw12,PV sys,0.0
UserA,h07_mw12,National Grid EE,0.0
UserA,h07_mw12,Storage EE,0.30000000000000004
UserA,h07_mw12,Gas Boiler,0.0
UserA,h07_mw12,HP,0.0
UserA,h07_mw12,AC,0.0
UserA,h07_mw12,Storage HW,0.0
UserA,h07_mw12,Radiators,0.0
UserA,h07_mw12,Floor heating,0.0
UserA,h07_mw12,Induction stove,0.0
UserA,h07_mw12,Gas stove,0.0
UserA,h07_mw12,Gas National Grid,0.0
UserA,h08_mw12,PV sys,0.0
UserA,h08_mw12,National Grid EE,0.0
UserA,h08_mw12,Storage EE,0.5861750596531107
UserA,h08_mw12,Gas Boiler,0.0
UserA,h08_mw12,HP,0.0
UserA,h08_mw12,AC,0.0
UserA,h08_mw12,Storage HW,0.0
UserA,h08_mw12,Radiators,0.0
UserA,h08_mw12,Floor heating,0.0
UserA,h08_mw12,Induction stove,0.0
UserA,h08_mw12,Gas stove,0.0
UserA,h08_mw12,Gas National Grid,0.0
UserA,h09_mw12,PV sys,0.0
UserA,h09_mw12,National Grid EE,0.0
UserA,h09_mw12,Storage EE,1.208082137476869
UserA,h09_mw12,Gas Boiler,0.0
UserA,h09_mw12,HP,0.0
UserA,h09_mw12,AC,0.0
UserA,h09_mw12,Storage HW,0.0
UserA,h09_mw12,Radiators,0.0
UserA,h09_mw12,Floor heating,0.0
UserA,h09_mw12,Induction stove,0.0
UserA,h09_mw12,Gas stove,0.0
UserA,h09_mw12,Gas National Grid,0.0
UserA,h10_mw12,PV sys,0.0
UserA,h10_mw12,National Grid EE,0.0
UserA,h10_mw12,Storage EE,1.9778166541435365
UserA,h10_mw12,Gas Boiler,0.0
UserA,h10_mw12,HP,0.0
UserA,h10_mw12,AC,0.0
UserA,h10_mw12,Storage HW,0.0
UserA,h10_mw12,Radiators,0.0
UserA,h10_mw12,Floor heating,0.0
UserA,h10_mw12,Induction stove,0.0
UserA,h10_mw12,Gas stove,0.0
UserA,h10_mw12,Gas National Grid,0.0
UserA,h11_mw12,PV sys,0.0
UserA,h11_mw12,National Grid EE,0.0
UserA,h11_mw12,Storage EE,0.47781665414353536
UserA,h11_mw12,Gas Boiler,0.0
UserA,h11_mw12,HP,0.0
UserA,h11_mw12,AC,0.0
UserA,h11_mw12,Storage HW,0.0
UserA,h11_mw12,Radiators,0.0
UserA,h11_mw12,Floor heating,0.0
UserA,h11_mw12,Induction stove,0.0
UserA,h11_mw12,Gas stove,0.0
UserA,h11_mw12,Gas National Grid,0.0
UserA,h12_mw12,PV sys,0.0
UserA,h12_mw12,National Grid EE,0.0
UserA,h12_mw12,Storage EE,1.6155822208102009
UserA,h12_mw12,Gas Boiler,0.0
UserA,h12_mw12,HP,0.0
UserA,h12_mw12,AC,0.0
UserA,h12_mw12,Storage HW,0.0
UserA,h12_mw12,Radiators,0.0
UserA,h12_mw12,Floor heating,0.0
UserA,h12_mw12,Induction stove,0.0
UserA,h12_mw12,Gas stove,0.0
UserA,h12_mw12,Gas National Grid,0.0
UserA,h13_mw12,PV sys,0.0
UserA,h13_mw12,National Grid EE,0.0
UserA,h13_mw12,Storage EE,1.9004227500000013
UserA,h13_mw12,Gas Boiler,0.0
UserA,h13_mw12,HP,0.0
UserA,h13_mw12,AC,0.0
UserA,h13_mw12,Storage HW,0.0
UserA,h13_mw12,Radiators,0.0
UserA,h13_mw12,Floor heating,0.0
UserA,h13_mw12,Induction stove,0.0
UserA,h13_mw12,Gas stove,0.0
UserA,h13_mw12,Gas National Grid,0.0
UserA,h14_mw12,PV sys,0.0
UserA,h14_mw12,National Grid EE,0.0
UserA,h14_mw12,Storage EE,2.8499999999999996
UserA,h14_mw12,Gas Boiler,0.0
UserA,h14_mw12,HP,0.0
UserA,h14_mw12,AC,0.0
UserA,h14_mw12,Storage HW,0.0
UserA,h14_mw12,Radiators,0.0
UserA,h14_mw12,Floor heating,0.0
UserA,h14_mw12,Induction stove,0.0
UserA,h14_mw12,Gas stove,0.0
UserA,h14_mw12,Gas National Grid,0.0
UserA,h15_mw12,PV sys,0.0
UserA,h15_mw12,National Grid EE,0.0
UserA,h15_mw12,Storage EE,2.8499999999999996
UserA,h15_mw12,Gas Boiler,0.0
UserA,h15_mw12,HP,0.0
UserA,h15_mw12,AC,0.0
UserA,h15_mw12,Storage HW,0.0
UserA,h15_mw12,Radiators,0.0
UserA,h15_mw12,Floor heating,0.0
UserA,h15_mw12,Induction stove,0.0
UserA,h15_mw12,Gas stove,0.0
UserA,h15_mw12,Gas National Grid,0.0
UserA,h16_mw12,PV sys,0.0
UserA,h16_mw12,National Grid EE,0.0
UserA,h16_mw12,Storage EE,2.8499999999999996
UserA,h16_mw12,Gas Boiler,0.0
UserA,h16_mw12,HP,0.0
UserA,h16_mw12,AC,0.0
UserA,h16_mw12,Storage HW,0.0
UserA,h16_mw12,Radiators,0.0
UserA,h16_mw12,Floor heating,0.0
UserA,h16_mw12,Induction stove,0.0
UserA,h16_mw12,Gas stove,0.0
UserA,h16_mw12,Gas National Grid,0.0
UserA,h17_mw12,PV sys,0.0
UserA,h17_mw12,National Grid EE,0.0
UserA,h17_mw12,Storage EE,2.7898333166666665
UserA,h17_mw12,Gas Boiler,0.0
UserA,h17_mw12,HP,0.0
UserA,h17_mw12,AC,0.0
UserA,h17_mw12,Storage HW,0.0
UserA,h17_mw12,Radiators,0.0
UserA,h17_mw12,Floor heating,0.0
UserA,h17_mw12,Induction stove,0.0
UserA,h17_mw12,Gas stove,0.0
UserA,h17_mw12,Gas National Grid,0.0
UserA,h18_mw12,PV sys,0.0
UserA,h18_mw12,National Grid EE,0.0
UserA,h18_mw12,Storage EE,2.52316661
UserA,h18_mw12,Gas Boiler,0.0
UserA,h18_mw12,HP,0.0
UserA,h18_mw12,AC,0.0
UserA,h18_mw12,Storage HW,0.0
UserA,h18_mw12,Radiators,0.0
UserA,h18_mw12,Floor heating,0.0
UserA,h18_mw12,Induction stove,0.0
UserA,h18_mw12,Gas stove,0.0
UserA,h18_mw12,Gas National Grid,0.0
UserA,h19_mw12,PV sys,0.0
UserA,h19_mw12,National Grid EE,0.0
UserA,h19_mw12,Storage EE,2.1979150171353865
UserA,h19_mw12,Gas Boiler,0.0
UserA,h19_mw12,HP,0.0
UserA,h19_mw12,AC,0.0
UserA,h19_mw12,Storage HW,0.0
UserA,h19_mw12,Radiators,0.0
UserA,h19_mw12,Floor heating,0.0
UserA,h19_mw12,Induction stove,0.0
UserA,h19_mw12,Gas stove,0.0
UserA,h19_mw12,Gas National Grid,0.0
UserA,h20_mw12,PV sys,0.0
UserA,h20_mw12,National Grid EE,0.0
UserA,h20_mw12,Storage EE,1.9652939893462926
UserA,h20_mw12,Gas Boiler,0.0
UserA,h20_mw12,HP,0.0
UserA,h20_mw12,AC,0.0
UserA,h20_mw12,Storage HW,0.0
UserA,h20_mw12,Radiators,0.0
UserA,h20_mw12,Floor heating,0.0
UserA,h20_mw12,Induction stove,0.0
UserA,h20_mw12,Gas stove,0.0
UserA,h20_mw12,Gas National Grid,0.0
UserA,h21_mw12,PV sys,0.0
UserA,h21_mw12,National Grid EE,0.0
UserA,h21_mw12,Storage EE,1.7528944666666668
UserA,h21_mw12,Gas Boiler,0.0
UserA,h21_mw12,HP,0.0
UserA,h21_mw12,AC,0.0
UserA,h21_mw12,Storage HW,0.0
UserA,h21_mw12,Radiators,0.0
UserA,h21_mw12,Floor heating,0.0
UserA,h21_mw12,Induction stove,0.0
UserA,h21_mw12,Gas stove,0.0
UserA,h21_mw12,Gas National Grid,0.0
UserA,h22_mw12,PV sys,0.0
UserA,h22_mw12,National Grid EE,0.0
UserA,h22_mw12,Storage EE,1.2776970666666665
UserA,h22_mw12,Gas Boiler,0.0
UserA,h22_mw12,HP,0.0
UserA,h22_mw12,AC,0.0
UserA,h22_mw12,Storage HW,0.0
UserA,h22_mw12,Radiators,0.0
UserA,h22_mw12,Floor heating,0.0
UserA,h22_mw12,Induction stove,0.0
UserA,h22_mw12,Gas stove,0.0
UserA,h22_mw12,Gas National Grid,0.0
UserA,h23_mw12,PV sys,0.0
UserA,h23_mw12,National Grid EE,0.0
UserA,h23_mw12,Storage EE,0.6773250666666671
UserA,h23_mw12,Gas Boiler,0.0
UserA,h23_mw12,HP,0.0
UserA,h23_mw12,AC,0.0
UserA,h23_mw12,Storage HW,0.0
UserA,h23_mw12,Radiators,0.0
UserA,h23_mw12,Floor heating,0.0
UserA,h23_mw12,Induction stove,0.0
UserA,h23_mw12,Gas stove,0.0
UserA,h23_mw12,Gas National Grid,0.0
UserA,h24_mw12,PV sys,0.0
UserA,h24_mw12,National Grid EE,0.0
UserA,h24_mw12,Storage EE,0.30000000000000027
UserA,h24_mw12,Gas Boiler,0.0
UserA,h24_mw12,HP,0.0
UserA,h24_mw12,AC,0.0
UserA,h24_mw12,Storage HW,0.0
UserA,h24_mw12,Radiators,0.0
UserA,h24_mw12,Floor heating,0.0
UserA,h24_mw12,Induction stove,0.0
UserA,h24_mw12,Gas stove,0.0
UserA,h24_mw12,Gas National Grid,0.0
UserA,h01_mw13,PV sys,0.0
UserA,h01_mw13,National Grid EE,0.0
UserA,h01_mw13,Storage EE,0.30000000000000027
UserA,h01_mw13,Gas Boiler,0.0
UserA,h01_mw13,HP,0.0
UserA,h01_mw13,AC,0.0
UserA,h01_mw13,Storage HW,0.0
UserA,h01_mw13,Radiators,0.0
UserA,h01_mw13,Floor heating,0.0
UserA,h01_mw13,Induction stove,0.0
UserA,h01_mw13,Gas stove,0.0
UserA,h01_mw13,Gas National Grid,0.0
UserA,h02_mw13,PV sys,0.0
UserA,h02_mw13,National Grid EE,0.0
UserA,h02_mw13,Storage EE,0.30000000000000027
UserA,h02_mw13,Gas Boiler,0.0
UserA,h02_mw13,HP,0.0
UserA,h02_mw13,AC,0.0
UserA,h02_mw13,Storage HW,0.0
UserA,h02_mw13,Radiators,0.0
UserA,h02_mw13,Floor heating,0.0
UserA,h02_mw13,Induction stove,0.0
UserA,h02_mw13,Gas stove,0.0
UserA,h02_mw13,Gas National Grid,0.0
UserA,h03_mw13,PV sys,0.0
UserA,h03_mw13,National Grid EE,0.0
UserA,h03_mw13,Storage EE,0.30000000000000027
UserA,h03_mw13,Gas Boiler,0.0
UserA,h03_mw13,HP,0.0
UserA,h03_mw13,AC,0.0
UserA,h03_mw13,Storage HW,0.0
UserA,h03_mw13,Radiators,0.0
UserA,h03_mw13,Floor heating,0.0
UserA,h03_mw13,Induction stove,0.0
UserA,h03_mw13,Gas stove,0.0
UserA,h03_mw13,Gas National Grid,0.0
UserA,h04_mw13,PV sys,0.0
UserA,h04_mw13,National Grid EE,0.0
UserA,h04_mw13,Storage EE,0.30000000000000027
UserA,h04_mw13,Gas Boiler,0.0
UserA,h04_mw13,HP,0.0
UserA,h04_mw13,AC,0.0
UserA,h04_mw13,Storage HW,0.0
UserA,h04_mw13,Radiators,0.0
UserA,h04_mw13,Floor heating,0.0
UserA,h04_mw13,Induction stove,0.0
UserA,h04_mw13,Gas stove,0.0
UserA,h04_mw13,Gas National Grid,0.0
UserA,h05_mw13,PV sys,0.0
UserA,h05_mw13,National Grid EE,0.0
UserA,h05_mw13,Storage EE,0.30000000000000004
UserA,h05_mw13,Gas Boiler,0.0
UserA,h05_mw13,HP,0.0
UserA,h05_mw13,AC,0.0
UserA,h05_mw13,Storage HW,0.0
UserA,h05_mw13,Radiators,0.0
UserA,h05_mw13,Floor heating,0.0
UserA,h05_mw13,Induction stove,0.0
UserA,h05_mw13,Gas stove,0.0
UserA,h05_mw13,Gas National Grid,0.0
UserA,h06_mw13,PV sys,0.0
UserA,h06_mw13,National Grid EE,0.0
UserA,h06_mw13,Storage EE,0.32074000000000025
UserA,h06_mw13,Gas Boiler,0.0
UserA,h06_mw13,HP,0.0
UserA,h06_mw13,AC,0.0
UserA,h06_mw13,Storage HW,0.0
UserA,h06_mw13,Radiators,0.0
UserA,h06_mw13,Floor heating,0.0
UserA,h06_mw13,Induction stove,0.0
UserA,h06_mw13,Gas stove,0.0
UserA,h06_mw13,Gas National Grid,0.0
UserA,h07_mw13,PV sys,0.0
UserA,h07_mw13,National Grid EE,0.0
UserA,h07_mw13,Storage EE,0.38990000000000036
UserA,h07_mw13,Gas Boiler,0.0
UserA,h07_mw13,HP,0.0
UserA,h07_mw13,AC,0.0
UserA,h07_mw13,Storage HW,0.0
UserA,h07_mw13,Radiators,0.0
UserA,h07_mw13,Floor heating,0.0
UserA,h07_mw13,Induction stove,0.0
UserA,h07_mw13,Gas stove,0.0
UserA,h07_mw13,Gas National Grid,0.0
UserA,h08_mw13,PV sys,0.0
UserA,h08_mw13,National Grid EE,0.0
UserA,h08_mw13,Storage EE,0.5444200000000001
UserA,h08_mw13,Gas Boiler,0.0
UserA,h08_mw13,HP,0.0
UserA,h08_mw13,AC,0.0
UserA,h08_mw13,Storage HW,0.0
UserA,h08_mw13,Radiators,0.0
UserA,h08_mw13,Floor heating,0.0
UserA,h08_mw13,Induction stove,0.0
UserA,h08_mw13,Gas stove,0.0
UserA,h08_mw13,Gas National Grid,0.0
UserA,h09_mw13,PV sys,0.0
UserA,h09_mw13,National Grid EE,0.0
UserA,h09_mw13,Storage EE,0.7656200000000003
UserA,h09_mw13,Gas Boiler,0.0
UserA,h09_mw13,HP,0.0
UserA,h09_mw13,AC,0.0
UserA,h09_mw13,Storage HW,0.0
UserA,h09_mw13,Radiators,0.0
UserA,h09_mw13,Floor heating,0.0
UserA,h09_mw13,Induction stove,0.0
UserA,h09_mw13,Gas stove,0.0
UserA,h09_mw13,Gas National Grid,0.0
UserA,h10_mw13,PV sys,0.0
UserA,h10_mw13,National Grid EE,0.0
UserA,h10_mw13,Storage EE,1.0954000000000002
UserA,h10_mw13,Gas Boiler,0.0
UserA,h10_mw13,HP,0.0
UserA,h10_mw13,AC,0.0
UserA,h10_mw13,Storage HW,0.0
UserA,h10_mw13,Radiators,0.0
UserA,h10_mw13,Floor heating,0.0
UserA,h10_mw13,Induction stove,0.0
UserA,h10_mw13,Gas stove,0.0
UserA,h10_mw13,Gas National Grid,0.0
UserA,h11_mw13,PV sys,0.0
UserA,h11_mw13,National Grid EE,0.0
UserA,h11_mw13,Storage EE,1.3685600000000004
UserA,h11_mw13,Gas Boiler,0.0
UserA,h11_mw13,HP,0.0
UserA,h11_mw13,AC,0.0
UserA,h11_mw13,Storage HW,0.0
UserA,h11_mw13,Radiators,0.0
UserA,h11_mw13,Floor heating,0.0
UserA,h11_mw13,Induction stove,0.0
UserA,h11_mw13,Gas stove,0.0
UserA,h11_mw13,Gas National Grid,0.0
UserA,h12_mw13,PV sys,0.0
UserA,h12_mw13,National Grid EE,0.0
UserA,h12_mw13,Storage EE,1.7352200000000004
UserA,h12_mw13,Gas Boiler,0.0
UserA,h12_mw13,HP,0.0
UserA,h12_mw13,AC,0.0
UserA,h12_mw13,Storage HW,0.0
UserA,h12_mw13,Radiators,0.0
UserA,h12_mw13,Floor heating,0.0
UserA,h12_mw13,Induction stove,0.0
UserA,h12_mw13,Gas stove,0.0
UserA,h12_mw13,Gas National Grid,0.0
UserA,h13_mw13,PV sys,0.0
UserA,h13_mw13,National Grid EE,0.0
UserA,h13_mw13,Storage EE,2.0884000000000005
UserA,h13_mw13,Gas Boiler,0.0
UserA,h13_mw13,HP,0.0
UserA,h13_mw13,AC,0.0
UserA,h13_mw13,Storage HW,0.0
UserA,h13_mw13,Radiators,0.0
UserA,h13_mw13,Floor heating,0.0
UserA,h13_mw13,Induction stove,0.0
UserA,h13_mw13,Gas stove,0.0
UserA,h13_mw13,Gas National Grid,0.0
UserA,h14_mw13,PV sys,0.0
UserA,h14_mw13,National Grid EE,0.0
UserA,h14_mw13,Storage EE,2.5617400000000004
UserA,h14_mw13,Gas Boiler,0.0
UserA,h14_mw13,HP,0.0
UserA,h14_mw13,AC,0.0
UserA,h14_mw13,Storage HW,0.0
UserA,h14_mw13,Radiators,0.0
UserA,h14_mw13,Floor heating,0.0
UserA,h14_mw13,Induction stove,0.0
UserA,h14_mw13,Gas stove,0.0
UserA,h14_mw13,Gas National Grid,0.0
UserA,h15_mw13,PV sys,0.0
UserA,h15_mw13,National Grid EE,0.0
UserA,h15_mw13,Storage EE,2.662598683333334
UserA,h15_mw13,Gas Boiler,0.0
UserA,h15_mw13,HP,0.0
UserA,h15_mw13,AC,0.0
UserA,h15_mw13,Storage HW,0.0
UserA,h15_mw13,Radiators,0.0
UserA,h15_mw13,Floor heating,0.0
UserA,h15_mw13,Induction stove,0.0
UserA,h15_mw13,Gas stove,0.0
UserA,h15_mw13,Gas National Grid,0.0
UserA,h16_mw13,PV sys,0.0
UserA,h16_mw13,National Grid EE,0.0
UserA,h16_mw13,Storage EE,2.782562000000001
UserA,h16_mw13,Gas Boiler,0.0
UserA,h16_mw13,HP,0.0
UserA,h16_mw13,AC,0.0
UserA,h16_mw13,Storage HW,0.0
UserA,h16_mw13,Radiators,0.0
UserA,h16_mw13,Floor heating,0.0
UserA,h16_mw13,Induction stove,0.0
UserA,h16_mw13,Gas stove,0.0
UserA,h16_mw13,Gas National Grid,0.0
UserA,h17_mw13,PV sys,0.0
UserA,h17_mw13,National Grid EE,0.0
UserA,h17_mw13,Storage EE,2.8499999999999996
UserA,h17_mw13,Gas Boiler,0.0
UserA,h17_mw13,HP,0.0
UserA,h17_mw13,AC,0.0
UserA,h17_mw13,Storage HW,0.0
UserA,h17_mw13,Radiators,0.0
UserA,h17_mw13,Floor heating,0.0
UserA,h17_mw13,Induction stove,0.0
UserA,h17_mw13,Gas stove,0.0
UserA,h17_mw13,Gas National Grid,0.0
UserA,h18_mw13,PV sys,0.0
UserA,h18_mw13,National Grid EE,0.0
UserA,h18_mw13,Storage EE,2.8500000000000005
UserA,h18_mw13,Gas Boiler,0.0
UserA,h18_mw13,HP,0.0
UserA,h18_mw13,AC,0.0
UserA,h18_mw13,Storage HW,0.0
UserA,h18_mw13,Radiators,0.0
UserA,h18_mw13,Floor heating,0.0
UserA,h18_mw13,Induction stove,0.0
UserA,h18_mw13,Gas stove,0.0
UserA,h18_mw13,Gas National Grid,0.0
UserA,h19_mw13,PV sys,0.0
UserA,h19_mw13,National Grid EE,0.0
UserA,h19_mw13,Storage EE,2.8500000000000005
UserA,h19_mw13,Gas Boiler,0.0
UserA,h19_mw13,HP,0.0
UserA,h19_mw13,AC,0.0
UserA,h19_mw13,Storage HW,0.0
UserA,h19_mw13,Radiators,0.0
UserA,h19_mw13,Floor heating,0.0
UserA,h19_mw13,Induction stove,0.0
UserA,h19_mw13,Gas stove,0.0
UserA,h19_mw13,Gas National Grid,0.0
UserA,h20_mw13,PV sys,0.0
UserA,h20_mw13,National Grid EE,0.0
UserA,h20_mw13,Storage EE,2.8500000000000005
UserA,h20_mw13,Gas Boiler,0.0
UserA,h20_mw13,HP,0.0
UserA,h20_mw13,AC,0.0
UserA,h20_mw13,Storage HW,0.0
UserA,h20_mw13,Radiators,0.0
UserA,h20_mw13,Floor heating,0.0
UserA,h20_mw13,Induction stove,0.0
UserA,h20_mw13,Gas stove,0.0
UserA,h20_mw13,Gas National Grid,0.0
UserA,h21_mw13,PV sys,0.0
UserA,h21_mw13,National Grid EE,0.0
UserA,h21_mw13,Storage EE,2.8500000000000005
UserA,h21_mw13,Gas Boiler,0.0
UserA,h21_mw13,HP,0.0
UserA,h21_mw13,AC,0.0
UserA,h21_mw13,Storage HW,0.0
UserA,h21_mw13,Radiators,0.0
UserA,h21_mw13,Floor heating,0.0
UserA,h21_mw13,Induction stove,0.0
UserA,h21_mw13,Gas stove,0.0
UserA,h21_mw13,Gas National Grid,0.0
UserA,h22_mw13,PV sys,0.0
UserA,h22_mw13,National Grid EE,0.0
UserA,h22_mw13,Storage EE,2.8499999999999996
UserA,h22_mw13,Gas Boiler,0.0
UserA,h22_mw13,HP,0.0
UserA,h22_mw13,AC,0.0
UserA,h22_mw13,Storage HW,0.0
UserA,h22_mw13,Radiators,0.0
UserA,h22_mw13,Floor heating,0.0
UserA,h22_mw13,Induction stove,0.0
UserA,h22_mw13,Gas stove,0.0
UserA,h22_mw13,Gas National Grid,0.0
UserA,h23_mw13,PV sys,0.0
UserA,h23_mw13,National Grid EE,0.0
UserA,h23_mw13,Storage EE,2.8500000000000005
UserA,h23_mw13,Gas Boiler,0.0
UserA,h23_mw13,HP,0.0
UserA,h23_mw13,AC,0.0
UserA,h23_mw13,Storage HW,0.0
UserA,h23_mw13,Radiators,0.0
UserA,h23_mw13,Floor heating,0.0
UserA,h23_mw13,Induction stove,0.0
UserA,h23_mw13,Gas stove,0.0
UserA,h23_mw13,Gas National Grid,0.0
UserA,h24_mw13,PV sys,0.0
UserA,h24_mw13,National Grid EE,0.0
UserA,h24_mw13,Storage EE,2.8500000000000005
UserA,h24_mw13,Gas Boiler,0.0
UserA,h24_mw13,HP,0.0
UserA,h24_mw13,AC,0.0
UserA,h24_mw13,Storage HW,0.0
UserA,h24_mw13,Radiators,0.0
UserA,h24_mw13,Floor heating,0.0
UserA,h24_mw13,Induction stove,0.0
UserA,h24_mw13,Gas stove,0.0
UserA,h24_mw13,Gas National Grid,0.0
UserA,h01_mw14,PV sys,0.0
UserA,h01_mw14,National Grid EE,0.0
UserA,h01_mw14,Storage EE,1.4865193333333337
UserA,h01_mw14,Gas Boiler,0.0
UserA,h01_mw14,HP,0.0
UserA,h01_mw14,AC,0.0
UserA,h01_mw14,Storage HW,0.0
UserA,h01_mw14,Radiators,0.0
UserA,h01_mw14,Floor heating,0.0
UserA,h01_mw14,Induction stove,0.0
UserA,h01_mw14,Gas stove,0.0
UserA,h01_mw14,Gas National Grid,0.0
UserA,h02_mw14,PV sys,0.0
UserA,h02_mw14,National Grid EE,0.0
UserA,h02_mw14,Storage EE,1.2781678000000003
UserA,h02_mw14,Gas Boiler,0.0
UserA,h02_mw14,HP,0.0
UserA,h02_mw14,AC,0.0
UserA,h02_mw14,Storage HW,0.0
UserA,h02_mw14,Radiators,0.0
UserA,h02_mw14,Floor heating,0.0
UserA,h02_mw14,Induction stove,0.0
UserA,h02_mw14,Gas stove,0.0
UserA,h02_mw14,Gas National Grid,0.0
UserA,h03_mw14,PV sys,0.0
UserA,h03_mw14,National Grid EE,0.0
UserA,h03_mw14,Storage EE,1.0688343000000002
UserA,h03_mw14,Gas Boiler,0.0
UserA,h03_mw14,HP,0.0
UserA,h03_mw14,AC,0.0
UserA,h03_mw14,Storage HW,0.0
UserA,h03_mw14,Radiators,0.0
UserA,h03_mw14,Floor heating,0.0
UserA,h03_mw14,Induction stove,0.0
UserA,h03_mw14,Gas stove,0.0
UserA,h03_mw14,Gas National Grid,0.0
UserA,h04_mw14,PV sys,0.0
UserA,h04_mw14,National Grid EE,0.0
UserA,h04_mw14,Storage EE,0.880167616666667
UserA,h04_mw14,Gas Boiler,0.0
UserA,h04_mw14,HP,0.0
UserA,h04_mw14,AC,0.0
UserA,h04_mw14,Storage HW,0.0
UserA,h04_mw14,Radiators,0.0
UserA,h04_mw14,Floor heating,0.0
UserA,h04_mw14,Induction stove,0.0
UserA,h04_mw14,Gas stove,0.0
UserA,h04_mw14,Gas National Grid,0.0
UserA,h05_mw14,PV sys,0.0
UserA,h05_mw14,National Grid EE,0.0
UserA,h05_mw14,Storage EE,0.6661506333333336
UserA,h05_mw14,Gas Boiler,0.0
UserA,h05_mw14,HP,0.0
UserA,h05_mw14,AC,0.0
UserA,h05_mw14,Storage HW,0.0
UserA,h05_mw14,Radiators,0.0
UserA,h05_mw14,Floor heating,0.0
UserA,h05_mw14,Induction stove,0.0
UserA,h05_mw14,Gas stove,0.0
UserA,h05_mw14,Gas National Grid,0.0
UserA,h06_mw14,PV sys,0.0
UserA,h06_mw14,National Grid EE,0.0
UserA,h06_mw14,Storage EE,0.40728385
UserA,h06_mw14,Gas Boiler,0.0
UserA,h06_mw14,HP,0.0
UserA,h06_mw14,AC,0.0
UserA,h06_mw14,Storage HW,0.0
UserA,h06_mw14,Radiators,0.0
UserA,h06_mw14,Floor heating,0.0
UserA,h06_mw14,Induction stove,0.0
UserA,h06_mw14,Gas stove,0.0
UserA,h06_mw14,Gas National Grid,0.0
UserA,h07_mw14,PV sys,0.0
UserA,h07_mw14,National Grid EE,0.0
UserA,h07_mw14,Storage EE,0.30000000000000004
UserA,h07_mw14,Gas Boiler,0.0
UserA,h07_mw14,HP,0.0
UserA,h07_mw14,AC,0.0
UserA,h07_mw14,Storage HW,0.0
UserA,h07_mw14,Radiators,0.0
UserA,h07_mw14,Floor heating,0.0
UserA,h07_mw14,Induction stove,0.0
UserA,h07_mw14,Gas stove,0.0
UserA,h07_mw14,Gas National Grid,0.0
UserA,h08_mw14,PV sys,0.0
UserA,h08_mw14,National Grid EE,0.0
UserA,h08_mw14,Storage EE,0.30000000000000004
UserA,h08_mw14,Gas Boiler,0.0
UserA,h08_mw14,HP,0.0
UserA,h08_mw14,AC,0.0
UserA,h08_mw14,Storage HW,0.0
UserA,h08_mw14,Radiators,0.0
UserA,h08_mw14,Floor heating,0.0
UserA,h08_mw14,Induction stove,0.0
UserA,h08_mw14,Gas stove,0.0
UserA,h08_mw14,Gas National Grid,0.0
UserA,h09_mw14,PV sys,0.0
UserA,h09_mw14,National Grid EE,0.0
UserA,h09_mw14,Storage EE,1.0291569999999999
UserA,h09_mw14,Gas Boiler,0.0
UserA,h09_mw14,HP,0.0
UserA,h09_mw14,AC,0.0
UserA,h09_mw14,Storage HW,0.0
UserA,h09_mw14,Radiators,0.0
UserA,h09_mw14,Floor heating,0.0
UserA,h09_mw14,Induction stove,0.0
UserA,h09_mw14,Gas stove,0.0
UserA,h09_mw14,Gas National Grid,0.0
UserA,h10_mw14,PV sys,0.0
UserA,h10_mw14,National Grid EE,0.0
UserA,h10_mw14,Storage EE,1.6713078466666662
UserA,h10_mw14,Gas Boiler,0.0
UserA,h10_mw14,HP,0.0
UserA,h10_mw14,AC,0.0
UserA,h10_mw14,Storage HW,0.0
UserA,h10_mw14,Radiators,0.0
UserA,h10_mw14,Floor heating,0.0
UserA,h10_mw14,Induction stove,0.0
UserA,h10_mw14,Gas stove,0.0
UserA,h10_mw14,Gas National Grid,0.0
UserA,h11_mw14,PV sys,0.0
UserA,h11_mw14,National Grid EE,0.0
UserA,h11_mw14,Storage EE,0.30000000000000004
UserA,h11_mw14,Gas Boiler,0.0
UserA,h11_mw14,HP,0.0
UserA,h11_mw14,AC,0.0
UserA,h11_mw14,Storage HW,0.0
UserA,h11_mw14,Radiators,0.0
UserA,h11_mw14,Floor heating,0.0
UserA,h11_mw14,Induction stove,0.0
UserA,h11_mw14,Gas stove,0.0
UserA,h11_mw14,Gas National Grid,0.0
UserA,h12_mw14,PV sys,0.0
UserA,h12_mw14,National Grid EE,0.0
UserA,h12_mw14,Storage EE,1.4218487999999994
UserA,h12_mw14,Gas Boiler,0.0
UserA,h12_mw14,HP,0.0
UserA,h12_mw14,AC,0.0
UserA,h12_mw14,Storage HW,0.0
UserA,h12_mw14,Radiators,0.0
UserA,h12_mw14,Floor heating,0.0
UserA,h12_mw14,Induction stove,0.0
UserA,h12_mw14,Gas stove,0.0
UserA,h12_mw14,Gas National Grid,0.0
UserA,h13_mw14,PV sys,0.0
UserA,h13_mw14,National Grid EE,0.0
UserA,h13_mw14,Storage EE,2.579552599999999
UserA,h13_mw14,Gas Boiler,0.0
UserA,h13_mw14,HP,0.0
UserA,h13_mw14,AC,0.0
UserA,h13_mw14,Storage HW,0.0
UserA,h13_mw14,Radiators,0.0
UserA,h13_mw14,Floor heating,0.0
UserA,h13_mw14,Induction stove,0.0
UserA,h13_mw14,Gas stove,0.0
UserA,h13_mw14,Gas National Grid,0.0
UserA,h14_mw14,PV sys,0.0
UserA,h14_mw14,National Grid EE,0.0
UserA,h14_mw14,Storage EE,2.1290236166666663
UserA,h14_mw14,Gas Boiler,0.0
UserA,h14_mw14,HP,0.0
UserA,h14_mw14,AC,0.0
UserA,h14_mw14,Storage HW,0.0
UserA,h14_mw14,Radiators,0.0
UserA,h14_mw14,Floor heating,0.0
UserA,h14_mw14,Induction stove,0.0
UserA,h14_mw14,Gas stove,0.0
UserA,h14_mw14,Gas National Grid,0.0
UserA,h15_mw14,PV sys,0.0
UserA,h15_mw14,National Grid EE,0.0
UserA,h15_mw14,Storage EE,2.8499999999999996
UserA,h15_mw14,Gas Boiler,0.0
UserA,h15_mw14,HP,0.0
UserA,h15_mw14,AC,0.0
UserA,h15_mw14,Storage HW,0.0
UserA,h15_mw14,Radiators,0.0
UserA,h15_mw14,Floor heating,0.0
UserA,h15_mw14,Induction stove,0.0
UserA,h15_mw14,Gas stove,0.0
UserA,h15_mw14,Gas National Grid,0.0
UserA,h16_mw14,PV sys,0.0
UserA,h16_mw14,National Grid EE,0.0
UserA,h16_mw14,Storage EE,2.8499999999999996
UserA,h16_mw14,Gas Boiler,0.0
UserA,h16_mw14,HP,0.0
UserA,h16_mw14,AC,0.0
UserA,h16_mw14,Storage HW,0.0
UserA,h16_mw14,Radiators,0.0
UserA,h16_mw14,Floor heating,0.0
UserA,h16_mw14,Induction stove,0.0
UserA,h16_mw14,Gas stove,0.0
UserA,h16_mw14,Gas National Grid,0.0
UserA,h17_mw14,PV sys,0.0
UserA,h17_mw14,National Grid EE,0.0
UserA,h17_mw14,Storage EE,2.7962499999999997
UserA,h17_mw14,Gas Boiler,0.0
UserA,h17_mw14,HP,0.0
UserA,h17_mw14,AC,0.0
UserA,h17_mw14,Storage HW,0.0
UserA,h17_mw14,Radiators,0.0
UserA,h17_mw14,Floor heating,0.0
UserA,h17_mw14,Induction stove,0.0
UserA,h17_mw14,Gas stove,0.0
UserA,h17_mw14,Gas National Grid,0.0
UserA,h18_mw14,PV sys,0.0
UserA,h18_mw14,National Grid EE,0.0
UserA,h18_mw14,Storage EE,2.555916526160059
UserA,h18_mw14,Gas Boiler,0.0
UserA,h18_mw14,HP,0.0
UserA,h18_mw14,AC,0.0
UserA,h18_mw14,Storage HW,0.0
UserA,h18_mw14,Radiators,0.0
UserA,h18_mw14,Floor heating,0.0
UserA,h18_mw14,Induction stove,0.0
UserA,h18_mw14,Gas stove,0.0
UserA,h18_mw14,Gas National Grid,0.0
UserA,h19_mw14,PV sys,0.0
UserA,h19_mw14,National Grid EE,0.0
UserA,h19_mw14,Storage EE,2.2891650428267254
UserA,h19_mw14,Gas Boiler,0.0
UserA,h19_mw14,HP,0.0
UserA,h19_mw14,AC,0.0
UserA,h19_mw14,Storage HW,0.0
UserA,h19_mw14,Radiators,0.0
UserA,h19_mw14,Floor heating,0.0
UserA,h19_mw14,Induction stove,0.0
UserA,h19_mw14,Gas stove,0.0
UserA,h19_mw14,Gas National Grid,0.0
UserA,h20_mw14,PV sys,0.0
UserA,h20_mw14,National Grid EE,0.0
UserA,h20_mw14,Storage EE,2.0041871261600583
UserA,h20_mw14,Gas Boiler,0.0
UserA,h20_mw14,HP,0.0
UserA,h20_mw14,AC,0.0
UserA,h20_mw14,Storage HW,0.0
UserA,h20_mw14,Radiators,0.0
UserA,h20_mw14,Floor heating,0.0
UserA,h20_mw14,Induction stove,0.0
UserA,h20_mw14,Gas stove,0.0
UserA,h20_mw14,Gas National Grid,0.0
UserA,h21_mw14,PV sys,0.0
UserA,h21_mw14,National Grid EE,0.0
UserA,h21_mw14,Storage EE,1.6757655994933918
UserA,h21_mw14,Gas Boiler,0.0
UserA,h21_mw14,HP,0.0
UserA,h21_mw14,AC,0.0
UserA,h21_mw14,Storage HW,0.0
UserA,h21_mw14,Radiators,0.0
UserA,h21_mw14,Floor heating,0.0
UserA,h21_mw14,Induction stove,0.0
UserA,h21_mw14,Gas stove,0.0
UserA,h21_mw14,Gas National Grid,0.0
UserA,h22_mw14,PV sys,0.0
UserA,h22_mw14,National Grid EE,0.0
UserA,h22_mw14,Storage EE,0.9207803828267249
UserA,h22_mw14,Gas Boiler,0.0
UserA,h22_mw14,HP,0.0
UserA,h22_mw14,AC,0.0
UserA,h22_mw14,Storage HW,0.0
UserA,h22_mw14,Radiators,0.0
UserA,h22_mw14,Floor heating,0.0
UserA,h22_mw14,Induction stove,0.0
UserA,h22_mw14,Gas stove,0.0
UserA,h22_mw14,Gas National Grid,0.0
UserA,h23_mw14,PV sys,0.0
UserA,h23_mw14,National Grid EE,0.0
UserA,h23_mw14,Storage EE,0.2999999999999998
UserA,h23_mw14,Gas Boiler,0.0
UserA,h23_mw14,HP,0.0
UserA,h23_mw14,AC,0.0
UserA,h23_mw14,Storage HW,0.0
UserA,h23_mw14,Radiators,0.0
UserA,h23_mw14,Floor heating,0.0
UserA,h23_mw14,Induction stove,0.0
UserA,h23_mw14,Gas stove,0.0
UserA,h23_mw14,Gas National Grid,0.0
UserA,h24_mw14,PV sys,0.0
UserA,h24_mw14,National Grid EE,0.0
UserA,h24_mw14,Storage EE,0.30000000000000004
UserA,h24_mw14,Gas Boiler,0.0
UserA,h24_mw14,HP,0.0
UserA,h24_mw14,AC,0.0
UserA,h24_mw14,Storage HW,0.0
UserA,h24_mw14,Radiators,0.0
UserA,h24_mw14,Floor heating,0.0
UserA,h24_mw14,Induction stove,0.0
UserA,h24_mw14,Gas stove,0.0
UserA,h24_mw14,Gas National Grid,0.0
UserA,h01_su01,PV sys,0.0
UserA,h01_su01,National Grid EE,0.0
UserA,h01_su01,Storage EE,0.30000000000000004
UserA,h01_su01,Gas Boiler,0.0
UserA,h01_su01,HP,0.0
UserA,h01_su01,AC,0.0
UserA,h01_su01,Storage HW,0.0
UserA,h01_su01,Radiators,0.0
UserA,h01_su01,Floor heating,0.0
UserA,h01_su01,Induction stove,0.0
UserA,h01_su01,Gas stove,0.0
UserA,h01_su01,Gas National Grid,0.0
UserA,h02_su01,PV sys,0.0
UserA,h02_su01,National Grid EE,0.0
UserA,h02_su01,Storage EE,0.30000000000000004
UserA,h02_su01,Gas Boiler,0.0
UserA,h02_su01,HP,0.0
UserA,h02_su01,AC,0.0
UserA,h02_su01,Storage HW,0.0
UserA,h02_su01,Radiators,0.0
UserA,h02_su01,Floor heating,0.0
UserA,h02_su01,Induction stove,0.0
UserA,h02_su01,Gas stove,0.0
UserA,h02_su01,Gas National Grid,0.0
UserA,h03_su01,PV sys,0.0
UserA,h03_su01,National Grid EE,0.0
UserA,h03_su01,Storage EE,0.30000000000000004
UserA,h03_su01,Gas Boiler,0.0
UserA,h03_su01,HP,0.0
UserA,h03_su01,AC,0.0
UserA,h03_su01,Storage HW,0.0
UserA,h03_su01,Radiators,0.0
UserA,h03_su01,Floor heating,0.0
UserA,h03_su01,Induction stove,0.0
UserA,h03_su01,Gas stove,0.0
UserA,h03_su01,Gas National Grid,0.0
UserA,h04_su01,PV sys,0.0
UserA,h04_su01,National Grid EE,0.0
UserA,h04_su01,Storage EE,0.30000000000000004
UserA,h04_su01,Gas Boiler,0.0
UserA,h04_su01,HP,0.0
UserA,h04_su01,AC,0.0
UserA,h04_su01,Storage HW,0.0
UserA,h04_su01,Radiators,0.0
UserA,h04_su01,Floor heating,0.0
UserA,h04_su01,Induction stove,0.0
UserA,h04_su01,Gas stove,0.0
UserA,h04_su01,Gas National Grid,0.0
UserA,h05_su01,PV sys,0.0
UserA,h05_su01,National Grid EE,0.0
UserA,h05_su01,Storage EE,0.30000000000000004
UserA,h05_su01,Gas Boiler,0.0
UserA,h05_su01,HP,0.0
UserA,h05_su01,AC,0.0
UserA,h05_su01,Storage HW,0.0
UserA,h05_su01,Radiators,0.0
UserA,h05_su01,Floor heating,0.0
UserA,h05_su01,Induction stove,0.0
UserA,h05_su01,Gas stove,0.0
UserA,h05_su01,Gas National Grid,0.0
UserA,h06_su01,PV sys,0.0
UserA,h06_su01,National Grid EE,0.0
UserA,h06_su01,Storage EE,0.30000000000000004
UserA,h06_su01,Gas Boiler,0.0
UserA,h06_su01,HP,0.0
UserA,h06_su01,AC,0.0
UserA,h06_su01,Storage HW,0.0
UserA,h06_su01,Radiators,0.0
UserA,h06_su01,Floor heating,0.0
UserA,h06_su01,Induction stove,0.0
UserA,h06_su01,Gas stove,0.0
UserA,h06_su01,Gas National Grid,0.0
UserA,h07_su01,PV sys,0.0
UserA,h07_su01,National Grid EE,0.0
UserA,h07_su01,Storage EE,0.30000000000000004
UserA,h07_su01,Gas Boiler,0.0
UserA,h07_su01,HP,0.0
UserA,h07_su01,AC,0.0
UserA,h07_su01,Storage HW,0.0
UserA,h07_su01,Radiators,0.0
UserA,h07_su01,Floor heating,0.0
UserA,h07_su01,Induction stove,0.0
UserA,h07_su01,Gas stove,0.0
UserA,h07_su01,Gas National Grid,0.0
UserA,h08_su01,PV sys,0.0
UserA,h08_su01,National Grid EE,0.0
UserA,h08_su01,Storage EE,0.3542183687974062
UserA,h08_su01,Gas Boiler,0.0
UserA,h08_su01,HP,0.0
UserA,h08_su01,AC,0.0
UserA,h08_su01,Storage HW,0.0
UserA,h08_su01,Radiators,0.0
UserA,h08_su01,Floor heating,0.0
UserA,h08_su01,Induction stove,0.0
UserA,h08_su01,Gas stove,0.0
UserA,h08_su01,Gas National Grid,0.0
UserA,h09_su01,PV sys,0.0
UserA,h09_su01,National Grid EE,0.0
UserA,h09_su01,Storage EE,0.8312577152488215
UserA,h09_su01,Gas Boiler,0.0
UserA,h09_su01,HP,0.0
UserA,h09_su01,AC,0.0
UserA,h09_su01,Storage HW,0.0
UserA,h09_su01,Radiators,0.0
UserA,h09_su01,Floor heating,0.0
UserA,h09_su01,Induction stove,0.0
UserA,h09_su01,Gas stove,0.0
UserA,h09_su01,Gas National Grid,0.0
UserA,h10_su01,PV sys,0.0
UserA,h10_su01,National Grid EE,0.0
UserA,h10_su01,Storage EE,1.5895948348522546
UserA,h10_su01,Gas Boiler,0.0
UserA,h10_su01,HP,0.0
UserA,h10_su01,AC,0.0
UserA,h10_su01,Storage HW,0.0
UserA,h10_su01,Radiators,0.0
UserA,h10_su01,Floor heating,0.0
UserA,h10_su01,Induction stove,0.0
UserA,h10_su01,Gas stove,0.0
UserA,h10_su01,Gas National Grid,0.0
UserA,h11_su01,PV sys,0.0
UserA,h11_su01,National Grid EE,0.0
UserA,h11_su01,Storage EE,2.3435434149869705
UserA,h11_su01,Gas Boiler,0.0
UserA,h11_su01,HP,0.0
UserA,h11_su01,AC,0.0
UserA,h11_su01,Storage HW,0.0
UserA,h11_su01,Radiators,0.0
UserA,h11_su01,Floor heating,0.0
UserA,h11_su01,Induction stove,0.0
UserA,h11_su01,Gas stove,0.0
UserA,h11_su01,Gas National Grid,0.0
UserA,h12_su01,PV sys,0.0
UserA,h12_su01,National Grid EE,0.0
UserA,h12_su01,Storage EE,2.8499999999999996
UserA,h12_su01,Gas Boiler,0.0
UserA,h12_su01,HP,0.0
UserA,h12_su01,AC,0.0
UserA,h12_su01,Storage HW,0.0
UserA,h12_su01,Radiators,0.0
UserA,h12_su01,Floor heating,0.0
UserA,h12_su01,Induction stove,0.0
UserA,h12_su01,Gas stove,0.0
UserA,h12_su01,Gas National Grid,0.0
UserA,h13_su01,PV sys,0.0
UserA,h13_su01,National Grid EE,0.0
UserA,h13_su01,Storage EE,2.8499999999999996
UserA,h13_su01,Gas Boiler,0.0
UserA,h13_su01,HP,0.0
UserA,h13_su01,AC,0.0
UserA,h13_su01,Storage HW,0.0
UserA,h13_su01,Radiators,0.0
UserA,h13_su01,Floor heating,0.0
UserA,h13_su01,Induction stove,0.0
UserA,h13_su01,Gas stove,0.0
UserA,h13_su01,Gas National Grid,0.0
UserA,h14_su01,PV sys,0.0
UserA,h14_su01,National Grid EE,0.0
UserA,h14_su01,Storage EE,2.3346644829908345
UserA,h14_su01,Gas Boiler,0.0
UserA,h14_su01,HP,0.0
UserA,h14_su01,AC,0.0
UserA,h14_su01,Storage HW,0.0
UserA,h14_su01,Radiators,0.0
UserA,h14_su01,Floor heating,0.0
UserA,h14_su01,Induction stove,0.0
UserA,h14_su01,Gas stove,0.0
UserA,h14_su01,Gas National Grid,0.0
UserA,h15_su01,PV sys,0.0
UserA,h15_su01,National Grid EE,0.0
UserA,h15_su01,Storage EE,2.764031265981668
UserA,h15_su01,Gas Boiler,0.0
UserA,h15_su01,HP,0.0
UserA,h15_su01,AC,0.0
UserA,h15_su01,Storage HW,0.0
UserA,h15_su01,Radiators,0.0
UserA,h15_su01,Floor heating,0.0
UserA,h15_su01,Induction stove,0.0
UserA,h15_su01,Gas stove,0.0
UserA,h15_su01,Gas National Grid,0.0
UserA,h16_su01,PV sys,0.0
UserA,h16_su01,National Grid EE,0.0
UserA,h16_su01,Storage EE,2.7436682794497176
UserA,h16_su01,Gas Boiler,0.0
UserA,h16_su01,HP,0.0
UserA,h16_su01,AC,0.0
UserA,h16_su01,Storage HW,0.0
UserA,h16_su01,Radiators,0.0
UserA,h16_su01,Floor heating,0.0
UserA,h16_su01,Induction stove,0.0
UserA,h16_su01,Gas stove,0.0
UserA,h16_su01,Gas National Grid,0.0
UserA,h17_su01,PV sys,0.0
UserA,h17_su01,National Grid EE,0.0
UserA,h17_su01,Storage EE,2.553080573131988
UserA,h17_su01,Gas Boiler,0.0
UserA,h17_su01,HP,0.0
UserA,h17_su01,AC,0.0
UserA,h17_su01,Storage HW,0.0
UserA,h17_su01,Radiators,0.0
UserA,h17_su01,Floor heating,0.0
UserA,h17_su01,Induction stove,0.0
UserA,h17_su01,Gas stove,0.0
UserA,h17_su01,Gas National Grid,0.0
UserA,h18_su01,PV sys,0.0
UserA,h18_su01,National Grid EE,0.0
UserA,h18_su01,Storage EE,2.3046874426461423
UserA,h18_su01,Gas Boiler,0.0
UserA,h18_su01,HP,0.0
UserA,h18_su01,AC,0.0
UserA,h18_su01,Storage HW,0.0
UserA,h18_su01,Radiators,0.0
UserA,h18_su01,Floor heating,0.0
UserA,h18_su01,Induction stove,0.0
UserA,h18_su01,Gas stove,0.0
UserA,h18_su01,Gas National Grid,0.0
UserA,h19_su01,PV sys,0.0
UserA,h19_su01,National Grid EE,0.0
UserA,h19_su01,Storage EE,2.006065960820694
UserA,h19_su01,Gas Boiler,0.0
UserA,h19_su01,HP,0.0
UserA,h19_su01,AC,0.0
UserA,h19_su01,Storage HW,0.0
UserA,h19_su01,Radiators,0.0
UserA,h19_su01,Floor heating,0.0
UserA,h19_su01,Induction stove,0.0
UserA,h19_su01,Gas stove,0.0
UserA,h19_su01,Gas National Grid,0.0
UserA,h20_su01,PV sys,0.0
UserA,h20_su01,National Grid EE,0.0
UserA,h20_su01,Storage EE,1.6951341704678926
UserA,h20_su01,Gas Boiler,0.0
UserA,h20_su01,HP,0.0
UserA,h20_su01,AC,0.0
UserA,h20_su01,Storage HW,0.0
UserA,h20_su01,Radiators,0.0
UserA,h20_su01,Floor heating,0.0
UserA,h20_su01,Induction stove,0.0
UserA,h20_su01,Gas stove,0.0
UserA,h20_su01,Gas National Grid,0.0
UserA,h21_su01,PV sys,0.0
UserA,h21_su01,National Grid EE,0.0
UserA,h21_su01,Storage EE,1.462134407735328
UserA,h21_su01,Gas Boiler,0.0
UserA,h21_su01,HP,0.0
UserA,h21_su01,AC,0.0
UserA,h21_su01,Storage HW,0.0
UserA,h21_su01,Radiators,0.0
UserA,h21_su01,Floor heating,0.0
UserA,h21_su01,Induction stove,0.0
UserA,h21_su01,Gas stove,0.0
UserA,h21_su01,Gas National Grid,0.0
UserA,h22_su01,PV sys,0.0
UserA,h22_su01,National Grid EE,0.0
UserA,h22_su01,Storage EE,1.294996901007996
UserA,h22_su01,Gas Boiler,0.0
UserA,h22_su01,HP,0.0
UserA,h22_su01,AC,0.0
UserA,h22_su01,Storage HW,0.0
UserA,h22_su01,Radiators,0.0
UserA,h22_su01,Floor heating,0.0
UserA,h22_su01,Induction stove,0.0
UserA,h22_su01,Gas stove,0.0
UserA,h22_su01,Gas National Grid,0.0
UserA,h23_su01,PV sys,0.0
UserA,h23_su01,National Grid EE,0.0
UserA,h23_su01,Storage EE,1.294996901007996
UserA,h23_su01,Gas Boiler,0.0
UserA,h23_su01,HP,0.0
UserA,h23_su01,AC,0.0
UserA,h23_su01,Storage HW,0.0
UserA,h23_su01,Radiators,0.0
UserA,h23_su01,Floor heating,0.0
UserA,h23_su01,Induction stove,0.0
UserA,h23_su01,Gas stove,0.0
UserA,h23_su01,Gas National Grid,0.0
UserA,h24_su01,PV sys,0.0
UserA,h24_su01,National Grid EE,0.0
UserA,h24_su01,Storage EE,1.294996901007996
UserA,h24_su01,Gas Boiler,0.0
UserA,h24_su01,HP,0.0
UserA,h24_su01,AC,0.0
UserA,h24_su01,Storage HW,0.0
UserA,h24_su01,Radiators,0.0
UserA,h24_su01,Floor heating,0.0
UserA,h24_su01,Induction stove,0.0
UserA,h24_su01,Gas stove,0.0
UserA,h24_su01,Gas National Grid,0.0
UserA,h01_su02,PV sys,0.0
UserA,h01_su02,National Grid EE,0.0
UserA,h01_su02,Storage EE,1.1168963329485684
UserA,h01_su02,Gas Boiler,0.0
UserA,h01_su02,HP,0.0
UserA,h01_su02,AC,0.0
UserA,h01_su02,Storage HW,0.0
UserA,h01_su02,Radiators,0.0
UserA,h01_su02,Floor heating,0.0
UserA,h01_su02,Induction stove,0.0
UserA,h01_su02,Gas stove,0.0
UserA,h01_su02,Gas National Grid,0.0
UserA,h02_su02,PV sys,0.0
UserA,h02_su02,National Grid EE,0.0
UserA,h02_su02,Storage EE,1.0100811901462836
UserA,h02_su02,Gas Boiler,0.0
UserA,h02_su02,HP,0.0
UserA,h02_su02,AC,0.0
UserA,h02_su02,Storage HW,0.0
UserA,h02_su02,Radiators,0.0
UserA,h02_su02,Floor heating,0.0
UserA,h02_su02,Induction stove,0.0
UserA,h02_su02,Gas stove,0.0
UserA,h02_su02,Gas National Grid,0.0
UserA,h03_su02,PV sys,0.0
UserA,h03_su02,National Grid EE,0.0
UserA,h03_su02,Storage EE,0.8787518205859031
UserA,h03_su02,Gas Boiler,0.0
UserA,h03_su02,HP,0.0
UserA,h03_su02,AC,0.0
UserA,h03_su02,Storage HW,0.0
UserA,h03_su02,Radiators,0.0
UserA,h03_su02,Floor heating,0.0
UserA,h03_su02,Induction stove,0.0
UserA,h03_su02,Gas stove,0.0
UserA,h03_su02,Gas National Grid,0.0
UserA,h04_su02,PV sys,0.0
UserA,h04_su02,National Grid EE,0.0
UserA,h04_su02,Storage EE,0.6282559510255227
UserA,h04_su02,Gas Boiler,0.0
UserA,h04_su02,HP,0.0
UserA,h04_su02,AC,0.0
UserA,h04_su02,Storage HW,0.0
UserA,h04_su02,Radiators,0.0
UserA,h04_su02,Floor heating,0.0
UserA,h04_su02,Induction stove,0.0
UserA,h04_su02,Gas stove,0.0
UserA,h04_su02,Gas National Grid,0.0
UserA,h05_su02,PV sys,0.0
UserA,h05_su02,National Grid EE,0.0
UserA,h05_su02,Storage EE,0.41402460051276146
UserA,h05_su02,Gas Boiler,0.0
UserA,h05_su02,HP,0.0
UserA,h05_su02,AC,0.0
UserA,h05_su02,Storage HW,0.0
UserA,h05_su02,Radiators,0.0
UserA,h05_su02,Floor heating,0.0
UserA,h05_su02,Induction stove,0.0
UserA,h05_su02,Gas stove,0.0
UserA,h05_su02,Gas National Grid,0.0
UserA,h06_su02,PV sys,0.0
UserA,h06_su02,National Grid EE,0.0
UserA,h06_su02,Storage EE,0.30000000000000004
UserA,h06_su02,Gas Boiler,0.0
UserA,h06_su02,HP,0.0
UserA,h06_su02,AC,0.0
UserA,h06_su02,Storage HW,0.0
UserA,h06_su02,Radiators,0.0
UserA,h06_su02,Floor heating,0.0
UserA,h06_su02,Induction stove,0.0
UserA,h06_su02,Gas stove,0.0
UserA,h06_su02,Gas National Grid,0.0
UserA,h07_su02,PV sys,0.0
UserA,h07_su02,National Grid EE,0.0
UserA,h07_su02,Storage EE,0.3256979651204571
UserA,h07_su02,Gas Boiler,0.0
UserA,h07_su02,HP,0.0
UserA,h07_su02,AC,0.0
UserA,h07_su02,Storage HW,0.0
UserA,h07_su02,Radiators,0.0
UserA,h07_su02,Floor heating,0.0
UserA,h07_su02,Induction stove,0.0
UserA,h07_su02,Gas stove,0.0
UserA,h07_su02,Gas National Grid,0.0
UserA,h08_su02,PV sys,0.0
UserA,h08_su02,National Grid EE,0.0
UserA,h08_su02,Storage EE,0.5270399672511966
UserA,h08_su02,Gas Boiler,0.0
UserA,h08_su02,HP,0.0
UserA,h08_su02,AC,0.0
UserA,h08_su02,Storage HW,0.0
UserA,h08_su02,Radiators,0.0
UserA,h08_su02,Floor heating,0.0
UserA,h08_su02,Induction stove,0.0
UserA,h08_su02,Gas stove,0.0
UserA,h08_su02,Gas National Grid,0.0
UserA,h09_su02,PV sys,0.0
UserA,h09_su02,National Grid EE,0.0
UserA,h09_su02,Storage EE,0.7447654803692785
UserA,h09_su02,Gas Boiler,0.0
UserA,h09_su02,HP,0.0
UserA,h09_su02,AC,0.0
UserA,h09_su02,Storage HW,0.0
UserA,h09_su02,Radiators,0.0
UserA,h09_su02,Floor heating,0.0
UserA,h09_su02,Induction stove,0.0
UserA,h09_su02,Gas stove,0.0
UserA,h09_su02,Gas National Grid,0.0
UserA,h10_su02,PV sys,0.0
UserA,h10_su02,National Grid EE,0.0
UserA,h10_su02,Storage EE,1.3635952976380856
UserA,h10_su02,Gas Boiler,0.0
UserA,h10_su02,HP,0.0
UserA,h10_su02,AC,0.0
UserA,h10_su02,Storage HW,0.0
UserA,h10_su02,Radiators,0.0
UserA,h10_su02,Floor heating,0.0
UserA,h10_su02,Induction stove,0.0
UserA,h10_su02,Gas stove,0.0
UserA,h10_su02,Gas National Grid,0.0
UserA,h11_su02,PV sys,0.0
UserA,h11_su02,National Grid EE,0.0
UserA,h11_su02,Storage EE,1.8425271944394686
UserA,h11_su02,Gas Boiler,0.0
UserA,h11_su02,HP,0.0
UserA,h11_su02,AC,0.0
UserA,h11_su02,Storage HW,0.0
UserA,h11_su02,Radiators,0.0
UserA,h11_su02,Floor heating,0.0
UserA,h11_su02,Induction stove,0.0
UserA,h11_su02,Gas stove,0.0
UserA,h11_su02,Gas National Grid,0.0
UserA,h12_su02,PV sys,0.0
UserA,h12_su02,National Grid EE,0.0
UserA,h12_su02,Storage EE,2.4256090245741846
UserA,h12_su02,Gas Boiler,0.0
UserA,h12_su02,HP,0.0
UserA,h12_su02,AC,0.0
UserA,h12_su02,Storage HW,0.0
UserA,h12_su02,Radiators,0.0
UserA,h12_su02,Floor heating,0.0
UserA,h12_su02,Induction stove,0.0
UserA,h12_su02,Gas stove,0.0
UserA,h12_su02,Gas National Grid,0.0
UserA,h13_su02,PV sys,0.0
UserA,h13_su02,National Grid EE,0.0
UserA,h13_su02,Storage EE,2.8499999999999996
UserA,h13_su02,Gas Boiler,0.0
UserA,h13_su02,HP,0.0
UserA,h13_su02,AC,0.0
UserA,h13_su02,Storage HW,0.0
UserA,h13_su02,Radiators,0.0
UserA,h13_su02,Floor heating,0.0
UserA,h13_su02,Induction stove,0.0
UserA,h13_su02,Gas stove,0.0
UserA,h13_su02,Gas National Grid,0.0
UserA,h14_su02,PV sys,0.0
UserA,h14_su02,National Grid EE,0.0
UserA,h14_su02,Storage EE,2.4859543931921793
UserA,h14_su02,Gas Boiler,0.0
UserA,h14_su02,HP,0.0
UserA,h14_su02,AC,0.0
UserA,h14_su02,Storage HW,0.0
UserA,h14_su02,Radiators,0.0
UserA,h14_su02,Floor heating,0.0
UserA,h14_su02,Induction stove,0.0
UserA,h14_su02,Gas stove,0.0
UserA,h14_su02,Gas National Grid,0.0
UserA,h15_su02,PV sys,0.0
UserA,h15_su02,National Grid EE,0.0
UserA,h15_su02,Storage EE,2.7116973761830128
UserA,h15_su02,Gas Boiler,0.0
UserA,h15_su02,HP,0.0
UserA,h15_su02,AC,0.0
UserA,h15_su02,Storage HW,0.0
UserA,h15_su02,Radiators,0.0
UserA,h15_su02,Floor heating,0.0
UserA,h15_su02,Induction stove,0.0
UserA,h15_su02,Gas stove,0.0
UserA,h15_su02,Gas National Grid,0.0
UserA,h16_su02,PV sys,0.0
UserA,h16_su02,National Grid EE,0.0
UserA,h16_su02,Storage EE,2.8022243896510624
UserA,h16_su02,Gas Boiler,0.0
UserA,h16_su02,HP,0.0
UserA,h16_su02,AC,0.0
UserA,h16_su02,Storage HW,0.0
UserA,h16_su02,Radiators,0.0
UserA,h16_su02,Floor heating,0.0
UserA,h16_su02,Induction stove,0.0
UserA,h16_su02,Gas stove,0.0
UserA,h16_su02,Gas National Grid,0.0
UserA,h17_su02,PV sys,0.0
UserA,h17_su02,National Grid EE,0.0
UserA,h17_su02,Storage EE,2.8499999999999996
UserA,h17_su02,Gas Boiler,0.0
UserA,h17_su02,HP,0.0
UserA,h17_su02,AC,0.0
UserA,h17_su02,Storage HW,0.0
UserA,h17_su02,Radiators,0.0
UserA,h17_su02,Floor heating,0.0
UserA,h17_su02,Induction stove,0.0
UserA,h17_su02,Gas stove,0.0
UserA,h17_su02,Gas National Grid,0.0
UserA,h18_su02,PV sys,0.0
UserA,h18_su02,National Grid EE,0.0
UserA,h18_su02,Storage EE,2.8499999999999996
UserA,h18_su02,Gas Boiler,0.0
UserA,h18_su02,HP,0.0
UserA,h18_su02,AC,0.0
UserA,h18_su02,Storage HW,0.0
UserA,h18_su02,Radiators,0.0
UserA,h18_su02,Floor heating,0.0
UserA,h18_su02,Induction stove,0.0
UserA,h18_su02,Gas stove,0.0
UserA,h18_su02,Gas National Grid,0.0
UserA,h19_su02,PV sys,0.0
UserA,h19_su02,National Grid EE,0.0
UserA,h19_su02,Storage EE,2.8499999999999996
UserA,h19_su02,Gas Boiler,0.0
UserA,h19_su02,HP,0.0
UserA,h19_su02,AC,0.0
UserA,h19_su02,Storage HW,0.0
UserA,h19_su02,Radiators,0.0
UserA,h19_su02,Floor heating,0.0
UserA,h19_su02,Induction stove,0.0
UserA,h19_su02,Gas stove,0.0
UserA,h19_su02,Gas National Grid,0.0
UserA,h20_su02,PV sys,0.0
UserA,h20_su02,National Grid EE,0.0
UserA,h20_su02,Storage EE,2.8499999999999996
UserA,h20_su02,Gas Boiler,0.0
UserA,h20_su02,HP,0.0
UserA,h20_su02,AC,0.0
UserA,h20_su02,Storage HW,0.0
UserA,h20_su02,Radiators,0.0
UserA,h20_su02,Floor heating,0.0
UserA,h20_su02,Induction stove,0.0
UserA,h20_su02,Gas stove,0.0
UserA,h20_su02,Gas National Grid,0.0
UserA,h21_su02,PV sys,0.0
UserA,h21_su02,National Grid EE,0.0
UserA,h21_su02,Storage EE,2.8499999999999996
UserA,h21_su02,Gas Boiler,0.0
UserA,h21_su02,HP,0.0
UserA,h21_su02,AC,0.0
UserA,h21_su02,Storage HW,0.0
UserA,h21_su02,Radiators,0.0
UserA,h21_su02,Floor heating,0.0
UserA,h21_su02,Induction stove,0.0
UserA,h21_su02,Gas stove,0.0
UserA,h21_su02,Gas National Grid,0.0
UserA,h22_su02,PV sys,0.0
UserA,h22_su02,National Grid EE,0.0
UserA,h22_su02,Storage EE,2.8499999999999996
UserA,h22_su02,Gas Boiler,0.0
UserA,h22_su02,HP,0.0
UserA,h22_su02,AC,0.0
UserA,h22_su02,Storage HW,0.0
UserA,h22_su02,Radiators,0.0
UserA,h22_su02,Floor heating,0.0
UserA,h22_su02,Induction stove,0.0
UserA,h22_su02,Gas stove,0.0
UserA,h22_su02,Gas National Grid,0.0
UserA,h23_su02,PV sys,0.0
UserA,h23_su02,National Grid EE,0.0
UserA,h23_su02,Storage EE,2.8499999999999996
UserA,h23_su02,Gas Boiler,0.0
UserA,h23_su02,HP,0.0
UserA,h23_su02,AC,0.0
UserA,h23_su02,Storage HW,0.0
UserA,h23_su02,Radiators,0.0
UserA,h23_su02,Floor heating,0.0
UserA,h23_su02,Induction stove,0.0
UserA,h23_su02,Gas stove,0.0
UserA,h23_su02,Gas National Grid,0.0
UserA,h24_su02,PV sys,0.0
UserA,h24_su02,National Grid EE,0.0
UserA,h24_su02,Storage EE,2.8499999999999996
UserA,h24_su02,Gas Boiler,0.0
UserA,h24_su02,HP,0.0
UserA,h24_su02,AC,0.0
UserA,h24_su02,Storage HW,0.0
UserA,h24_su02,Radiators,0.0
UserA,h24_su02,Floor heating,0.0
UserA,h24_su02,Induction stove,0.0
UserA,h24_su02,Gas stove,0.0
UserA,h24_su02,Gas National Grid,0.0
UserA,h01_su03,PV sys,0.0
UserA,h01_su03,National Grid EE,0.0
UserA,h01_su03,Storage EE,2.637816181940572
UserA,h01_su03,Gas Boiler,0.0
UserA,h01_su03,HP,0.0
UserA,h01_su03,AC,0.0
UserA,h01_su03,Storage HW,0.0
UserA,h01_su03,Radiators,0.0
UserA,h01_su03,Floor heating,0.0
UserA,h01_su03,Induction stove,0.0
UserA,h01_su03,Gas stove,0.0
UserA,h01_su03,Gas National Grid,0.0
UserA,h02_su03,PV sys,0.0
UserA,h02_su03,National Grid EE,0.0
UserA,h02_su03,Storage EE,2.4254010224716205
UserA,h02_su03,Gas Boiler,0.0
UserA,h02_su03,HP,0.0
UserA,h02_su03,AC,0.0
UserA,h02_su03,Storage HW,0.0
UserA,h02_su03,Radiators,0.0
UserA,h02_su03,Floor heating,0.0
UserA,h02_su03,Induction stove,0.0
UserA,h02_su03,Gas stove,0.0
UserA,h02_su03,Gas National Grid,0.0
UserA,h03_su03,PV sys,0.0
UserA,h03_su03,National Grid EE,0.0
UserA,h03_su03,Storage EE,2.1364553195779066
UserA,h03_su03,Gas Boiler,0.0
UserA,h03_su03,HP,0.0
UserA,h03_su03,AC,0.0
UserA,h03_su03,Storage HW,0.0
UserA,h03_su03,Radiators,0.0
UserA,h03_su03,Floor heating,0.0
UserA,h03_su03,Induction stove,0.0
UserA,h03_su03,Gas stove,0.0
UserA,h03_su03,Gas National Grid,0.0
UserA,h04_su03,PV sys,0.0
UserA,h04_su03,National Grid EE,0.0
UserA,h04_su03,Storage EE,1.8441429666841929
UserA,h04_su03,Gas Boiler,0.0
UserA,h04_su03,HP,0.0
UserA,h04_su03,AC,0.0
UserA,h04_su03,Storage HW,0.0
UserA,h04_su03,Radiators,0.0
UserA,h04_su03,Floor heating,0.0
UserA,h04_su03,Induction stove,0.0
UserA,h04_su03,Gas stove,0.0
UserA,h04_su03,Gas National Grid,0.0
UserA,h05_su03,PV sys,0.0
UserA,h05_su03,National Grid EE,0.0
UserA,h05_su03,Storage EE,0.6570368332257648
UserA,h05_su03,Gas Boiler,0.0
UserA,h05_su03,HP,0.0
UserA,h05_su03,AC,0.0
UserA,h05_su03,Storage HW,0.0
UserA,h05_su03,Radiators,0.0
UserA,h05_su03,Floor heating,0.0
UserA,h05_su03,Induction stove,0.0
UserA,h05_su03,Gas stove,0.0
UserA,h05_su03,Gas National Grid,0.0
UserA,h06_su03,PV sys,0.0
UserA,h06_su03,National Grid EE,0.0
UserA,h06_su03,Storage EE,0.45863559937967024
UserA,h06_su03,Gas Boiler,0.0
UserA,h06_su03,HP,0.0
UserA,h06_su03,AC,0.0
UserA,h06_su03,Storage HW,0.0
UserA,h06_su03,Radiators,0.0
UserA,h06_su03,Floor heating,0.0
UserA,h06_su03,Induction stove,0.0
UserA,h06_su03,Gas stove,0.0
UserA,h06_su03,Gas National Grid,0.0
UserA,h07_su03,PV sys,0.0
UserA,h07_su03,National Grid EE,0.0
UserA,h07_su03,Storage EE,0.42805340734765474
UserA,h07_su03,Gas Boiler,0.0
UserA,h07_su03,HP,0.0
UserA,h07_su03,AC,0.0
UserA,h07_su03,Storage HW,0.0
UserA,h07_su03,Radiators,0.0
UserA,h07_su03,Floor heating,0.0
UserA,h07_su03,Induction stove,0.0
UserA,h07_su03,Gas stove,0.0
UserA,h07_su03,Gas National Grid,0.0
UserA,h08_su03,PV sys,0.0
UserA,h08_su03,National Grid EE,0.0
UserA,h08_su03,Storage EE,0.6141789761450609
UserA,h08_su03,Gas Boiler,0.0
UserA,h08_su03,HP,0.0
UserA,h08_su03,AC,0.0
UserA,h08_su03,Storage HW,0.0
UserA,h08_su03,Radiators,0.0
UserA,h08_su03,Floor heating,0.0
UserA,h08_su03,Induction stove,0.0
UserA,h08_su03,Gas stove,0.0
UserA,h08_su03,Gas National Grid,0.0
UserA,h09_su03,PV sys,0.0
UserA,h09_su03,National Grid EE,0.0
UserA,h09_su03,Storage EE,0.9793213059298094
UserA,h09_su03,Gas Boiler,0.0
UserA,h09_su03,HP,0.0
UserA,h09_su03,AC,0.0
UserA,h09_su03,Storage HW,0.0
UserA,h09_su03,Radiators,0.0
UserA,h09_su03,Floor heating,0.0
UserA,h09_su03,Induction stove,0.0
UserA,h09_su03,Gas stove,0.0
UserA,h09_su03,Gas National Grid,0.0
UserA,h10_su03,PV sys,0.0
UserA,h10_su03,National Grid EE,0.0
UserA,h10_su03,Storage EE,1.8326812031986168
UserA,h10_su03,Gas Boiler,0.0
UserA,h10_su03,HP,0.0
UserA,h10_su03,AC,0.0
UserA,h10_su03,Storage HW,0.0
UserA,h10_su03,Radiators,0.0
UserA,h10_su03,Floor heating,0.0
UserA,h10_su03,Induction stove,0.0
UserA,h10_su03,Gas stove,0.0
UserA,h10_su03,Gas National Grid,0.0
UserA,h11_su03,PV sys,0.0
UserA,h11_su03,National Grid EE,0.0
UserA,h11_su03,Storage EE,2.8499999999999996
UserA,h11_su03,Gas Boiler,0.0
UserA,h11_su03,HP,0.0
UserA,h11_su03,AC,0.0
UserA,h11_su03,Storage HW,0.0
UserA,h11_su03,Radiators,0.0
UserA,h11_su03,Floor heating,0.0
UserA,h11_su03,Induction stove,0.0
UserA,h11_su03,Gas stove,0.0
UserA,h11_su03,Gas National Grid,0.0
UserA,h12_su03,PV sys,0.0
UserA,h12_su03,National Grid EE,0.0
UserA,h12_su03,Storage EE,2.8499999999999996
UserA,h12_su03,Gas Boiler,0.0
UserA,h12_su03,HP,0.0
UserA,h12_su03,AC,0.0
UserA,h12_su03,Storage HW,0.0
UserA,h12_su03,Radiators,0.0
UserA,h12_su03,Floor heating,0.0
UserA,h12_su03,Induction stove,0.0
UserA,h12_su03,Gas stove,0.0
UserA,h12_su03,Gas National Grid,0.0
UserA,h13_su03,PV sys,0.0
UserA,h13_su03,National Grid EE,0.0
UserA,h13_su03,Storage EE,1.8609955003425025
UserA,h13_su03,Gas Boiler,0.0
UserA,h13_su03,HP,0.0
UserA,h13_su03,AC,0.0
UserA,h13_su03,Storage HW,0.0
UserA,h13_su03,Radiators,0.0
UserA,h13_su03,Floor heating,0.0
UserA,h13_su03,Induction stove,0.0
UserA,h13_su03,Gas stove,0.0
UserA,h13_su03,Gas National Grid,0.0
UserA,h14_su03,PV sys,0.0
UserA,h14_su03,National Grid EE,0.0
UserA,h14_su03,Storage EE,2.8499999999999996
UserA,h14_su03,Gas Boiler,0.0
UserA,h14_su03,HP,0.0
UserA,h14_su03,AC,0.0
UserA,h14_su03,Storage HW,0.0
UserA,h14_su03,Radiators,0.0
UserA,h14_su03,Floor heating,0.0
UserA,h14_su03,Induction stove,0.0
UserA,h14_su03,Gas stove,0.0
UserA,h14_su03,Gas National Grid,0.0
UserA,h15_su03,PV sys,0.0
UserA,h15_su03,National Grid EE,0.0
UserA,h15_su03,Storage EE,1.4770378371653516
UserA,h15_su03,Gas Boiler,0.0
UserA,h15_su03,HP,0.0
UserA,h15_su03,AC,0.0
UserA,h15_su03,Storage HW,0.0
UserA,h15_su03,Radiators,0.0
UserA,h15_su03,Floor heating,0.0
UserA,h15_su03,Induction stove,0.0
UserA,h15_su03,Gas stove,0.0
UserA,h15_su03,Gas National Grid,0.0
UserA,h16_su03,PV sys,0.0
UserA,h16_su03,National Grid EE,0.0
UserA,h16_su03,Storage EE,2.033991533966735
UserA,h16_su03,Gas Boiler,0.0
UserA,h16_su03,HP,0.0
UserA,h16_su03,AC,0.0
UserA,h16_su03,Storage HW,0.0
UserA,h16_su03,Radiators,0.0
UserA,h16_su03,Floor heating,0.0
UserA,h16_su03,Induction stove,0.0
UserA,h16_su03,Gas stove,0.0
UserA,h16_su03,Gas National Grid,0.0
UserA,h17_su03,PV sys,0.0
UserA,h17_su03,National Grid EE,0.0
UserA,h17_su03,Storage EE,2.246553827649005
UserA,h17_su03,Gas Boiler,0.0
UserA,h17_su03,HP,0.0
UserA,h17_su03,AC,0.0
UserA,h17_su03,Storage HW,0.0
UserA,h17_su03,Radiators,0.0
UserA,h17_su03,Floor heating,0.0
UserA,h17_su03,Induction stove,0.0
UserA,h17_su03,Gas stove,0.0
UserA,h17_su03,Gas National Grid,0.0
UserA,h18_su03,PV sys,0.0
UserA,h18_su03,National Grid EE,0.0
UserA,h18_su03,Storage EE,2.127990937163159
UserA,h18_su03,Gas Boiler,0.0
UserA,h18_su03,HP,0.0
UserA,h18_su03,AC,0.0
UserA,h18_su03,Storage HW,-1.383333333333334e-06
UserA,h18_su03,Radiators,0.0
UserA,h18_su03,Floor heating,0.0
UserA,h18_su03,Induction stove,0.0
UserA,h18_su03,Gas stove,0.0
UserA,h18_su03,Gas National Grid,0.0
UserA,h19_su03,PV sys,0.0
UserA,h19_su03,National Grid EE,0.0
UserA,h19_su03,Storage EE,1.9272913745159055
UserA,h19_su03,Gas Boiler,0.0
UserA,h19_su03,HP,0.0
UserA,h19_su03,AC,0.0
UserA,h19_su03,Storage HW,0.0
UserA,h19_su03,Radiators,0.0
UserA,h19_su03,Floor heating,0.0
UserA,h19_su03,Induction stove,0.0
UserA,h19_su03,Gas stove,0.0
UserA,h19_su03,Gas National Grid,0.0
UserA,h20_su03,PV sys,0.0
UserA,h20_su03,National Grid EE,0.0
UserA,h20_su03,Storage EE,1.60708980082977
UserA,h20_su03,Gas Boiler,0.0
UserA,h20_su03,HP,0.0
UserA,h20_su03,AC,0.0
UserA,h20_su03,Storage HW,0.0
UserA,h20_su03,Radiators,0.0
UserA,h20_su03,Floor heating,0.0
UserA,h20_su03,Induction stove,0.0
UserA,h20_su03,Gas stove,0.0
UserA,h20_su03,Gas National Grid,0.0
UserA,h21_su03,PV sys,0.0
UserA,h21_su03,National Grid EE,0.0
UserA,h21_su03,Storage EE,1.2828073647638718
UserA,h21_su03,Gas Boiler,0.0
UserA,h21_su03,HP,0.0
UserA,h21_su03,AC,0.0
UserA,h21_su03,Storage HW,0.0
UserA,h21_su03,Radiators,0.0
UserA,h21_su03,Floor heating,0.0
UserA,h21_su03,Induction stove,0.0
UserA,h21_su03,Gas stove,0.0
UserA,h21_su03,Gas National Grid,0.0
UserA,h22_su03,PV sys,0.0
UserA,h22_su03,National Grid EE,0.0
UserA,h22_su03,Storage EE,0.8669579594140926
UserA,h22_su03,Gas Boiler,0.0
UserA,h22_su03,HP,0.0
UserA,h22_su03,AC,0.0
UserA,h22_su03,Storage HW,0.0
UserA,h22_su03,Radiators,0.0
UserA,h22_su03,Floor heating,0.0
UserA,h22_su03,Induction stove,0.0
UserA,h22_su03,Gas stove,0.0
UserA,h22_su03,Gas National Grid,0.0
UserA,h23_su03,PV sys,0.0
UserA,h23_su03,National Grid EE,0.0
UserA,h23_su03,Storage EE,0.4814615023260935
UserA,h23_su03,Gas Boiler,0.0
UserA,h23_su03,HP,0.0
UserA,h23_su03,AC,0.0
UserA,h23_su03,Storage HW,0.0
UserA,h23_su03,Radiators,0.0
UserA,h23_su03,Floor heating,0.0
UserA,h23_su03,Induction stove,0.0
UserA,h23_su03,Gas stove,0.0
UserA,h23_su03,Gas National Grid,0.0
UserA,h24_su03,PV sys,0.0
UserA,h24_su03,National Grid EE,0.0
UserA,h24_su03,Storage EE,0.2999999999999994
UserA,h24_su03,Gas Boiler,0.0
UserA,h24_su03,HP,0.0
UserA,h24_su03,AC,0.0
UserA,h24_su03,Storage HW,0.0
UserA,h24_su03,Radiators,0.0
UserA,h24_su03,Floor heating,0.0
UserA,h24_su03,Induction stove,0.0
UserA,h24_su03,Gas stove,0.0
UserA,h24_su03,Gas National Grid,0.0
UserA,h01_su04,PV sys,0.0
UserA,h01_su04,National Grid EE,0.0
UserA,h01_su04,Storage EE,0.2999999999999994
UserA,h01_su04,Gas Boiler,0.0
UserA,h01_su04,HP,0.0
UserA,h01_su04,AC,0.0
UserA,h01_su04,Storage HW,0.0
UserA,h01_su04,Radiators,0.0
UserA,h01_su04,Floor heating,0.0
UserA,h01_su04,Induction stove,0.0
UserA,h01_su04,Gas stove,0.0
UserA,h01_su04,Gas National Grid,0.0
UserA,h02_su04,PV sys,0.0
UserA,h02_su04,National Grid EE,0.0
UserA,h02_su04,Storage EE,0.30000000000000004
UserA,h02_su04,Gas Boiler,0.0
UserA,h02_su04,HP,0.0
UserA,h02_su04,AC,0.0
UserA,h02_su04,Storage HW,0.0
UserA,h02_su04,Radiators,0.0
UserA,h02_su04,Floor heating,0.0
UserA,h02_su04,Induction stove,0.0
UserA,h02_su04,Gas stove,0.0
UserA,h02_su04,Gas National Grid,0.0
UserA,h03_su04,PV sys,0.0
UserA,h03_su04,National Grid EE,0.0
UserA,h03_su04,Storage EE,0.2999999999999994
UserA,h03_su04,Gas Boiler,0.0
UserA,h03_su04,HP,0.0
UserA,h03_su04,AC,0.0
UserA,h03_su04,Storage HW,0.0
UserA,h03_su04,Radiators,0.0
UserA,h03_su04,Floor heating,0.0
UserA,h03_su04,Induction stove,0.0
UserA,h03_su04,Gas stove,0.0
UserA,h03_su04,Gas National Grid,0.0
UserA,h04_su04,PV sys,0.0
UserA,h04_su04,National Grid EE,0.0
UserA,h04_su04,Storage EE,0.2999999999999994
UserA,h04_su04,Gas Boiler,0.0
UserA,h04_su04,HP,0.0
UserA,h04_su04,AC,0.0
UserA,h04_su04,Storage HW,0.0
UserA,h04_su04,Radiators,0.0
UserA,h04_su04,Floor heating,0.0
UserA,h04_su04,Induction stove,0.0
UserA,h04_su04,Gas stove,0.0
UserA,h04_su04,Gas National Grid,0.0
UserA,h05_su04,PV sys,0.0
UserA,h05_su04,National Grid EE,0.0
UserA,h05_su04,Storage EE,0.2999999999999994
UserA,h05_su04,Gas Boiler,0.0
UserA,h05_su04,HP,0.0
UserA,h05_su04,AC,0.0
UserA,h05_su04,Storage HW,0.0
UserA,h05_su04,Radiators,0.0
UserA,h05_su04,Floor heating,0.0
UserA,h05_su04,Induction stove,0.0
UserA,h05_su04,Gas stove,0.0
UserA,h05_su04,Gas National Grid,0.0
UserA,h06_su04,PV sys,0.0
UserA,h06_su04,National Grid EE,0.0
UserA,h06_su04,Storage EE,0.3276199999999996
UserA,h06_su04,Gas Boiler,0.0
UserA,h06_su04,HP,0.0
UserA,h06_su04,AC,0.0
UserA,h06_su04,Storage HW,0.0
UserA,h06_su04,Radiators,0.0
UserA,h06_su04,Floor heating,0.0
UserA,h06_su04,Induction stove,0.0
UserA,h06_su04,Gas stove,0.0
UserA,h06_su04,Gas National Grid,0.0
UserA,h07_su04,PV sys,0.0
UserA,h07_su04,National Grid EE,0.0
UserA,h07_su04,Storage EE,0.30000000000000004
UserA,h07_su04,Gas Boiler,0.0
UserA,h07_su04,HP,0.0
UserA,h07_su04,AC,0.0
UserA,h07_su04,Storage HW,0.0
UserA,h07_su04,Radiators,0.0
UserA,h07_su04,Floor heating,0.0
UserA,h07_su04,Induction stove,0.0
UserA,h07_su04,Gas stove,0.0
UserA,h07_su04,Gas National Grid,0.0
UserA,h08_su04,PV sys,0.0
UserA,h08_su04,National Grid EE,0.0
UserA,h08_su04,Storage EE,0.6216531521307396
UserA,h08_su04,Gas Boiler,0.0
UserA,h08_su04,HP,0.0
UserA,h08_su04,AC,0.0
UserA,h08_su04,Storage HW,0.0
UserA,h08_su04,Radiators,0.0
UserA,h08_su04,Floor heating,0.0
UserA,h08_su04,Induction stove,0.0
UserA,h08_su04,Gas stove,0.0
UserA,h08_su04,Gas National Grid,0.0
UserA,h09_su04,PV sys,0.0
UserA,h09_su04,National Grid EE,0.0
UserA,h09_su04,Storage EE,1.0106092819154882
UserA,h09_su04,Gas Boiler,0.0
UserA,h09_su04,HP,0.0
UserA,h09_su04,AC,0.0
UserA,h09_su04,Storage HW,0.0
UserA,h09_su04,Radiators,0.0
UserA,h09_su04,Floor heating,0.0
UserA,h09_su04,Induction stove,0.0
UserA,h09_su04,Gas stove,0.0
UserA,h09_su04,Gas National Grid,0.0
UserA,h10_su04,PV sys,0.0
UserA,h10_su04,National Grid EE,0.0
UserA,h10_su04,Storage EE,1.666363175850962
UserA,h10_su04,Gas Boiler,0.0
UserA,h10_su04,HP,0.0
UserA,h10_su04,AC,0.0
UserA,h10_su04,Storage HW,0.0
UserA,h10_su04,Radiators,0.0
UserA,h10_su04,Floor heating,0.0
UserA,h10_su04,Induction stove,0.0
UserA,h10_su04,Gas stove,0.0
UserA,h10_su04,Gas National Grid,0.0
UserA,h11_su04,PV sys,0.0
UserA,h11_su04,National Grid EE,0.0
UserA,h11_su04,Storage EE,2.589145155985678
UserA,h11_su04,Gas Boiler,0.0
UserA,h11_su04,HP,0.0
UserA,h11_su04,AC,0.0
UserA,h11_su04,Storage HW,0.0
UserA,h11_su04,Radiators,0.0
UserA,h11_su04,Floor heating,0.0
UserA,h11_su04,Induction stove,0.0
UserA,h11_su04,Gas stove,0.0
UserA,h11_su04,Gas National Grid,0.0
UserA,h12_su04,PV sys,0.0
UserA,h12_su04,National Grid EE,0.0
UserA,h12_su04,Storage EE,2.8499999999999996
UserA,h12_su04,Gas Boiler,0.0
UserA,h12_su04,HP,0.0
UserA,h12_su04,AC,0.0
UserA,h12_su04,Storage HW,0.0
UserA,h12_su04,Radiators,0.0
UserA,h12_su04,Floor heating,0.0
UserA,h12_su04,Induction stove,0.0
UserA,h12_su04,Gas stove,0.0
UserA,h12_su04,Gas National Grid,0.0
UserA,h13_su04,PV sys,0.0
UserA,h13_su04,National Grid EE,0.0
UserA,h13_su04,Storage EE,2.8499999999999996
UserA,h13_su04,Gas Boiler,0.0
UserA,h13_su04,HP,0.0
UserA,h13_su04,AC,0.0
UserA,h13_su04,Storage HW,0.0
UserA,h13_su04,Radiators,0.0
UserA,h13_su04,Floor heating,0.0
UserA,h13_su04,Induction stove,0.0
UserA,h13_su04,Gas stove,0.0
UserA,h13_su04,Gas National Grid,0.0
UserA,h14_su04,PV sys,0.0
UserA,h14_su04,National Grid EE,0.0
UserA,h14_su04,Storage EE,2.474800033675833
UserA,h14_su04,Gas Boiler,0.0
UserA,h14_su04,HP,0.0
UserA,h14_su04,AC,0.0
UserA,h14_su04,Storage HW,0.0
UserA,h14_su04,Radiators,0.0
UserA,h14_su04,Floor heating,0.0
UserA,h14_su04,Induction stove,0.0
UserA,h14_su04,Gas stove,0.0
UserA,h14_su04,Gas National Grid,0.0
UserA,h15_su04,PV sys,0.0
UserA,h15_su04,National Grid EE,0.0
UserA,h15_su04,Storage EE,2.8499999999999996
UserA,h15_su04,Gas Boiler,0.0
UserA,h15_su04,HP,0.0
UserA,h15_su04,AC,0.0
UserA,h15_su04,Storage HW,0.0
UserA,h15_su04,Radiators,0.0
UserA,h15_su04,Floor heating,0.0
UserA,h15_su04,Induction stove,0.0
UserA,h15_su04,Gas stove,0.0
UserA,h15_su04,Gas National Grid,0.0
UserA,h16_su04,PV sys,0.0
UserA,h16_su04,National Grid EE,0.0
UserA,h16_su04,Storage EE,2.803720246801382
UserA,h16_su04,Gas Boiler,0.0
UserA,h16_su04,HP,0.0
UserA,h16_su04,AC,0.0
UserA,h16_su04,Storage HW,0.0
UserA,h16_su04,Radiators,0.0
UserA,h16_su04,Floor heating,0.0
UserA,h16_su04,Induction stove,0.0
UserA,h16_su04,Gas stove,0.0
UserA,h16_su04,Gas National Grid,0.0
UserA,h17_su04,PV sys,0.0
UserA,h17_su04,National Grid EE,0.0
UserA,h17_su04,Storage EE,2.8499999999999996
UserA,h17_su04,Gas Boiler,0.0
UserA,h17_su04,HP,0.0
UserA,h17_su04,AC,0.0
UserA,h17_su04,Storage HW,0.0
UserA,h17_su04,Radiators,0.0
UserA,h17_su04,Floor heating,0.0
UserA,h17_su04,Induction stove,0.0
UserA,h17_su04,Gas stove,0.0
UserA,h17_su04,Gas National Grid,0.0
UserA,h18_su04,PV sys,0.0
UserA,h18_su04,National Grid EE,0.0
UserA,h18_su04,Storage EE,2.8499999999999996
UserA,h18_su04,Gas Boiler,0.0
UserA,h18_su04,HP,0.0
UserA,h18_su04,AC,0.0
UserA,h18_su04,Storage HW,0.0
UserA,h18_su04,Radiators,0.0
UserA,h18_su04,Floor heating,0.0
UserA,h18_su04,Induction stove,0.0
UserA,h18_su04,Gas stove,0.0
UserA,h18_su04,Gas National Grid,0.0
UserA,h19_su04,PV sys,0.0
UserA,h19_su04,National Grid EE,0.0
UserA,h19_su04,Storage EE,2.436647455738359
UserA,h19_su04,Gas Boiler,0.0
UserA,h19_su04,HP,0.0
UserA,h19_su04,AC,0.0
UserA,h19_su04,Storage HW,0.0
UserA,h19_su04,Radiators,0.0
UserA,h19_su04,Floor heating,0.0
UserA,h19_su04,Induction stove,0.0
UserA,h19_su04,Gas stove,0.0
UserA,h19_su04,Gas National Grid,0.0
UserA,h20_su04,PV sys,0.0
UserA,h20_su04,National Grid EE,0.0
UserA,h20_su04,Storage EE,1.917139104815633
UserA,h20_su04,Gas Boiler,0.0
UserA,h20_su04,HP,0.0
UserA,h20_su04,AC,0.0
UserA,h20_su04,Storage HW,0.0
UserA,h20_su04,Radiators,0.0
UserA,h20_su04,Floor heating,0.0
UserA,h20_su04,Induction stove,0.0
UserA,h20_su04,Gas stove,0.0
UserA,h20_su04,Gas National Grid,0.0
UserA,h21_su04,PV sys,0.0
UserA,h21_su04,National Grid EE,0.0
UserA,h21_su04,Storage EE,1.917139104815633
UserA,h21_su04,Gas Boiler,0.0
UserA,h21_su04,HP,0.0
UserA,h21_su04,AC,0.0
UserA,h21_su04,Storage HW,0.0
UserA,h21_su04,Radiators,0.0
UserA,h21_su04,Floor heating,0.0
UserA,h21_su04,Induction stove,0.0
UserA,h21_su04,Gas stove,0.0
UserA,h21_su04,Gas National Grid,0.0
UserA,h22_su04,PV sys,0.0
UserA,h22_su04,National Grid EE,0.0
UserA,h22_su04,Storage EE,1.917139104815633
UserA,h22_su04,Gas Boiler,0.0
UserA,h22_su04,HP,0.0
UserA,h22_su04,AC,0.0
UserA,h22_su04,Storage HW,0.0
UserA,h22_su04,Radiators,0.0
UserA,h22_su04,Floor heating,0.0
UserA,h22_su04,Induction stove,0.0
UserA,h22_su04,Gas stove,0.0
UserA,h22_su04,Gas National Grid,0.0
UserA,h23_su04,PV sys,0.0
UserA,h23_su04,National Grid EE,0.0
UserA,h23_su04,Storage EE,1.917139104815633
UserA,h23_su04,Gas Boiler,0.0
UserA,h23_su04,HP,0.0
UserA,h23_su04,AC,0.0
UserA,h23_su04,Storage HW,0.0
UserA,h23_su04,Radiators,0.0
UserA,h23_su04,Floor heating,0.0
UserA,h23_su04,Induction stove,0.0
UserA,h23_su04,Gas stove,0.0
UserA,h23_su04,Gas National Grid,0.0
UserA,h24_su04,PV sys,0.0
UserA,h24_su04,National Grid EE,0.0
UserA,h24_su04,Storage EE,1.5759913524895388
UserA,h24_su04,Gas Boiler,0.0
UserA,h24_su04,HP,0.0
UserA,h24_su04,AC,0.0
UserA,h24_su04,Storage HW,0.0
UserA,h24_su04,Radiators,0.0
UserA,h24_su04,Floor heating,0.0
UserA,h24_su04,Induction stove,0.0
UserA,h24_su04,Gas stove,0.0
UserA,h24_su04,Gas National Grid,0.0
UserA,h01_su05,PV sys,0.0
UserA,h01_su05,National Grid EE,0.0
UserA,h01_su05,Storage EE,1.3177928677634443
UserA,h01_su05,Gas Boiler,0.0
UserA,h01_su05,HP,0.0
UserA,h01_su05,AC,0.0
UserA,h01_su05,Storage HW,0.0
UserA,h01_su05,Radiators,0.0
UserA,h01_su05,Floor heating,0.0
UserA,h01_su05,Induction stove,0.0
UserA,h01_su05,Gas stove,0.0
UserA,h01_su05,Gas National Grid,0.0
UserA,h02_su05,PV sys,0.0
UserA,h02_su05,National Grid EE,0.0
UserA,h02_su05,Storage EE,1.1677201416278262
UserA,h02_su05,Gas Boiler,0.0
UserA,h02_su05,HP,0.0
UserA,h02_su05,AC,0.0
UserA,h02_su05,Storage HW,0.0
UserA,h02_su05,Radiators,0.0
UserA,h02_su05,Floor heating,0.0
UserA,h02_su05,Induction stove,0.0
UserA,h02_su05,Gas stove,0.0
UserA,h02_su05,Gas National Grid,0.0
UserA,h03_su05,PV sys,0.0
UserA,h03_su05,National Grid EE,0.0
UserA,h03_su05,Storage EE,0.9945738220674458
UserA,h03_su05,Gas Boiler,0.0
UserA,h03_su05,HP,0.0
UserA,h03_su05,AC,0.0
UserA,h03_su05,Storage HW,0.0
UserA,h03_su05,Radiators,0.0
UserA,h03_su05,Floor heating,0.0
UserA,h03_su05,Induction stove,0.0
UserA,h03_su05,Gas stove,0.0
UserA,h03_su05,Gas National Grid,0.0
UserA,h04_su05,PV sys,0.0
UserA,h04_su05,National Grid EE,0.0
UserA,h04_su05,Storage EE,0.8449778691737322
UserA,h04_su05,Gas Boiler,0.0
UserA,h04_su05,HP,0.0
UserA,h04_su05,AC,0.0
UserA,h04_su05,Storage HW,0.0
UserA,h04_su05,Radiators,0.0
UserA,h04_su05,Floor heating,0.0
UserA,h04_su05,Induction stove,0.0
UserA,h04_su05,Gas stove,0.0
UserA,h04_su05,Gas National Grid,0.0
UserA,h05_su05,PV sys,0.0
UserA,h05_su05,National Grid EE,0.0
UserA,h05_su05,Storage EE,0.6819730853276375
UserA,h05_su05,Gas Boiler,0.0
UserA,h05_su05,HP,0.0
UserA,h05_su05,AC,0.0
UserA,h05_su05,Storage HW,0.0
UserA,h05_su05,Radiators,0.0
UserA,h05_su05,Floor heating,0.0
UserA,h05_su05,Induction stove,0.0
UserA,h05_su05,Gas stove,0.0
UserA,h05_su05,Gas National Grid,0.0
UserA,h06_su05,PV sys,0.0
UserA,h06_su05,National Grid EE,0.0
UserA,h06_su05,Storage EE,0.5035983381482095
UserA,h06_su05,Gas Boiler,0.0
UserA,h06_su05,HP,0.0
UserA,h06_su05,AC,0.0
UserA,h06_su05,Storage HW,0.0
UserA,h06_su05,Radiators,0.0
UserA,h06_su05,Floor heating,0.0
UserA,h06_su05,Induction stove,0.0
UserA,h06_su05,Gas stove,0.0
UserA,h06_su05,Gas National Grid,0.0
UserA,h07_su05,PV sys,0.0
UserA,h07_su05,National Grid EE,0.0
UserA,h07_su05,Storage EE,0.41883970141784543
UserA,h07_su05,Gas Boiler,0.0
UserA,h07_su05,HP,0.0
UserA,h07_su05,AC,0.0
UserA,h07_su05,Storage HW,0.0
UserA,h07_su05,Radiators,0.0
UserA,h07_su05,Floor heating,0.0
UserA,h07_su05,Induction stove,0.0
UserA,h07_su05,Gas stove,0.0
UserA,h07_su05,Gas National Grid,0.0
UserA,h08_su05,PV sys,0.0
UserA,h08_su05,National Grid EE,0.0
UserA,h08_su05,Storage EE,0.40526118688191826
UserA,h08_su05,Gas Boiler,0.0
UserA,h08_su05,HP,0.0
UserA,h08_su05,AC,0.0
UserA,h08_su05,Storage HW,0.0
UserA,h08_su05,Radiators,0.0
UserA,h08_su05,Floor heating,0.0
UserA,h08_su05,Induction stove,0.0
UserA,h08_su05,Gas stove,0.0
UserA,h08_su05,Gas National Grid,0.0
UserA,h09_su05,PV sys,0.0
UserA,h09_su05,National Grid EE,0.0
UserA,h09_su05,Storage EE,0.30000000000000004
UserA,h09_su05,Gas Boiler,0.0
UserA,h09_su05,HP,0.0
UserA,h09_su05,AC,0.0
UserA,h09_su05,Storage HW,0.0
UserA,h09_su05,Radiators,0.0
UserA,h09_su05,Floor heating,0.0
UserA,h09_su05,Induction stove,0.0
UserA,h09_su05,Gas stove,0.0
UserA,h09_su05,Gas National Grid,0.0
UserA,h10_su05,PV sys,0.0
UserA,h10_su05,National Grid EE,0.0
UserA,h10_su05,Storage EE,0.30000000000000004
UserA,h10_su05,Gas Boiler,0.0
UserA,h10_su05,HP,0.0
UserA,h10_su05,AC,0.0
UserA,h10_su05,Storage HW,0.0
UserA,h10_su05,Radiators,0.0
UserA,h10_su05,Floor heating,0.0
UserA,h10_su05,Induction stove,0.0
UserA,h10_su05,Gas stove,0.0
UserA,h10_su05,Gas National Grid,0.0
UserA,h11_su05,PV sys,0.0
UserA,h11_su05,National Grid EE,0.0
UserA,h11_su05,Storage EE,0.7130181801347162
UserA,h11_su05,Gas Boiler,0.0
UserA,h11_su05,HP,0.0
UserA,h11_su05,AC,0.0
UserA,h11_su05,Storage HW,0.0
UserA,h11_su05,Radiators,0.0
UserA,h11_su05,Floor heating,0.0
UserA,h11_su05,Induction stove,0.0
UserA,h11_su05,Gas stove,0.0
UserA,h11_su05,Gas National Grid,0.0
UserA,h12_su05,PV sys,0.0
UserA,h12_su05,National Grid EE,0.0
UserA,h12_su05,Storage EE,1.3900208769360989
UserA,h12_su05,Gas Boiler,0.0
UserA,h12_su05,HP,0.0
UserA,h12_su05,AC,0.0
UserA,h12_su05,Storage HW,0.0
UserA,h12_su05,Radiators,0.0
UserA,h12_su05,Floor heating,0.0
UserA,h12_su05,Induction stove,0.0
UserA,h12_su05,Gas stove,0.0
UserA,h12_su05,Gas National Grid,0.0
UserA,h13_su05,PV sys,0.0
UserA,h13_su05,National Grid EE,0.0
UserA,h13_su05,Storage EE,2.2363424623078845
UserA,h13_su05,Gas Boiler,0.0
UserA,h13_su05,HP,0.0
UserA,h13_su05,AC,0.0
UserA,h13_su05,Storage HW,0.0
UserA,h13_su05,Radiators,0.0
UserA,h13_su05,Floor heating,0.0
UserA,h13_su05,Induction stove,0.0
UserA,h13_su05,Gas stove,0.0
UserA,h13_su05,Gas National Grid,0.0
UserA,h14_su05,PV sys,0.0
UserA,h14_su05,National Grid EE,0.0
UserA,h14_su05,Storage EE,2.8499999999999996
UserA,h14_su05,Gas Boiler,0.0
UserA,h14_su05,HP,0.0
UserA,h14_su05,AC,0.0
UserA,h14_su05,Storage HW,0.0
UserA,h14_su05,Radiators,0.0
UserA,h14_su05,Floor heating,0.0
UserA,h14_su05,Induction stove,0.0
UserA,h14_su05,Gas stove,0.0
UserA,h14_su05,Gas National Grid,0.0
UserA,h15_su05,PV sys,0.0
UserA,h15_su05,National Grid EE,0.0
UserA,h15_su05,Storage EE,2.2040750261830135
UserA,h15_su05,Gas Boiler,0.0
UserA,h15_su05,HP,0.0
UserA,h15_su05,AC,0.0
UserA,h15_su05,Storage HW,0.0
UserA,h15_su05,Radiators,0.0
UserA,h15_su05,Floor heating,0.0
UserA,h15_su05,Induction stove,0.0
UserA,h15_su05,Gas stove,0.0
UserA,h15_su05,Gas National Grid,0.0
UserA,h16_su05,PV sys,0.0
UserA,h16_su05,National Grid EE,0.0
UserA,h16_su05,Storage EE,2.69239870631773
UserA,h16_su05,Gas Boiler,0.0
UserA,h16_su05,HP,0.0
UserA,h16_su05,AC,0.0
UserA,h16_su05,Storage HW,0.0
UserA,h16_su05,Radiators,0.0
UserA,h16_su05,Floor heating,0.0
UserA,h16_su05,Induction stove,0.0
UserA,h16_su05,Gas stove,0.0
UserA,h16_su05,Gas National Grid,0.0
UserA,h17_su05,PV sys,0.0
UserA,h17_su05,National Grid EE,0.0
UserA,h17_su05,Storage EE,2.8499999999999996
UserA,h17_su05,Gas Boiler,0.0
UserA,h17_su05,HP,0.0
UserA,h17_su05,AC,0.0
UserA,h17_su05,Storage HW,0.0
UserA,h17_su05,Radiators,0.0
UserA,h17_su05,Floor heating,0.0
UserA,h17_su05,Induction stove,0.0
UserA,h17_su05,Gas stove,0.0
UserA,h17_su05,Gas National Grid,0.0
UserA,h18_su05,PV sys,0.0
UserA,h18_su05,National Grid EE,0.0
UserA,h18_su05,Storage EE,2.83441
UserA,h18_su05,Gas Boiler,0.0
UserA,h18_su05,HP,0.0
UserA,h18_su05,AC,0.0
UserA,h18_su05,Storage HW,0.0
UserA,h18_su05,Radiators,0.0
UserA,h18_su05,Floor heating,0.0
UserA,h18_su05,Induction stove,0.0
UserA,h18_su05,Gas stove,0.0
UserA,h18_su05,Gas National Grid,0.0
UserA,h19_su05,PV sys,0.0
UserA,h19_su05,National Grid EE,0.0
UserA,h19_su05,Storage EE,2.8499999999999996
UserA,h19_su05,Gas Boiler,0.0
UserA,h19_su05,HP,0.0
UserA,h19_su05,AC,0.0
UserA,h19_su05,Storage HW,0.0
UserA,h19_su05,Radiators,0.0
UserA,h19_su05,Floor heating,0.0
UserA,h19_su05,Induction stove,0.0
UserA,h19_su05,Gas stove,0.0
UserA,h19_su05,Gas National Grid,0.0
UserA,h20_su05,PV sys,0.0
UserA,h20_su05,National Grid EE,0.0
UserA,h20_su05,Storage EE,2.8500000000000005
UserA,h20_su05,Gas Boiler,0.0
UserA,h20_su05,HP,0.0
UserA,h20_su05,AC,0.0
UserA,h20_su05,Storage HW,0.0
UserA,h20_su05,Radiators,0.0
UserA,h20_su05,Floor heating,0.0
UserA,h20_su05,Induction stove,0.0
UserA,h20_su05,Gas stove,0.0
UserA,h20_su05,Gas National Grid,0.0
UserA,h21_su05,PV sys,0.0
UserA,h21_su05,National Grid EE,0.0
UserA,h21_su05,Storage EE,2.8499999999999996
UserA,h21_su05,Gas Boiler,0.0
UserA,h21_su05,HP,0.0
UserA,h21_su05,AC,0.0
UserA,h21_su05,Storage HW,0.0
UserA,h21_su05,Radiators,0.0
UserA,h21_su05,Floor heating,0.0
UserA,h21_su05,Induction stove,0.0
UserA,h21_su05,Gas stove,0.0
UserA,h21_su05,Gas National Grid,0.0
UserA,h22_su05,PV sys,0.0
UserA,h22_su05,National Grid EE,0.0
UserA,h22_su05,Storage EE,2.8499999999999996
UserA,h22_su05,Gas Boiler,0.0
UserA,h22_su05,HP,0.0
UserA,h22_su05,AC,0.0
UserA,h22_su05,Storage HW,0.0
UserA,h22_su05,Radiators,0.0
UserA,h22_su05,Floor heating,0.0
UserA,h22_su05,Induction stove,0.0
UserA,h22_su05,Gas stove,0.0
UserA,h22_su05,Gas National Grid,0.0
UserA,h23_su05,PV sys,0.0
UserA,h23_su05,National Grid EE,0.0
UserA,h23_su05,Storage EE,2.8499999999999996
UserA,h23_su05,Gas Boiler,0.0
UserA,h23_su05,HP,0.0
UserA,h23_su05,AC,0.0
UserA,h23_su05,Storage HW,0.0
UserA,h23_su05,Radiators,0.0
UserA,h23_su05,Floor heating,0.0
UserA,h23_su05,Induction stove,0.0
UserA,h23_su05,Gas stove,0.0
UserA,h23_su05,Gas National Grid,0.0
UserA,h24_su05,PV sys,0.0
UserA,h24_su05,National Grid EE,0.0
UserA,h24_su05,Storage EE,2.8499999999999996
UserA,h24_su05,Gas Boiler,0.0
UserA,h24_su05,HP,0.0
UserA,h24_su05,AC,0.0
UserA,h24_su05,Storage HW,0.0
UserA,h24_su05,Radiators,0.0
UserA,h24_su05,Floor heating,0.0
UserA,h24_su05,Induction stove,0.0
UserA,h24_su05,Gas stove,0.0
UserA,h24_su05,Gas National Grid,0.0
UserA,h01_su06,PV sys,0.0
UserA,h01_su06,National Grid EE,0.0
UserA,h01_su06,Storage EE,2.7221980819405722
UserA,h01_su06,Gas Boiler,0.0
UserA,h01_su06,HP,0.0
UserA,h01_su06,AC,0.0
UserA,h01_su06,Storage HW,0.0
UserA,h01_su06,Radiators,0.0
UserA,h01_su06,Floor heating,0.0
UserA,h01_su06,Induction stove,0.0
UserA,h01_su06,Gas stove,0.0
UserA,h01_su06,Gas National Grid,0.0
UserA,h02_su06,PV sys,0.0
UserA,h02_su06,National Grid EE,0.0
UserA,h02_su06,Storage EE,2.5901665724716207
UserA,h02_su06,Gas Boiler,0.0
UserA,h02_su06,HP,0.0
UserA,h02_su06,AC,0.0
UserA,h02_su06,Storage HW,0.0
UserA,h02_su06,Radiators,0.0
UserA,h02_su06,Floor heating,0.0
UserA,h02_su06,Induction stove,0.0
UserA,h02_su06,Gas stove,0.0
UserA,h02_su06,Gas National Grid,0.0
UserA,h03_su06,PV sys,0.0
UserA,h03_su06,National Grid EE,0.0
UserA,h03_su06,Storage EE,2.455704319577907
UserA,h03_su06,Gas Boiler,0.0
UserA,h03_su06,HP,0.0
UserA,h03_su06,AC,0.0
UserA,h03_su06,Storage HW,0.0
UserA,h03_su06,Radiators,0.0
UserA,h03_su06,Floor heating,0.0
UserA,h03_su06,Induction stove,0.0
UserA,h03_su06,Gas stove,0.0
UserA,h03_su06,Gas National Grid,0.0
UserA,h04_su06,PV sys,0.0
UserA,h04_su06,National Grid EE,0.0
UserA,h04_su06,Storage EE,2.3213253833508602
UserA,h04_su06,Gas Boiler,0.0
UserA,h04_su06,HP,0.0
UserA,h04_su06,AC,0.0
UserA,h04_su06,Storage HW,0.0
UserA,h04_su06,Radiators,0.0
UserA,h04_su06,Floor heating,0.0
UserA,h04_su06,Induction stove,0.0
UserA,h04_su06,Gas stove,0.0
UserA,h04_su06,Gas National Grid,0.0
UserA,h05_su06,PV sys,0.0
UserA,h05_su06,National Grid EE,0.0
UserA,h05_su06,Storage EE,2.182636932838099
UserA,h05_su06,Gas Boiler,0.0
UserA,h05_su06,HP,0.0
UserA,h05_su06,AC,0.0
UserA,h05_su06,Storage HW,0.0
UserA,h05_su06,Radiators,0.0
UserA,h05_su06,Floor heating,0.0
UserA,h05_su06,Induction stove,0.0
UserA,h05_su06,Gas stove,0.0
UserA,h05_su06,Gas National Grid,0.0
UserA,h06_su06,PV sys,0.0
UserA,h06_su06,National Grid EE,0.0
UserA,h06_su06,Storage EE,2.0504850823253373
UserA,h06_su06,Gas Boiler,0.0
UserA,h06_su06,HP,0.0
UserA,h06_su06,AC,0.0
UserA,h06_su06,Storage HW,0.0
UserA,h06_su06,Radiators,0.0
UserA,h06_su06,Floor heating,0.0
UserA,h06_su06,Induction stove,0.0
UserA,h06_su06,Gas stove,0.0
UserA,h06_su06,Gas National Grid,0.0
UserA,h07_su06,PV sys,0.0
UserA,h07_su06,National Grid EE,0.0
UserA,h07_su06,Storage EE,2.014569023626655
UserA,h07_su06,Gas Boiler,0.0
UserA,h07_su06,HP,0.0
UserA,h07_su06,AC,0.0
UserA,h07_su06,Storage HW,0.0
UserA,h07_su06,Radiators,0.0
UserA,h07_su06,Floor heating,0.0
UserA,h07_su06,Induction stove,0.0
UserA,h07_su06,Gas stove,0.0
UserA,h07_su06,Gas National Grid,0.0
UserA,h08_su06,PV sys,0.0
UserA,h08_su06,National Grid EE,0.0
UserA,h08_su06,Storage EE,2.168278675757395
UserA,h08_su06,Gas Boiler,0.0
UserA,h08_su06,HP,0.0
UserA,h08_su06,AC,0.0
UserA,h08_su06,Storage HW,0.0
UserA,h08_su06,Radiators,0.0
UserA,h08_su06,Floor heating,0.0
UserA,h08_su06,Induction stove,0.0
UserA,h08_su06,Gas stove,0.0
UserA,h08_su06,Gas National Grid,0.0
UserA,h09_su06,PV sys,0.0
UserA,h09_su06,National Grid EE,0.0
UserA,h09_su06,Storage EE,2.68175477220881
UserA,h09_su06,Gas Boiler,0.0
UserA,h09_su06,HP,0.0
UserA,h09_su06,AC,0.0
UserA,h09_su06,Storage HW,0.0
UserA,h09_su06,Radiators,0.0
UserA,h09_su06,Floor heating,0.0
UserA,h09_su06,Induction stove,0.0
UserA,h09_su06,Gas stove,0.0
UserA,h09_su06,Gas National Grid,0.0
UserA,h10_su06,PV sys,0.0
UserA,h10_su06,National Grid EE,0.0
UserA,h10_su06,Storage EE,2.1853980610190114
UserA,h10_su06,Gas Boiler,0.0
UserA,h10_su06,HP,0.0
UserA,h10_su06,AC,0.0
UserA,h10_su06,Storage HW,0.0
UserA,h10_su06,Radiators,0.0
UserA,h10_su06,Floor heating,0.0
UserA,h10_su06,Induction stove,0.0
UserA,h10_su06,Gas stove,0.0
UserA,h10_su06,Gas National Grid,0.0
UserA,h11_su06,PV sys,0.0
UserA,h11_su06,National Grid EE,0.0
UserA,h11_su06,Storage EE,0.685398061019011
UserA,h11_su06,Gas Boiler,0.0
UserA,h11_su06,HP,0.0
UserA,h11_su06,AC,0.0
UserA,h11_su06,Storage HW,0.0
UserA,h11_su06,Radiators,0.0
UserA,h11_su06,Floor heating,0.0
UserA,h11_su06,Induction stove,0.0
UserA,h11_su06,Gas stove,0.0
UserA,h11_su06,Gas National Grid,0.0
UserA,h12_su06,PV sys,0.0
UserA,h12_su06,National Grid EE,0.0
UserA,h12_su06,Storage EE,1.8292083911537276
UserA,h12_su06,Gas Boiler,0.0
UserA,h12_su06,HP,0.0
UserA,h12_su06,AC,0.0
UserA,h12_su06,Storage HW,0.0
UserA,h12_su06,Radiators,0.0
UserA,h12_su06,Floor heating,0.0
UserA,h12_su06,Induction stove,0.0
UserA,h12_su06,Gas stove,0.0
UserA,h12_su06,Gas National Grid,0.0
UserA,h13_su06,PV sys,0.0
UserA,h13_su06,National Grid EE,0.0
UserA,h13_su06,Storage EE,2.74161074319218
UserA,h13_su06,Gas Boiler,0.0
UserA,h13_su06,HP,0.0
UserA,h13_su06,AC,0.0
UserA,h13_su06,Storage HW,0.0
UserA,h13_su06,Radiators,0.0
UserA,h13_su06,Floor heating,0.0
UserA,h13_su06,Induction stove,0.0
UserA,h13_su06,Gas stove,0.0
UserA,h13_su06,Gas National Grid,0.0
UserA,h14_su06,PV sys,0.0
UserA,h14_su06,National Grid EE,0.0
UserA,h14_su06,Storage EE,1.2416107431921795
UserA,h14_su06,Gas Boiler,0.0
UserA,h14_su06,HP,0.0
UserA,h14_su06,AC,0.0
UserA,h14_su06,Storage HW,0.0
UserA,h14_su06,Radiators,0.0
UserA,h14_su06,Floor heating,0.0
UserA,h14_su06,Induction stove,0.0
UserA,h14_su06,Gas stove,0.0
UserA,h14_su06,Gas National Grid,0.0
UserA,h15_su06,PV sys,0.0
UserA,h15_su06,National Grid EE,0.0
UserA,h15_su06,Storage EE,2.06740069284968
UserA,h15_su06,Gas Boiler,0.0
UserA,h15_su06,HP,0.0
UserA,h15_su06,AC,0.0
UserA,h15_su06,Storage HW,0.0
UserA,h15_su06,Radiators,0.0
UserA,h15_su06,Floor heating,0.0
UserA,h15_su06,Induction stove,0.0
UserA,h15_su06,Gas stove,0.0
UserA,h15_su06,Gas National Grid,0.0
UserA,h16_su06,PV sys,0.0
UserA,h16_su06,National Grid EE,0.0
UserA,h16_su06,Storage EE,2.6373543896510623
UserA,h16_su06,Gas Boiler,0.0
UserA,h16_su06,HP,0.0
UserA,h16_su06,AC,0.0
UserA,h16_su06,Storage HW,0.0
UserA,h16_su06,Radiators,0.0
UserA,h16_su06,Floor heating,0.0
UserA,h16_su06,Induction stove,0.0
UserA,h16_su06,Gas stove,0.0
UserA,h16_su06,Gas National Grid,0.0
UserA,h17_su06,PV sys,0.0
UserA,h17_su06,National Grid EE,0.0
UserA,h17_su06,Storage EE,2.85
UserA,h17_su06,Gas Boiler,0.0
UserA,h17_su06,HP,0.0
UserA,h17_su06,AC,0.0
UserA,h17_su06,Storage HW,0.0
UserA,h17_su06,Radiators,0.0
UserA,h17_su06,Floor heating,0.0
UserA,h17_su06,Induction stove,0.0
UserA,h17_su06,Gas stove,0.0
UserA,h17_su06,Gas National Grid,0.0
UserA,h18_su06,PV sys,0.0
UserA,h18_su06,National Grid EE,0.0
UserA,h18_su06,Storage EE,2.728353706180821
UserA,h18_su06,Gas Boiler,0.0
UserA,h18_su06,HP,0.0
UserA,h18_su06,AC,0.0
UserA,h18_su06,Storage HW,0.0
UserA,h18_su06,Radiators,0.0
UserA,h18_su06,Floor heating,0.0
UserA,h18_su06,Induction stove,0.0
UserA,h18_su06,Gas stove,0.0
UserA,h18_su06,Gas National Grid,0.0
UserA,h19_su06,PV sys,0.0
UserA,h19_su06,National Grid EE,0.0
UserA,h19_su06,Storage EE,2.5146548935335664
UserA,h19_su06,Gas Boiler,0.0
UserA,h19_su06,HP,0.0
UserA,h19_su06,AC,0.0
UserA,h19_su06,Storage HW,0.0
UserA,h19_su06,Radiators,0.0
UserA,h19_su06,Floor heating,0.0
UserA,h19_su06,Induction stove,0.0
UserA,h19_su06,Gas stove,0.0
UserA,h19_su06,Gas National Grid,0.0
UserA,h20_su06,PV sys,0.0
UserA,h20_su06,National Grid EE,0.0
UserA,h20_su06,Storage EE,2.286480753180765
UserA,h20_su06,Gas Boiler,0.0
UserA,h20_su06,HP,0.0
UserA,h20_su06,AC,0.0
UserA,h20_su06,Storage HW,0.0
UserA,h20_su06,Radiators,0.0
UserA,h20_su06,Floor heating,0.0
UserA,h20_su06,Induction stove,0.0
UserA,h20_su06,Gas stove,0.0
UserA,h20_su06,Gas National Grid,0.0
UserA,h21_su06,PV sys,0.0
UserA,h21_su06,National Grid EE,0.0
UserA,h21_su06,Storage EE,2.0744250804482003
UserA,h21_su06,Gas Boiler,0.0
UserA,h21_su06,HP,0.0
UserA,h21_su06,AC,0.0
UserA,h21_su06,Storage HW,0.0
UserA,h21_su06,Radiators,0.0
UserA,h21_su06,Floor heating,0.0
UserA,h21_su06,Induction stove,0.0
UserA,h21_su06,Gas stove,0.0
UserA,h21_su06,Gas National Grid,0.0
UserA,h22_su06,PV sys,0.0
UserA,h22_su06,National Grid EE,0.0
UserA,h22_su06,Storage EE,1.876035341765088
UserA,h22_su06,Gas Boiler,0.0
UserA,h22_su06,HP,0.0
UserA,h22_su06,AC,0.0
UserA,h22_su06,Storage HW,0.0
UserA,h22_su06,Radiators,0.0
UserA,h22_su06,Floor heating,0.0
UserA,h22_su06,Induction stove,0.0
UserA,h22_su06,Gas stove,0.0
UserA,h22_su06,Gas National Grid,0.0
UserA,h23_su06,PV sys,0.0
UserA,h23_su06,National Grid EE,0.0
UserA,h23_su06,Storage EE,0.3760353417650879
UserA,h23_su06,Gas Boiler,0.0
UserA,h23_su06,HP,0.0
UserA,h23_su06,AC,0.0
UserA,h23_su06,Storage HW,0.0
UserA,h23_su06,Radiators,0.0
UserA,h23_su06,Floor heating,0.0
UserA,h23_su06,Induction stove,0.0
UserA,h23_su06,Gas stove,0.0
UserA,h23_su06,Gas National Grid,0.0
UserA,h24_su06,PV sys,0.0
UserA,h24_su06,National Grid EE,0.0
UserA,h24_su06,Storage EE,0.30000000000000004
UserA,h24_su06,Gas Boiler,0.0
UserA,h24_su06,HP,0.0
UserA,h24_su06,AC,0.0
UserA,h24_su06,Storage HW,0.0
UserA,h24_su06,Radiators,0.0
UserA,h24_su06,Floor heating,0.0
UserA,h24_su06,Induction stove,0.0
UserA,h24_su06,Gas stove,0.0
UserA,h24_su06,Gas National Grid,0.0
UserA,h01_su07,PV sys,0.0
UserA,h01_su07,National Grid EE,0.0
UserA,h01_su07,Storage EE,0.30000000000000004
UserA,h01_su07,Gas Boiler,0.0
UserA,h01_su07,HP,0.0
UserA,h01_su07,AC,0.0
UserA,h01_su07,Storage HW,0.0
UserA,h01_su07,Radiators,0.0
UserA,h01_su07,Floor heating,0.0
UserA,h01_su07,Induction stove,0.0
UserA,h01_su07,Gas stove,0.0
UserA,h01_su07,Gas National Grid,0.0
UserA,h02_su07,PV sys,0.0
UserA,h02_su07,National Grid EE,0.0
UserA,h02_su07,Storage EE,0.30000000000000004
UserA,h02_su07,Gas Boiler,0.0
UserA,h02_su07,HP,0.0
UserA,h02_su07,AC,0.0
UserA,h02_su07,Storage HW,0.0
UserA,h02_su07,Radiators,0.0
UserA,h02_su07,Floor heating,0.0
UserA,h02_su07,Induction stove,0.0
UserA,h02_su07,Gas stove,0.0
UserA,h02_su07,Gas National Grid,0.0
UserA,h03_su07,PV sys,0.0
UserA,h03_su07,National Grid EE,0.0
UserA,h03_su07,Storage EE,0.30000000000000004
UserA,h03_su07,Gas Boiler,0.0
UserA,h03_su07,HP,0.0
UserA,h03_su07,AC,0.0
UserA,h03_su07,Storage HW,0.0
UserA,h03_su07,Radiators,0.0
UserA,h03_su07,Floor heating,0.0
UserA,h03_su07,Induction stove,0.0
UserA,h03_su07,Gas stove,0.0
UserA,h03_su07,Gas National Grid,0.0
UserA,h04_su07,PV sys,0.0
UserA,h04_su07,National Grid EE,0.0
UserA,h04_su07,Storage EE,0.30000000000000004
UserA,h04_su07,Gas Boiler,0.0
UserA,h04_su07,HP,0.0
UserA,h04_su07,AC,0.0
UserA,h04_su07,Storage HW,0.0
UserA,h04_su07,Radiators,0.0
UserA,h04_su07,Floor heating,0.0
UserA,h04_su07,Induction stove,0.0
UserA,h04_su07,Gas stove,0.0
UserA,h04_su07,Gas National Grid,0.0
UserA,h05_su07,PV sys,0.0
UserA,h05_su07,National Grid EE,0.0
UserA,h05_su07,Storage EE,0.30000000000000004
UserA,h05_su07,Gas Boiler,0.0
UserA,h05_su07,HP,0.0
UserA,h05_su07,AC,0.0
UserA,h05_su07,Storage HW,0.0
UserA,h05_su07,Radiators,0.0
UserA,h05_su07,Floor heating,0.0
UserA,h05_su07,Induction stove,0.0
UserA,h05_su07,Gas stove,0.0
UserA,h05_su07,Gas National Grid,0.0
UserA,h06_su07,PV sys,0.0
UserA,h06_su07,National Grid EE,0.0
UserA,h06_su07,Storage EE,0.31653
UserA,h06_su07,Gas Boiler,0.0
UserA,h06_su07,HP,0.0
UserA,h06_su07,AC,0.0
UserA,h06_su07,Storage HW,0.0
UserA,h06_su07,Radiators,0.0
UserA,h06_su07,Floor heating,0.0
UserA,h06_su07,Induction stove,0.0
UserA,h06_su07,Gas stove,0.0
UserA,h06_su07,Gas National Grid,0.0
UserA,h07_su07,PV sys,0.0
UserA,h07_su07,National Grid EE,0.0
UserA,h07_su07,Storage EE,0.3621602252320076
UserA,h07_su07,Gas Boiler,0.0
UserA,h07_su07,HP,0.0
UserA,h07_su07,AC,0.0
UserA,h07_su07,Storage HW,0.0
UserA,h07_su07,Radiators,0.0
UserA,h07_su07,Floor heating,0.0
UserA,h07_su07,Induction stove,0.0
UserA,h07_su07,Gas stove,0.0
UserA,h07_su07,Gas National Grid,0.0
UserA,h08_su07,PV sys,0.0
UserA,h08_su07,National Grid EE,0.0
UserA,h08_su07,Storage EE,0.30000000000000004
UserA,h08_su07,Gas Boiler,0.0
UserA,h08_su07,HP,0.0
UserA,h08_su07,AC,0.0
UserA,h08_su07,Storage HW,0.0
UserA,h08_su07,Radiators,0.0
UserA,h08_su07,Floor heating,0.0
UserA,h08_su07,Induction stove,0.0
UserA,h08_su07,Gas stove,0.0
UserA,h08_su07,Gas National Grid,0.0
UserA,h09_su07,PV sys,0.0
UserA,h09_su07,National Grid EE,0.0
UserA,h09_su07,Storage EE,0.30000000000000004
UserA,h09_su07,Gas Boiler,0.0
UserA,h09_su07,HP,0.0
UserA,h09_su07,AC,0.0
UserA,h09_su07,Storage HW,0.0
UserA,h09_su07,Radiators,0.0
UserA,h09_su07,Floor heating,0.0
UserA,h09_su07,Induction stove,0.0
UserA,h09_su07,Gas stove,0.0
UserA,h09_su07,Gas National Grid,0.0
UserA,h10_su07,PV sys,0.0
UserA,h10_su07,National Grid EE,0.0
UserA,h10_su07,Storage EE,0.3623257979888108
UserA,h10_su07,Gas Boiler,0.0
UserA,h10_su07,HP,0.0
UserA,h10_su07,AC,0.0
UserA,h10_su07,Storage HW,0.0
UserA,h10_su07,Radiators,0.0
UserA,h10_su07,Floor heating,0.0
UserA,h10_su07,Induction stove,0.0
UserA,h10_su07,Gas stove,0.0
UserA,h10_su07,Gas National Grid,0.0
UserA,h11_su07,PV sys,0.0
UserA,h11_su07,National Grid EE,0.0
UserA,h11_su07,Storage EE,0.6736764947901934
UserA,h11_su07,Gas Boiler,0.0
UserA,h11_su07,HP,0.0
UserA,h11_su07,AC,0.0
UserA,h11_su07,Storage HW,0.0
UserA,h11_su07,Radiators,0.0
UserA,h11_su07,Floor heating,0.0
UserA,h11_su07,Induction stove,0.0
UserA,h11_su07,Gas stove,0.0
UserA,h11_su07,Gas National Grid,0.0
UserA,h12_su07,PV sys,0.0
UserA,h12_su07,National Grid EE,0.0
UserA,h12_su07,Storage EE,0.46742453197988043
UserA,h12_su07,Gas Boiler,0.0
UserA,h12_su07,HP,0.0
UserA,h12_su07,AC,0.0
UserA,h12_su07,Storage HW,0.0
UserA,h12_su07,Radiators,0.0
UserA,h12_su07,Floor heating,0.0
UserA,h12_su07,Induction stove,0.0
UserA,h12_su07,Gas stove,0.0
UserA,h12_su07,Gas National Grid,0.0
UserA,h13_su07,PV sys,0.0
UserA,h13_su07,National Grid EE,0.0
UserA,h13_su07,Storage EE,1.2713294506849995
UserA,h13_su07,Gas Boiler,0.0
UserA,h13_su07,HP,0.0
UserA,h13_su07,AC,0.0
UserA,h13_su07,Storage HW,0.0
UserA,h13_su07,Radiators,0.0
UserA,h13_su07,Floor heating,0.0
UserA,h13_su07,Induction stove,0.0
UserA,h13_su07,Gas stove,0.0
UserA,h13_su07,Gas National Grid,0.0
UserA,h14_su07,PV sys,0.0
UserA,h14_su07,National Grid EE,0.0
UserA,h14_su07,Storage EE,2.1121034003425
UserA,h14_su07,Gas Boiler,0.0
UserA,h14_su07,HP,0.0
UserA,h14_su07,AC,0.0
UserA,h14_su07,Storage HW,0.0
UserA,h14_su07,Radiators,0.0
UserA,h14_su07,Floor heating,0.0
UserA,h14_su07,Induction stove,0.0
UserA,h14_su07,Gas stove,0.0
UserA,h14_su07,Gas National Grid,0.0
UserA,h15_su07,PV sys,0.0
UserA,h15_su07,National Grid EE,0.0
UserA,h15_su07,Storage EE,2.8499999999999996
UserA,h15_su07,Gas Boiler,0.0
UserA,h15_su07,HP,0.0
UserA,h15_su07,AC,0.0
UserA,h15_su07,Storage HW,0.0
UserA,h15_su07,Radiators,0.0
UserA,h15_su07,Floor heating,0.0
UserA,h15_su07,Induction stove,0.0
UserA,h15_su07,Gas stove,0.0
UserA,h15_su07,Gas National Grid,0.0
UserA,h16_su07,PV sys,0.0
UserA,h16_su07,National Grid EE,0.0
UserA,h16_su07,Storage EE,2.6970651396510625
UserA,h16_su07,Gas Boiler,0.0
UserA,h16_su07,HP,0.0
UserA,h16_su07,AC,0.0
UserA,h16_su07,Storage HW,0.0
UserA,h16_su07,Radiators,0.0
UserA,h16_su07,Floor heating,0.0
UserA,h16_su07,Induction stove,0.0
UserA,h16_su07,Gas stove,0.0
UserA,h16_su07,Gas National Grid,0.0
UserA,h17_su07,PV sys,0.0
UserA,h17_su07,National Grid EE,0.0
UserA,h17_su07,Storage EE,2.8499999999999996
UserA,h17_su07,Gas Boiler,0.0
UserA,h17_su07,HP,0.0
UserA,h17_su07,AC,0.0
UserA,h17_su07,Storage HW,0.0
UserA,h17_su07,Radiators,0.0
UserA,h17_su07,Floor heating,0.0
UserA,h17_su07,Induction stove,0.0
UserA,h17_su07,Gas stove,0.0
UserA,h17_su07,Gas National Grid,0.0
UserA,h18_su07,PV sys,0.0
UserA,h18_su07,National Grid EE,0.0
UserA,h18_su07,Storage EE,2.6491000928474877
UserA,h18_su07,Gas Boiler,0.0
UserA,h18_su07,HP,0.0
UserA,h18_su07,AC,0.0
UserA,h18_su07,Storage HW,0.0
UserA,h18_su07,Radiators,0.0
UserA,h18_su07,Floor heating,0.0
UserA,h18_su07,Induction stove,0.0
UserA,h18_su07,Gas stove,0.0
UserA,h18_su07,Gas National Grid,0.0
UserA,h19_su07,PV sys,0.0
UserA,h19_su07,National Grid EE,0.0
UserA,h19_su07,Storage EE,2.3070792802002345
UserA,h19_su07,Gas Boiler,0.0
UserA,h19_su07,HP,0.0
UserA,h19_su07,AC,0.0
UserA,h19_su07,Storage HW,0.0
UserA,h19_su07,Radiators,0.0
UserA,h19_su07,Floor heating,0.0
UserA,h19_su07,Induction stove,0.0
UserA,h19_su07,Gas stove,0.0
UserA,h19_su07,Gas National Grid,0.0
UserA,h20_su07,PV sys,0.0
UserA,h20_su07,National Grid EE,0.0
UserA,h20_su07,Storage EE,2.3070792802002336
UserA,h20_su07,Gas Boiler,0.0
UserA,h20_su07,HP,0.0
UserA,h20_su07,AC,0.0
UserA,h20_su07,Storage HW,0.0
UserA,h20_su07,Radiators,0.0
UserA,h20_su07,Floor heating,0.0
UserA,h20_su07,Induction stove,0.0
UserA,h20_su07,Gas stove,0.0
UserA,h20_su07,Gas National Grid,0.0
UserA,h21_su07,PV sys,0.0
UserA,h21_su07,National Grid EE,0.0
UserA,h21_su07,Storage EE,2.3070792802002336
UserA,h21_su07,Gas Boiler,0.0
UserA,h21_su07,HP,0.0
UserA,h21_su07,AC,0.0
UserA,h21_su07,Storage HW,0.0
UserA,h21_su07,Radiators,0.0
UserA,h21_su07,Floor heating,0.0
UserA,h21_su07,Induction stove,0.0
UserA,h21_su07,Gas stove,0.0
UserA,h21_su07,Gas National Grid,0.0
UserA,h22_su07,PV sys,0.0
UserA,h22_su07,National Grid EE,0.0
UserA,h22_su07,Storage EE,2.3070792802002336
UserA,h22_su07,Gas Boiler,0.0
UserA,h22_su07,HP,0.0
UserA,h22_su07,AC,0.0
UserA,h22_su07,Storage HW,0.0
UserA,h22_su07,Radiators,0.0
UserA,h22_su07,Floor heating,0.0
UserA,h22_su07,Induction stove,0.0
UserA,h22_su07,Gas stove,0.0
UserA,h22_su07,Gas National Grid,0.0
UserA,h23_su07,PV sys,0.0
UserA,h23_su07,National Grid EE,0.0
UserA,h23_su07,Storage EE,1.6903238897789032
UserA,h23_su07,Gas Boiler,0.0
UserA,h23_su07,HP,0.0
UserA,h23_su07,AC,0.0
UserA,h23_su07,Storage HW,0.0
UserA,h23_su07,Radiators,0.0
UserA,h23_su07,Floor heating,0.0
UserA,h23_su07,Induction stove,0.0
UserA,h23_su07,Gas stove,0.0
UserA,h23_su07,Gas National Grid,0.0
UserA,h24_su07,PV sys,0.0
UserA,h24_su07,National Grid EE,0.0
UserA,h24_su07,Storage EE,1.4738200097066778
UserA,h24_su07,Gas Boiler,0.0
UserA,h24_su07,HP,0.0
UserA,h24_su07,AC,0.0
UserA,h24_su07,Storage HW,0.0
UserA,h24_su07,Radiators,0.0
UserA,h24_su07,Floor heating,0.0
UserA,h24_su07,Induction stove,0.0
UserA,h24_su07,Gas stove,0.0
UserA,h24_su07,Gas National Grid,0.0
UserA,h01_su08,PV sys,0.0
UserA,h01_su08,National Grid EE,0.0
UserA,h01_su08,Storage EE,1.3012197583139167
UserA,h01_su08,Gas Boiler,0.0
UserA,h01_su08,HP,0.0
UserA,h01_su08,AC,0.0
UserA,h01_su08,Storage HW,0.0
UserA,h01_su08,Radiators,0.0
UserA,h01_su08,Floor heating,0.0
UserA,h01_su08,Induction stove,0.0
UserA,h01_su08,Gas stove,0.0
UserA,h01_su08,Gas National Grid,0.0
UserA,h02_su08,PV sys,0.0
UserA,h02_su08,National Grid EE,0.0
UserA,h02_su08,Storage EE,1.1610205821782984
UserA,h02_su08,Gas Boiler,0.0
UserA,h02_su08,HP,0.0
UserA,h02_su08,AC,0.0
UserA,h02_su08,Storage HW,0.0
UserA,h02_su08,Radiators,0.0
UserA,h02_su08,Floor heating,0.0
UserA,h02_su08,Induction stove,0.0
UserA,h02_su08,Gas stove,0.0
UserA,h02_su08,Gas National Grid,0.0
UserA,h03_su08,PV sys,0.0
UserA,h03_su08,National Grid EE,0.0
UserA,h03_su08,Storage EE,0.9758910292845846
UserA,h03_su08,Gas Boiler,0.0
UserA,h03_su08,HP,0.0
UserA,h03_su08,AC,0.0
UserA,h03_su08,Storage HW,0.0
UserA,h03_su08,Radiators,0.0
UserA,h03_su08,Floor heating,0.0
UserA,h03_su08,Induction stove,0.0
UserA,h03_su08,Gas stove,0.0
UserA,h03_su08,Gas National Grid,0.0
UserA,h04_su08,PV sys,0.0
UserA,h04_su08,National Grid EE,0.0
UserA,h04_su08,Storage EE,0.8020955097242044
UserA,h04_su08,Gas Boiler,0.0
UserA,h04_su08,HP,0.0
UserA,h04_su08,AC,0.0
UserA,h04_su08,Storage HW,0.0
UserA,h04_su08,Radiators,0.0
UserA,h04_su08,Floor heating,0.0
UserA,h04_su08,Induction stove,0.0
UserA,h04_su08,Gas stove,0.0
UserA,h04_su08,Gas National Grid,0.0
UserA,h05_su08,PV sys,0.0
UserA,h05_su08,National Grid EE,0.0
UserA,h05_su08,Storage EE,0.6302073258781099
UserA,h05_su08,Gas Boiler,0.0
UserA,h05_su08,HP,0.0
UserA,h05_su08,AC,0.0
UserA,h05_su08,Storage HW,0.0
UserA,h05_su08,Radiators,0.0
UserA,h05_su08,Floor heating,0.0
UserA,h05_su08,Induction stove,0.0
UserA,h05_su08,Gas stove,0.0
UserA,h05_su08,Gas National Grid,0.0
UserA,h06_su08,PV sys,0.0
UserA,h06_su08,National Grid EE,0.0
UserA,h06_su08,Storage EE,0.47398924203201553
UserA,h06_su08,Gas Boiler,0.0
UserA,h06_su08,HP,0.0
UserA,h06_su08,AC,0.0
UserA,h06_su08,Storage HW,0.0
UserA,h06_su08,Radiators,0.0
UserA,h06_su08,Floor heating,0.0
UserA,h06_su08,Induction stove,0.0
UserA,h06_su08,Gas stove,0.0
UserA,h06_su08,Gas National Grid,0.0
UserA,h07_su08,PV sys,0.0
UserA,h07_su08,National Grid EE,0.0
UserA,h07_su08,Storage EE,0.30000000000000004
UserA,h07_su08,Gas Boiler,0.0
UserA,h07_su08,HP,0.0
UserA,h07_su08,AC,0.0
UserA,h07_su08,Storage HW,0.0
UserA,h07_su08,Radiators,0.0
UserA,h07_su08,Floor heating,0.0
UserA,h07_su08,Induction stove,0.0
UserA,h07_su08,Gas stove,0.0
UserA,h07_su08,Gas National Grid,0.0
UserA,h08_su08,PV sys,0.0
UserA,h08_su08,National Grid EE,0.0
UserA,h08_su08,Storage EE,0.408518368797406
UserA,h08_su08,Gas Boiler,0.0
UserA,h08_su08,HP,0.0
UserA,h08_su08,AC,0.0
UserA,h08_su08,Storage HW,0.0
UserA,h08_su08,Radiators,0.0
UserA,h08_su08,Floor heating,0.0
UserA,h08_su08,Induction stove,0.0
UserA,h08_su08,Gas stove,0.0
UserA,h08_su08,Gas National Grid,0.0
UserA,h09_su08,PV sys,0.0
UserA,h09_su08,National Grid EE,0.0
UserA,h09_su08,Storage EE,0.9547577152488205
UserA,h09_su08,Gas Boiler,0.0
UserA,h09_su08,HP,0.0
UserA,h09_su08,AC,0.0
UserA,h09_su08,Storage HW,2.1556982576775852e-07
UserA,h09_su08,Radiators,0.0
UserA,h09_su08,Floor heating,0.0
UserA,h09_su08,Induction stove,0.0
UserA,h09_su08,Gas stove,0.0
UserA,h09_su08,Gas National Grid,0.0
UserA,h10_su08,PV sys,0.0
UserA,h10_su08,National Grid EE,0.0
UserA,h10_su08,Storage EE,1.7753948125176287
UserA,h10_su08,Gas Boiler,0.0
UserA,h10_su08,HP,0.0
UserA,h10_su08,AC,0.0
UserA,h10_su08,Storage HW,0.0
UserA,h10_su08,Radiators,0.0
UserA,h10_su08,Floor heating,0.0
UserA,h10_su08,Induction stove,0.0
UserA,h10_su08,Gas stove,0.0
UserA,h10_su08,Gas National Grid,0.0
UserA,h11_su08,PV sys,0.0
UserA,h11_su08,National Grid EE,0.0
UserA,h11_su08,Storage EE,2.6397433926523446
UserA,h11_su08,Gas Boiler,0.0
UserA,h11_su08,HP,0.0
UserA,h11_su08,AC,0.0
UserA,h11_su08,Storage HW,0.0
UserA,h11_su08,Radiators,0.0
UserA,h11_su08,Floor heating,0.0
UserA,h11_su08,Induction stove,0.0
UserA,h11_su08,Gas stove,0.0
UserA,h11_su08,Gas National Grid,0.0
UserA,h12_su08,PV sys,0.0
UserA,h12_su08,National Grid EE,0.0
UserA,h12_su08,Storage EE,1.893108464628214
UserA,h12_su08,Gas Boiler,0.0
UserA,h12_su08,HP,0.0
UserA,h12_su08,AC,0.0
UserA,h12_su08,Storage HW,0.0
UserA,h12_su08,Radiators,0.0
UserA,h12_su08,Floor heating,0.0
UserA,h12_su08,Induction stove,0.0
UserA,h12_su08,Gas stove,0.0
UserA,h12_su08,Gas National Grid,0.0
UserA,h13_su08,PV sys,0.0
UserA,h13_su08,National Grid EE,0.0
UserA,h13_su08,Storage EE,2.8500000000000023
UserA,h13_su08,Gas Boiler,0.0
UserA,h13_su08,HP,0.0
UserA,h13_su08,AC,0.0
UserA,h13_su08,Storage HW,0.0
UserA,h13_su08,Radiators,0.0
UserA,h13_su08,Floor heating,0.0
UserA,h13_su08,Induction stove,0.0
UserA,h13_su08,Gas stove,0.0
UserA,h13_su08,Gas National Grid,0.0
UserA,h14_su08,PV sys,0.0
UserA,h14_su08,National Grid EE,0.0
UserA,h14_su08,Storage EE,2.6219844829908334
UserA,h14_su08,Gas Boiler,0.0
UserA,h14_su08,HP,0.0
UserA,h14_su08,AC,0.0
UserA,h14_su08,Storage HW,0.0
UserA,h14_su08,Radiators,0.0
UserA,h14_su08,Floor heating,0.0
UserA,h14_su08,Induction stove,0.0
UserA,h14_su08,Gas stove,0.0
UserA,h14_su08,Gas National Grid,0.0
UserA,h15_su08,PV sys,0.0
UserA,h15_su08,National Grid EE,0.0
UserA,h15_su08,Storage EE,2.3488029865319504
UserA,h15_su08,Gas Boiler,0.0
UserA,h15_su08,HP,0.0
UserA,h15_su08,AC,0.0
UserA,h15_su08,Storage HW,0.0
UserA,h15_su08,Radiators,0.0
UserA,h15_su08,Floor heating,0.0
UserA,h15_su08,Induction stove,0.0
UserA,h15_su08,Gas stove,0.0
UserA,h15_su08,Gas National Grid,0.0
UserA,h16_su08,PV sys,0.0
UserA,h16_su08,National Grid EE,0.0
UserA,h16_su08,Storage EE,2.8499999999999996
UserA,h16_su08,Gas Boiler,0.0
UserA,h16_su08,HP,0.0
UserA,h16_su08,AC,0.0
UserA,h16_su08,Storage HW,0.0
UserA,h16_su08,Radiators,0.0
UserA,h16_su08,Floor heating,0.0
UserA,h16_su08,Induction stove,0.0
UserA,h16_su08,Gas stove,0.0
UserA,h16_su08,Gas National Grid,0.0
UserA,h17_su08,PV sys,0.0
UserA,h17_su08,National Grid EE,0.0
UserA,h17_su08,Storage EE,2.8499999999999996
UserA,h17_su08,Gas Boiler,0.0
UserA,h17_su08,HP,0.0
UserA,h17_su08,AC,0.0
UserA,h17_su08,Storage HW,0.0
UserA,h17_su08,Radiators,0.0
UserA,h17_su08,Floor heating,0.0
UserA,h17_su08,Induction stove,0.0
UserA,h17_su08,Gas stove,0.0
UserA,h17_su08,Gas National Grid,0.0
UserA,h18_su08,PV sys,0.0
UserA,h18_su08,National Grid EE,0.0
UserA,h18_su08,Storage EE,2.8499999999999996
UserA,h18_su08,Gas Boiler,0.0
UserA,h18_su08,HP,0.0
UserA,h18_su08,AC,0.0
UserA,h18_su08,Storage HW,0.0
UserA,h18_su08,Radiators,0.0
UserA,h18_su08,Floor heating,0.0
UserA,h18_su08,Induction stove,0.0
UserA,h18_su08,Gas stove,0.0
UserA,h18_su08,Gas National Grid,0.0
UserA,h19_su08,PV sys,0.0
UserA,h19_su08,National Grid EE,0.0
UserA,h19_su08,Storage EE,2.5512985181745513
UserA,h19_su08,Gas Boiler,0.0
UserA,h19_su08,HP,0.0
UserA,h19_su08,AC,0.0
UserA,h19_su08,Storage HW,0.0
UserA,h19_su08,Radiators,0.0
UserA,h19_su08,Floor heating,0.0
UserA,h19_su08,Induction stove,0.0
UserA,h19_su08,Gas stove,0.0
UserA,h19_su08,Gas National Grid,0.0
UserA,h20_su08,PV sys,0.0
UserA,h20_su08,National Grid EE,0.0
UserA,h20_su08,Storage EE,2.2403667278217503
UserA,h20_su08,Gas Boiler,0.0
UserA,h20_su08,HP,0.0
UserA,h20_su08,AC,0.0
UserA,h20_su08,Storage HW,0.0
UserA,h20_su08,Radiators,0.0
UserA,h20_su08,Floor heating,0.0
UserA,h20_su08,Induction stove,0.0
UserA,h20_su08,Gas stove,0.0
UserA,h20_su08,Gas National Grid,0.0
UserA,h21_su08,PV sys,0.0
UserA,h21_su08,National Grid EE,0.0
UserA,h21_su08,Storage EE,2.0073669650891857
UserA,h21_su08,Gas Boiler,0.0
UserA,h21_su08,HP,0.0
UserA,h21_su08,AC,0.0
UserA,h21_su08,Storage HW,0.0
UserA,h21_su08,Radiators,0.0
UserA,h21_su08,Floor heating,0.0
UserA,h21_su08,Induction stove,0.0
UserA,h21_su08,Gas stove,0.0
UserA,h21_su08,Gas National Grid,0.0
UserA,h22_su08,PV sys,0.0
UserA,h22_su08,National Grid EE,0.0
UserA,h22_su08,Storage EE,2.0073669650891857
UserA,h22_su08,Gas Boiler,0.0
UserA,h22_su08,HP,0.0
UserA,h22_su08,AC,0.0
UserA,h22_su08,Storage HW,0.0
UserA,h22_su08,Radiators,0.0
UserA,h22_su08,Floor heating,0.0
UserA,h22_su08,Induction stove,0.0
UserA,h22_su08,Gas stove,0.0
UserA,h22_su08,Gas National Grid,0.0
UserA,h23_su08,PV sys,0.0
UserA,h23_su08,National Grid EE,0.0
UserA,h23_su08,Storage EE,2.0073669650891857
UserA,h23_su08,Gas Boiler,0.0
UserA,h23_su08,HP,0.0
UserA,h23_su08,AC,0.0
UserA,h23_su08,Storage HW,0.0
UserA,h23_su08,Radiators,0.0
UserA,h23_su08,Floor heating,0.0
UserA,h23_su08,Induction stove,0.0
UserA,h23_su08,Gas stove,0.0
UserA,h23_su08,Gas National Grid,0.0
UserA,h24_su08,PV sys,0.0
UserA,h24_su08,National Grid EE,0.0
UserA,h24_su08,Storage EE,1.2762537802125113
UserA,h24_su08,Gas Boiler,0.0
UserA,h24_su08,HP,0.0
UserA,h24_su08,AC,0.0
UserA,h24_su08,Storage HW,0.0
UserA,h24_su08,Radiators,0.0
UserA,h24_su08,Floor heating,0.0
UserA,h24_su08,Induction stove,0.0
UserA,h24_su08,Gas stove,0.0
UserA,h24_su08,Gas National Grid,0.0
UserA,h01_su09,PV sys,0.0
UserA,h01_su09,National Grid EE,0.0
UserA,h01_su09,Storage EE,1.0981532121530833
UserA,h01_su09,Gas Boiler,0.0
UserA,h01_su09,HP,0.0
UserA,h01_su09,AC,0.0
UserA,h01_su09,Storage HW,0.0
UserA,h01_su09,Radiators,0.0
UserA,h01_su09,Floor heating,0.0
UserA,h01_su09,Induction stove,0.0
UserA,h01_su09,Gas stove,0.0
UserA,h01_su09,Gas National Grid,0.0
UserA,h02_su09,PV sys,0.0
UserA,h02_su09,National Grid EE,0.0
UserA,h02_su09,Storage EE,1.0981532121530833
UserA,h02_su09,Gas Boiler,0.0
UserA,h02_su09,HP,0.0
UserA,h02_su09,AC,0.0
UserA,h02_su09,Storage HW,0.0
UserA,h02_su09,Radiators,0.0
UserA,h02_su09,Floor heating,0.0
UserA,h02_su09,Induction stove,0.0
UserA,h02_su09,Gas stove,0.0
UserA,h02_su09,Gas National Grid,0.0
UserA,h03_su09,PV sys,0.0
UserA,h03_su09,National Grid EE,0.0
UserA,h03_su09,Storage EE,0.9668238425927032
UserA,h03_su09,Gas Boiler,0.0
UserA,h03_su09,HP,0.0
UserA,h03_su09,AC,0.0
UserA,h03_su09,Storage HW,0.0
UserA,h03_su09,Radiators,0.0
UserA,h03_su09,Floor heating,0.0
UserA,h03_su09,Induction stove,0.0
UserA,h03_su09,Gas stove,0.0
UserA,h03_su09,Gas National Grid,0.0
UserA,h04_su09,PV sys,0.0
UserA,h04_su09,National Grid EE,0.0
UserA,h04_su09,Storage EE,0.7163279730323227
UserA,h04_su09,Gas Boiler,0.0
UserA,h04_su09,HP,0.0
UserA,h04_su09,AC,0.0
UserA,h04_su09,Storage HW,0.0
UserA,h04_su09,Radiators,0.0
UserA,h04_su09,Floor heating,0.0
UserA,h04_su09,Induction stove,0.0
UserA,h04_su09,Gas stove,0.0
UserA,h04_su09,Gas National Grid,0.0
UserA,h05_su09,PV sys,0.0
UserA,h05_su09,National Grid EE,0.0
UserA,h05_su09,Storage EE,0.4978566225195613
UserA,h05_su09,Gas Boiler,0.0
UserA,h05_su09,HP,0.0
UserA,h05_su09,AC,0.0
UserA,h05_su09,Storage HW,0.0
UserA,h05_su09,Radiators,0.0
UserA,h05_su09,Floor heating,0.0
UserA,h05_su09,Induction stove,0.0
UserA,h05_su09,Gas stove,0.0
UserA,h05_su09,Gas National Grid,0.0
UserA,h06_su09,PV sys,0.0
UserA,h06_su09,National Grid EE,0.0
UserA,h06_su09,Storage EE,0.32317203487954305
UserA,h06_su09,Gas Boiler,0.0
UserA,h06_su09,HP,0.0
UserA,h06_su09,AC,0.0
UserA,h06_su09,Storage HW,0.0
UserA,h06_su09,Radiators,0.0
UserA,h06_su09,Floor heating,0.0
UserA,h06_su09,Induction stove,0.0
UserA,h06_su09,Gas stove,0.0
UserA,h06_su09,Gas National Grid,0.0
UserA,h07_su09,PV sys,0.0
UserA,h07_su09,National Grid EE,0.0
UserA,h07_su09,Storage EE,0.30000000000000004
UserA,h07_su09,Gas Boiler,0.0
UserA,h07_su09,HP,0.0
UserA,h07_su09,AC,0.0
UserA,h07_su09,Storage HW,0.0
UserA,h07_su09,Radiators,0.0
UserA,h07_su09,Floor heating,0.0
UserA,h07_su09,Induction stove,0.0
UserA,h07_su09,Gas stove,0.0
UserA,h07_su09,Gas National Grid,0.0
UserA,h08_su09,PV sys,0.0
UserA,h08_su09,National Grid EE,0.0
UserA,h08_su09,Storage EE,0.30000000000000004
UserA,h08_su09,Gas Boiler,0.0
UserA,h08_su09,HP,0.0
UserA,h08_su09,AC,0.0
UserA,h08_su09,Storage HW,0.0
UserA,h08_su09,Radiators,0.0
UserA,h08_su09,Floor heating,0.0
UserA,h08_su09,Induction stove,0.0
UserA,h08_su09,Gas stove,0.0
UserA,h08_su09,Gas National Grid,0.0
UserA,h09_su09,PV sys,0.0
UserA,h09_su09,National Grid EE,0.0
UserA,h09_su09,Storage EE,0.7809055590991278
UserA,h09_su09,Gas Boiler,0.0
UserA,h09_su09,HP,0.0
UserA,h09_su09,AC,0.0
UserA,h09_su09,Storage HW,0.0
UserA,h09_su09,Radiators,0.0
UserA,h09_su09,Floor heating,0.0
UserA,h09_su09,Induction stove,0.0
UserA,h09_su09,Gas stove,0.0
UserA,h09_su09,Gas National Grid,0.0
UserA,h10_su09,PV sys,0.0
UserA,h10_su09,National Grid EE,0.0
UserA,h10_su09,Storage EE,1.6598753763679335
UserA,h10_su09,Gas Boiler,0.0
UserA,h10_su09,HP,0.0
UserA,h10_su09,AC,0.0
UserA,h10_su09,Storage HW,0.0
UserA,h10_su09,Radiators,0.0
UserA,h10_su09,Floor heating,0.0
UserA,h10_su09,Induction stove,0.0
UserA,h10_su09,Gas stove,0.0
UserA,h10_su09,Gas National Grid,0.0
UserA,h11_su09,PV sys,0.0
UserA,h11_su09,National Grid EE,0.0
UserA,h11_su09,Storage EE,2.525057273169316
UserA,h11_su09,Gas Boiler,0.0
UserA,h11_su09,HP,0.0
UserA,h11_su09,AC,0.0
UserA,h11_su09,Storage HW,0.0
UserA,h11_su09,Radiators,0.0
UserA,h11_su09,Floor heating,0.0
UserA,h11_su09,Induction stove,0.0
UserA,h11_su09,Gas stove,0.0
UserA,h11_su09,Gas National Grid,0.0
UserA,h12_su09,PV sys,0.0
UserA,h12_su09,National Grid EE,0.0
UserA,h12_su09,Storage EE,2.8499999999999996
UserA,h12_su09,Gas Boiler,0.0
UserA,h12_su09,HP,0.0
UserA,h12_su09,AC,0.0
UserA,h12_su09,Storage HW,0.0
UserA,h12_su09,Radiators,0.0
UserA,h12_su09,Floor heating,0.0
UserA,h12_su09,Induction stove,0.0
UserA,h12_su09,Gas stove,0.0
UserA,h12_su09,Gas National Grid,0.0
UserA,h13_su09,PV sys,0.0
UserA,h13_su09,National Grid EE,0.0
UserA,h13_su09,Storage EE,2.8499999999999996
UserA,h13_su09,Gas Boiler,0.0
UserA,h13_su09,HP,0.0
UserA,h13_su09,AC,0.0
UserA,h13_su09,Storage HW,0.0
UserA,h13_su09,Radiators,0.0
UserA,h13_su09,Floor heating,0.0
UserA,h13_su09,Induction stove,0.0
UserA,h13_su09,Gas stove,0.0
UserA,h13_su09,Gas National Grid,0.0
UserA,h14_su09,PV sys,0.0
UserA,h14_su09,National Grid EE,0.0
UserA,h14_su09,Storage EE,2.8499999999999996
UserA,h14_su09,Gas Boiler,0.0
UserA,h14_su09,HP,0.0
UserA,h14_su09,AC,0.0
UserA,h14_su09,Storage HW,0.0
UserA,h14_su09,Radiators,0.0
UserA,h14_su09,Floor heating,0.0
UserA,h14_su09,Induction stove,0.0
UserA,h14_su09,Gas stove,0.0
UserA,h14_su09,Gas National Grid,0.0
UserA,h15_su09,PV sys,0.0
UserA,h15_su09,National Grid EE,0.0
UserA,h15_su09,Storage EE,2.8499999999999996
UserA,h15_su09,Gas Boiler,0.0
UserA,h15_su09,HP,0.0
UserA,h15_su09,AC,0.0
UserA,h15_su09,Storage HW,0.0
UserA,h15_su09,Radiators,0.0
UserA,h15_su09,Floor heating,0.0
UserA,h15_su09,Induction stove,0.0
UserA,h15_su09,Gas stove,0.0
UserA,h15_su09,Gas National Grid,0.0
UserA,h16_su09,PV sys,0.0
UserA,h16_su09,National Grid EE,0.0
UserA,h16_su09,Storage EE,2.8499999999999996
UserA,h16_su09,Gas Boiler,0.0
UserA,h16_su09,HP,0.0
UserA,h16_su09,AC,0.0
UserA,h16_su09,Storage HW,0.0
UserA,h16_su09,Radiators,0.0
UserA,h16_su09,Floor heating,0.0
UserA,h16_su09,Induction stove,0.0
UserA,h16_su09,Gas stove,0.0
UserA,h16_su09,Gas National Grid,0.0
UserA,h17_su09,PV sys,0.0
UserA,h17_su09,National Grid EE,0.0
UserA,h17_su09,Storage EE,2.8499999999999996
UserA,h17_su09,Gas Boiler,0.0
UserA,h17_su09,HP,0.0
UserA,h17_su09,AC,0.0
UserA,h17_su09,Storage HW,0.0
UserA,h17_su09,Radiators,0.0
UserA,h17_su09,Floor heating,0.0
UserA,h17_su09,Induction stove,0.0
UserA,h17_su09,Gas stove,0.0
UserA,h17_su09,Gas National Grid,0.0
UserA,h18_su09,PV sys,0.0
UserA,h18_su09,National Grid EE,0.0
UserA,h18_su09,Storage EE,2.698286976180821
UserA,h18_su09,Gas Boiler,0.0
UserA,h18_su09,HP,0.0
UserA,h18_su09,AC,0.0
UserA,h18_su09,Storage HW,0.0
UserA,h18_su09,Radiators,0.0
UserA,h18_su09,Floor heating,0.0
UserA,h18_su09,Induction stove,0.0
UserA,h18_su09,Gas stove,0.0
UserA,h18_su09,Gas National Grid,0.0
UserA,h19_su09,PV sys,0.0
UserA,h19_su09,National Grid EE,0.0
UserA,h19_su09,Storage EE,2.2171134468669
UserA,h19_su09,Gas Boiler,0.0
UserA,h19_su09,HP,0.0
UserA,h19_su09,AC,0.0
UserA,h19_su09,Storage HW,0.0
UserA,h19_su09,Radiators,0.0
UserA,h19_su09,Floor heating,0.0
UserA,h19_su09,Induction stove,0.0
UserA,h19_su09,Gas stove,0.0
UserA,h19_su09,Gas National Grid,0.0
UserA,h20_su09,PV sys,0.0
UserA,h20_su09,National Grid EE,0.0
UserA,h20_su09,Storage EE,1.6953201618281408
UserA,h20_su09,Gas Boiler,0.0
UserA,h20_su09,HP,0.0
UserA,h20_su09,AC,0.0
UserA,h20_su09,Storage HW,0.0
UserA,h20_su09,Radiators,0.0
UserA,h20_su09,Floor heating,0.0
UserA,h20_su09,Induction stove,0.0
UserA,h20_su09,Gas stove,0.0
UserA,h20_su09,Gas National Grid,0.0
UserA,h21_su09,PV sys,0.0
UserA,h21_su09,National Grid EE,0.0
UserA,h21_su09,Storage EE,1.4452048024289097
UserA,h21_su09,Gas Boiler,0.0
UserA,h21_su09,HP,0.0
UserA,h21_su09,AC,0.0
UserA,h21_su09,Storage HW,0.0
UserA,h21_su09,Radiators,0.0
UserA,h21_su09,Floor heating,0.0
UserA,h21_su09,Induction stove,0.0
UserA,h21_su09,Gas stove,0.0
UserA,h21_su09,Gas National Grid,0.0
UserA,h22_su09,PV sys,0.0
UserA,h22_su09,National Grid EE,0.0
UserA,h22_su09,Storage EE,1.1026337637457975
UserA,h22_su09,Gas Boiler,0.0
UserA,h22_su09,HP,0.0
UserA,h22_su09,AC,0.0
UserA,h22_su09,Storage HW,0.0
UserA,h22_su09,Radiators,0.0
UserA,h22_su09,Floor heating,0.0
UserA,h22_su09,Induction stove,0.0
UserA,h22_su09,Gas stove,0.0
UserA,h22_su09,Gas National Grid,0.0
UserA,h23_su09,PV sys,0.0
UserA,h23_su09,National Grid EE,0.0
UserA,h23_su09,Storage EE,0.8473981066577985
UserA,h23_su09,Gas Boiler,0.0
UserA,h23_su09,HP,0.0
UserA,h23_su09,AC,0.0
UserA,h23_su09,Storage HW,0.0
UserA,h23_su09,Radiators,0.0
UserA,h23_su09,Floor heating,0.0
UserA,h23_su09,Induction stove,0.0
UserA,h23_su09,Gas stove,0.0
UserA,h23_su09,Gas National Grid,0.0
UserA,h24_su09,PV sys,0.0
UserA,h24_su09,National Grid EE,0.0
UserA,h24_su09,Storage EE,0.6404126876650375
UserA,h24_su09,Gas Boiler,0.0
UserA,h24_su09,HP,0.0
UserA,h24_su09,AC,0.0
UserA,h24_su09,Storage HW,0.0
UserA,h24_su09,Radiators,0.0
UserA,h24_su09,Floor heating,0.0
UserA,h24_su09,Induction stove,0.0
UserA,h24_su09,Gas stove,0.0
UserA,h24_su09,Gas National Grid,0.0
UserA,h01_su10,PV sys,0.0
UserA,h01_su10,National Grid EE,0.0
UserA,h01_su10,Storage EE,0.4282288696056097
UserA,h01_su10,Gas Boiler,0.0
UserA,h01_su10,HP,0.0
UserA,h01_su10,AC,0.0
UserA,h01_su10,Storage HW,0.0
UserA,h01_su10,Radiators,0.0
UserA,h01_su10,Floor heating,0.0
UserA,h01_su10,Induction stove,0.0
UserA,h01_su10,Gas stove,0.0
UserA,h01_su10,Gas National Grid,0.0
UserA,h02_su10,PV sys,0.0
UserA,h02_su10,National Grid EE,0.0
UserA,h02_su10,Storage EE,0.4282288696056097
UserA,h02_su10,Gas Boiler,0.0
UserA,h02_su10,HP,0.0
UserA,h02_su10,AC,0.0
UserA,h02_su10,Storage HW,0.0
UserA,h02_su10,Radiators,0.0
UserA,h02_su10,Floor heating,0.0
UserA,h02_su10,Induction stove,0.0
UserA,h02_su10,Gas stove,0.0
UserA,h02_su10,Gas National Grid,0.0
UserA,h03_su10,PV sys,0.0
UserA,h03_su10,National Grid EE,0.0
UserA,h03_su10,Storage EE,0.4282288696056097
UserA,h03_su10,Gas Boiler,0.0
UserA,h03_su10,HP,0.0
UserA,h03_su10,AC,0.0
UserA,h03_su10,Storage HW,0.0
UserA,h03_su10,Radiators,0.0
UserA,h03_su10,Floor heating,0.0
UserA,h03_su10,Induction stove,0.0
UserA,h03_su10,Gas stove,0.0
UserA,h03_su10,Gas National Grid,0.0
UserA,h04_su10,PV sys,0.0
UserA,h04_su10,National Grid EE,0.0
UserA,h04_su10,Storage EE,0.4282288696056097
UserA,h04_su10,Gas Boiler,0.0
UserA,h04_su10,HP,0.0
UserA,h04_su10,AC,0.0
UserA,h04_su10,Storage HW,0.0
UserA,h04_su10,Radiators,0.0
UserA,h04_su10,Floor heating,0.0
UserA,h04_su10,Induction stove,0.0
UserA,h04_su10,Gas stove,0.0
UserA,h04_su10,Gas National Grid,0.0
UserA,h05_su10,PV sys,0.0
UserA,h05_su10,National Grid EE,0.0
UserA,h05_su10,Storage EE,0.30000000000000004
UserA,h05_su10,Gas Boiler,0.0
UserA,h05_su10,HP,0.0
UserA,h05_su10,AC,0.0
UserA,h05_su10,Storage HW,0.0
UserA,h05_su10,Radiators,0.0
UserA,h05_su10,Floor heating,0.0
UserA,h05_su10,Induction stove,0.0
UserA,h05_su10,Gas stove,0.0
UserA,h05_su10,Gas National Grid,0.0
UserA,h06_su10,PV sys,0.0
UserA,h06_su10,National Grid EE,0.0
UserA,h06_su10,Storage EE,0.3458021709901017
UserA,h06_su10,Gas Boiler,0.0
UserA,h06_su10,HP,0.0
UserA,h06_su10,AC,0.0
UserA,h06_su10,Storage HW,0.0
UserA,h06_su10,Radiators,0.0
UserA,h06_su10,Floor heating,0.0
UserA,h06_su10,Induction stove,0.0
UserA,h06_su10,Gas stove,0.0
UserA,h06_su10,Gas National Grid,0.0
UserA,h07_su10,PV sys,0.0
UserA,h07_su10,National Grid EE,0.0
UserA,h07_su10,Storage EE,0.30000000000000004
UserA,h07_su10,Gas Boiler,0.0
UserA,h07_su10,HP,0.0
UserA,h07_su10,AC,0.0
UserA,h07_su10,Storage HW,0.0
UserA,h07_su10,Radiators,0.0
UserA,h07_su10,Floor heating,0.0
UserA,h07_su10,Induction stove,0.0
UserA,h07_su10,Gas stove,0.0
UserA,h07_su10,Gas National Grid,0.0
UserA,h08_su10,PV sys,0.0
UserA,h08_su10,National Grid EE,0.0
UserA,h08_su10,Storage EE,0.3521755687974062
UserA,h08_su10,Gas Boiler,0.0
UserA,h08_su10,HP,0.0
UserA,h08_su10,AC,0.0
UserA,h08_su10,Storage HW,0.0
UserA,h08_su10,Radiators,0.0
UserA,h08_su10,Floor heating,0.0
UserA,h08_su10,Induction stove,0.0
UserA,h08_su10,Gas stove,0.0
UserA,h08_su10,Gas National Grid,0.0
UserA,h09_su10,PV sys,0.0
UserA,h09_su10,National Grid EE,0.0
UserA,h09_su10,Storage EE,0.4265678985821547
UserA,h09_su10,Gas Boiler,0.0
UserA,h09_su10,HP,0.0
UserA,h09_su10,AC,0.0
UserA,h09_su10,Storage HW,0.0
UserA,h09_su10,Radiators,0.0
UserA,h09_su10,Floor heating,0.0
UserA,h09_su10,Induction stove,0.0
UserA,h09_su10,Gas stove,0.0
UserA,h09_su10,Gas National Grid,0.0
UserA,h10_su10,PV sys,0.0
UserA,h10_su10,National Grid EE,0.0
UserA,h10_su10,Storage EE,1.0103978056984837
UserA,h10_su10,Gas Boiler,0.0
UserA,h10_su10,HP,0.0
UserA,h10_su10,AC,0.0
UserA,h10_su10,Storage HW,0.0
UserA,h10_su10,Radiators,0.0
UserA,h10_su10,Floor heating,0.0
UserA,h10_su10,Induction stove,0.0
UserA,h10_su10,Gas stove,0.0
UserA,h10_su10,Gas National Grid,0.0
UserA,h11_su10,PV sys,0.0
UserA,h11_su10,National Grid EE,0.0
UserA,h11_su10,Storage EE,1.6384966024998664
UserA,h11_su10,Gas Boiler,0.0
UserA,h11_su10,HP,0.0
UserA,h11_su10,AC,0.0
UserA,h11_su10,Storage HW,0.0
UserA,h11_su10,Radiators,0.0
UserA,h11_su10,Floor heating,0.0
UserA,h11_su10,Induction stove,0.0
UserA,h11_su10,Gas stove,0.0
UserA,h11_su10,Gas National Grid,0.0
UserA,h12_su10,PV sys,0.0
UserA,h12_su10,National Grid EE,0.0
UserA,h12_su10,Storage EE,2.2484961493012494
UserA,h12_su10,Gas Boiler,0.0
UserA,h12_su10,HP,0.0
UserA,h12_su10,AC,0.0
UserA,h12_su10,Storage HW,0.0
UserA,h12_su10,Radiators,0.0
UserA,h12_su10,Floor heating,0.0
UserA,h12_su10,Induction stove,0.0
UserA,h12_su10,Gas stove,0.0
UserA,h12_su10,Gas National Grid,0.0
UserA,h13_su10,PV sys,0.0
UserA,h13_su10,National Grid EE,0.0
UserA,h13_su10,Storage EE,1.5990363901629454
UserA,h13_su10,Gas Boiler,0.0
UserA,h13_su10,HP,0.0
UserA,h13_su10,AC,0.0
UserA,h13_su10,Storage HW,0.0
UserA,h13_su10,Radiators,0.0
UserA,h13_su10,Floor heating,0.0
UserA,h13_su10,Induction stove,0.0
UserA,h13_su10,Gas stove,0.0
UserA,h13_su10,Gas National Grid,0.0
UserA,h14_su10,PV sys,0.0
UserA,h14_su10,National Grid EE,0.0
UserA,h14_su10,Storage EE,1.9072508898204448
UserA,h14_su10,Gas Boiler,0.0
UserA,h14_su10,HP,0.0
UserA,h14_su10,AC,0.0
UserA,h14_su10,Storage HW,0.0
UserA,h14_su10,Radiators,0.0
UserA,h14_su10,Floor heating,0.0
UserA,h14_su10,Induction stove,0.0
UserA,h14_su10,Gas stove,0.0
UserA,h14_su10,Gas National Grid,0.0
UserA,h15_su10,PV sys,0.0
UserA,h15_su10,National Grid EE,0.0
UserA,h15_su10,Storage EE,2.1165777394779455
UserA,h15_su10,Gas Boiler,0.0
UserA,h15_su10,HP,0.0
UserA,h15_su10,AC,0.0
UserA,h15_su10,Storage HW,0.0
UserA,h15_su10,Radiators,0.0
UserA,h15_su10,Floor heating,0.0
UserA,h15_su10,Induction stove,0.0
UserA,h15_su10,Gas stove,0.0
UserA,h15_su10,Gas National Grid,0.0
UserA,h16_su10,PV sys,0.0
UserA,h16_su10,National Grid EE,0.0
UserA,h16_su10,Storage EE,2.242771436279328
UserA,h16_su10,Gas Boiler,0.0
UserA,h16_su10,HP,0.0
UserA,h16_su10,AC,0.0
UserA,h16_su10,Storage HW,0.0
UserA,h16_su10,Radiators,0.0
UserA,h16_su10,Floor heating,0.0
UserA,h16_su10,Induction stove,0.0
UserA,h16_su10,Gas stove,0.0
UserA,h16_su10,Gas National Grid,0.0
UserA,h17_su10,PV sys,0.0
UserA,h17_su10,National Grid EE,0.0
UserA,h17_su10,Storage EE,2.2709637299615983
UserA,h17_su10,Gas Boiler,0.0
UserA,h17_su10,HP,0.0
UserA,h17_su10,AC,0.0
UserA,h17_su10,Storage HW,0.0
UserA,h17_su10,Radiators,0.0
UserA,h17_su10,Floor heating,0.0
UserA,h17_su10,Induction stove,0.0
UserA,h17_su10,Gas stove,0.0
UserA,h17_su10,Gas National Grid,0.0
UserA,h18_su10,PV sys,0.0
UserA,h18_su10,National Grid EE,0.0
UserA,h18_su10,Storage EE,2.1361408394757526
UserA,h18_su10,Gas Boiler,0.0
UserA,h18_su10,HP,0.0
UserA,h18_su10,AC,0.0
UserA,h18_su10,Storage HW,0.0
UserA,h18_su10,Radiators,0.0
UserA,h18_su10,Floor heating,0.0
UserA,h18_su10,Induction stove,0.0
UserA,h18_su10,Gas stove,0.0
UserA,h18_su10,Gas National Grid,0.0
UserA,h19_su10,PV sys,0.0
UserA,h19_su10,National Grid EE,0.0
UserA,h19_su10,Storage EE,1.9272913211877327
UserA,h19_su10,Gas Boiler,0.0
UserA,h19_su10,HP,0.0
UserA,h19_su10,AC,0.0
UserA,h19_su10,Storage HW,0.0
UserA,h19_su10,Radiators,0.0
UserA,h19_su10,Floor heating,0.0
UserA,h19_su10,Induction stove,0.0
UserA,h19_su10,Gas stove,0.0
UserA,h19_su10,Gas National Grid,0.0
UserA,h20_su10,PV sys,0.0
UserA,h20_su10,National Grid EE,0.0
UserA,h20_su10,Storage EE,1.6070898008297703
UserA,h20_su10,Gas Boiler,0.0
UserA,h20_su10,HP,0.0
UserA,h20_su10,AC,0.0
UserA,h20_su10,Storage HW,0.0
UserA,h20_su10,Radiators,0.0
UserA,h20_su10,Floor heating,0.0
UserA,h20_su10,Induction stove,0.0
UserA,h20_su10,Gas stove,0.0
UserA,h20_su10,Gas National Grid,0.0
UserA,h21_su10,PV sys,0.0
UserA,h21_su10,National Grid EE,0.0
UserA,h21_su10,Storage EE,1.2828073647638727
UserA,h21_su10,Gas Boiler,0.0
UserA,h21_su10,HP,0.0
UserA,h21_su10,AC,0.0
UserA,h21_su10,Storage HW,0.0
UserA,h21_su10,Radiators,0.0
UserA,h21_su10,Floor heating,0.0
UserA,h21_su10,Induction stove,0.0
UserA,h21_su10,Gas stove,0.0
UserA,h21_su10,Gas National Grid,0.0
UserA,h22_su10,PV sys,0.0
UserA,h22_su10,National Grid EE,0.0
UserA,h22_su10,Storage EE,0.8669579594140934
UserA,h22_su10,Gas Boiler,0.0
UserA,h22_su10,HP,0.0
UserA,h22_su10,AC,0.0
UserA,h22_su10,Storage HW,0.0
UserA,h22_su10,Radiators,0.0
UserA,h22_su10,Floor heating,0.0
UserA,h22_su10,Induction stove,0.0
UserA,h22_su10,Gas stove,0.0
UserA,h22_su10,Gas National Grid,0.0
UserA,h23_su10,PV sys,0.0
UserA,h23_su10,National Grid EE,0.0
UserA,h23_su10,Storage EE,0.4814615023260942
UserA,h23_su10,Gas Boiler,0.0
UserA,h23_su10,HP,0.0
UserA,h23_su10,AC,0.0
UserA,h23_su10,Storage HW,0.0
UserA,h23_su10,Radiators,0.0
UserA,h23_su10,Floor heating,0.0
UserA,h23_su10,Induction stove,0.0
UserA,h23_su10,Gas stove,0.0
UserA,h23_su10,Gas National Grid,0.0
UserA,h24_su10,PV sys,0.0
UserA,h24_su10,National Grid EE,0.0
UserA,h24_su10,Storage EE,0.30000000000000004
UserA,h24_su10,Gas Boiler,0.0
UserA,h24_su10,HP,0.0
UserA,h24_su10,AC,0.0
UserA,h24_su10,Storage HW,0.0
UserA,h24_su10,Radiators,0.0
UserA,h24_su10,Floor heating,0.0
UserA,h24_su10,Induction stove,0.0
UserA,h24_su10,Gas stove,0.0
UserA,h24_su10,Gas National Grid,0.0
UserA,h01_su11,PV sys,0.0
UserA,h01_su11,National Grid EE,0.0
UserA,h01_su11,Storage EE,0.30000000000000004
UserA,h01_su11,Gas Boiler,0.0
UserA,h01_su11,HP,0.0
UserA,h01_su11,AC,0.0
UserA,h01_su11,Storage HW,0.0
UserA,h01_su11,Radiators,0.0
UserA,h01_su11,Floor heating,0.0
UserA,h01_su11,Induction stove,0.0
UserA,h01_su11,Gas stove,0.0
UserA,h01_su11,Gas National Grid,0.0
UserA,h02_su11,PV sys,0.0
UserA,h02_su11,National Grid EE,0.0
UserA,h02_su11,Storage EE,0.30000000000000004
UserA,h02_su11,Gas Boiler,0.0
UserA,h02_su11,HP,0.0
UserA,h02_su11,AC,0.0
UserA,h02_su11,Storage HW,0.0
UserA,h02_su11,Radiators,0.0
UserA,h02_su11,Floor heating,0.0
UserA,h02_su11,Induction stove,0.0
UserA,h02_su11,Gas stove,0.0
UserA,h02_su11,Gas National Grid,0.0
UserA,h03_su11,PV sys,0.0
UserA,h03_su11,National Grid EE,0.0
UserA,h03_su11,Storage EE,0.30000000000000004
UserA,h03_su11,Gas Boiler,0.0
UserA,h03_su11,HP,0.0
UserA,h03_su11,AC,0.0
UserA,h03_su11,Storage HW,0.0
UserA,h03_su11,Radiators,0.0
UserA,h03_su11,Floor heating,0.0
UserA,h03_su11,Induction stove,0.0
UserA,h03_su11,Gas stove,0.0
UserA,h03_su11,Gas National Grid,0.0
UserA,h04_su11,PV sys,0.0
UserA,h04_su11,National Grid EE,0.0
UserA,h04_su11,Storage EE,0.30000000000000004
UserA,h04_su11,Gas Boiler,0.0
UserA,h04_su11,HP,0.0
UserA,h04_su11,AC,0.0
UserA,h04_su11,Storage HW,0.0
UserA,h04_su11,Radiators,0.0
UserA,h04_su11,Floor heating,0.0
UserA,h04_su11,Induction stove,0.0
UserA,h04_su11,Gas stove,0.0
UserA,h04_su11,Gas National Grid,0.0
UserA,h05_su11,PV sys,0.0
UserA,h05_su11,National Grid EE,0.0
UserA,h05_su11,Storage EE,0.30000000000000004
UserA,h05_su11,Gas Boiler,0.0
UserA,h05_su11,HP,0.0
UserA,h05_su11,AC,0.0
UserA,h05_su11,Storage HW,0.0
UserA,h05_su11,Radiators,0.0
UserA,h05_su11,Floor heating,0.0
UserA,h05_su11,Induction stove,0.0
UserA,h05_su11,Gas stove,0.0
UserA,h05_su11,Gas National Grid,0.0
UserA,h06_su11,PV sys,0.0
UserA,h06_su11,National Grid EE,0.0
UserA,h06_su11,Storage EE,0.32917233425694514
UserA,h06_su11,Gas Boiler,0.0
UserA,h06_su11,HP,0.0
UserA,h06_su11,AC,0.0
UserA,h06_su11,Storage HW,0.0
UserA,h06_su11,Radiators,0.0
UserA,h06_su11,Floor heating,0.0
UserA,h06_su11,Induction stove,0.0
UserA,h06_su11,Gas stove,0.0
UserA,h06_su11,Gas National Grid,0.0
UserA,h07_su11,PV sys,0.0
UserA,h07_su11,National Grid EE,0.0
UserA,h07_su11,Storage EE,0.30000000000000004
UserA,h07_su11,Gas Boiler,0.0
UserA,h07_su11,HP,0.0
UserA,h07_su11,AC,0.0
UserA,h07_su11,Storage HW,0.0
UserA,h07_su11,Radiators,0.0
UserA,h07_su11,Floor heating,0.0
UserA,h07_su11,Induction stove,0.0
UserA,h07_su11,Gas stove,0.0
UserA,h07_su11,Gas National Grid,0.0
UserA,h08_su11,PV sys,0.0
UserA,h08_su11,National Grid EE,0.0
UserA,h08_su11,Storage EE,0.7532731521307394
UserA,h08_su11,Gas Boiler,0.0
UserA,h08_su11,HP,0.0
UserA,h08_su11,AC,0.0
UserA,h08_su11,Storage HW,0.0
UserA,h08_su11,Radiators,0.0
UserA,h08_su11,Floor heating,0.0
UserA,h08_su11,Induction stove,0.0
UserA,h08_su11,Gas stove,0.0
UserA,h08_su11,Gas National Grid,0.0
UserA,h09_su11,PV sys,0.0
UserA,h09_su11,National Grid EE,0.0
UserA,h09_su11,Storage EE,1.3174892819154882
UserA,h09_su11,Gas Boiler,0.0
UserA,h09_su11,HP,0.0
UserA,h09_su11,AC,0.0
UserA,h09_su11,Storage HW,0.0
UserA,h09_su11,Radiators,0.0
UserA,h09_su11,Floor heating,0.0
UserA,h09_su11,Induction stove,0.0
UserA,h09_su11,Gas stove,0.0
UserA,h09_su11,Gas National Grid,0.0
UserA,h10_su11,PV sys,0.0
UserA,h10_su11,National Grid EE,0.0
UserA,h10_su11,Storage EE,2.1850631758509618
UserA,h10_su11,Gas Boiler,0.0
UserA,h10_su11,HP,0.0
UserA,h10_su11,AC,0.0
UserA,h10_su11,Storage HW,0.0
UserA,h10_su11,Radiators,0.0
UserA,h10_su11,Floor heating,0.0
UserA,h10_su11,Induction stove,0.0
UserA,h10_su11,Gas stove,0.0
UserA,h10_su11,Gas National Grid,0.0
UserA,h11_su11,PV sys,0.0
UserA,h11_su11,National Grid EE,0.0
UserA,h11_su11,Storage EE,2.8499999999999996
UserA,h11_su11,Gas Boiler,0.0
UserA,h11_su11,HP,0.0
UserA,h11_su11,AC,0.0
UserA,h11_su11,Storage HW,0.0
UserA,h11_su11,Radiators,0.0
UserA,h11_su11,Floor heating,0.0
UserA,h11_su11,Induction stove,0.0
UserA,h11_su11,Gas stove,0.0
UserA,h11_su11,Gas National Grid,0.0
UserA,h12_su11,PV sys,0.0
UserA,h12_su11,National Grid EE,0.0
UserA,h12_su11,Storage EE,2.280135950684999
UserA,h12_su11,Gas Boiler,0.0
UserA,h12_su11,HP,0.0
UserA,h12_su11,AC,0.0
UserA,h12_su11,Storage HW,0.0
UserA,h12_su11,Radiators,0.0
UserA,h12_su11,Floor heating,0.0
UserA,h12_su11,Induction stove,0.0
UserA,h12_su11,Gas stove,0.0
UserA,h12_su11,Gas National Grid,0.0
UserA,h13_su11,PV sys,0.0
UserA,h13_su11,National Grid EE,0.0
UserA,h13_su11,Storage EE,0.7801359506849992
UserA,h13_su11,Gas Boiler,0.0
UserA,h13_su11,HP,0.0
UserA,h13_su11,AC,0.0
UserA,h13_su11,Storage HW,0.0
UserA,h13_su11,Radiators,0.0
UserA,h13_su11,Floor heating,0.0
UserA,h13_su11,Induction stove,0.0
UserA,h13_su11,Gas stove,0.0
UserA,h13_su11,Gas National Grid,0.0
UserA,h14_su11,PV sys,0.0
UserA,h14_su11,National Grid EE,0.0
UserA,h14_su11,Storage EE,1.9421200336758329
UserA,h14_su11,Gas Boiler,0.0
UserA,h14_su11,HP,0.0
UserA,h14_su11,AC,0.0
UserA,h14_su11,Storage HW,0.0
UserA,h14_su11,Radiators,0.0
UserA,h14_su11,Floor heating,0.0
UserA,h14_su11,Induction stove,0.0
UserA,h14_su11,Gas stove,0.0
UserA,h14_su11,Gas National Grid,0.0
UserA,h15_su11,PV sys,0.0
UserA,h15_su11,National Grid EE,0.0
UserA,h15_su11,Storage EE,2.8499999999999996
UserA,h15_su11,Gas Boiler,0.0
UserA,h15_su11,HP,0.0
UserA,h15_su11,AC,0.0
UserA,h15_su11,Storage HW,0.0
UserA,h15_su11,Radiators,0.0
UserA,h15_su11,Floor heating,0.0
UserA,h15_su11,Induction stove,0.0
UserA,h15_su11,Gas stove,0.0
UserA,h15_su11,Gas National Grid,0.0
UserA,h16_su11,PV sys,0.0
UserA,h16_su11,National Grid EE,0.0
UserA,h16_su11,Storage EE,2.579881822984396
UserA,h16_su11,Gas Boiler,0.0
UserA,h16_su11,HP,0.0
UserA,h16_su11,AC,0.0
UserA,h16_su11,Storage HW,0.0
UserA,h16_su11,Radiators,0.0
UserA,h16_su11,Floor heating,0.0
UserA,h16_su11,Induction stove,0.0
UserA,h16_su11,Gas stove,0.0
UserA,h16_su11,Gas National Grid,0.0
UserA,h17_su11,PV sys,0.0
UserA,h17_su11,National Grid EE,0.0
UserA,h17_su11,Storage EE,2.85
UserA,h17_su11,Gas Boiler,0.0
UserA,h17_su11,HP,0.0
UserA,h17_su11,AC,0.0
UserA,h17_su11,Storage HW,0.0
UserA,h17_su11,Radiators,0.0
UserA,h17_su11,Floor heating,0.0
UserA,h17_su11,Induction stove,0.0
UserA,h17_su11,Gas stove,0.0
UserA,h17_su11,Gas National Grid,0.0
UserA,h18_su11,PV sys,0.0
UserA,h18_su11,National Grid EE,0.0
UserA,h18_su11,Storage EE,2.7050017495141545
UserA,h18_su11,Gas Boiler,0.0
UserA,h18_su11,HP,0.0
UserA,h18_su11,AC,0.0
UserA,h18_su11,Storage HW,0.0
UserA,h18_su11,Radiators,0.0
UserA,h18_su11,Floor heating,0.0
UserA,h18_su11,Induction stove,0.0
UserA,h18_su11,Gas stove,0.0
UserA,h18_su11,Gas National Grid,0.0
UserA,h19_su11,PV sys,0.0
UserA,h19_su11,National Grid EE,0.0
UserA,h19_su11,Storage EE,2.725241749514154
UserA,h19_su11,Gas Boiler,0.0
UserA,h19_su11,HP,0.0
UserA,h19_su11,AC,0.0
UserA,h19_su11,Storage HW,0.0
UserA,h19_su11,Radiators,0.0
UserA,h19_su11,Floor heating,0.0
UserA,h19_su11,Induction stove,0.0
UserA,h19_su11,Gas stove,0.0
UserA,h19_su11,Gas National Grid,0.0
UserA,h20_su11,PV sys,0.0
UserA,h20_su11,National Grid EE,0.0
UserA,h20_su11,Storage EE,2.725241749514154
UserA,h20_su11,Gas Boiler,0.0
UserA,h20_su11,HP,0.0
UserA,h20_su11,AC,0.0
UserA,h20_su11,Storage HW,0.0
UserA,h20_su11,Radiators,0.0
UserA,h20_su11,Floor heating,0.0
UserA,h20_su11,Induction stove,0.0
UserA,h20_su11,Gas stove,0.0
UserA,h20_su11,Gas National Grid,0.0
UserA,h21_su11,PV sys,0.0
UserA,h21_su11,National Grid EE,0.0
UserA,h21_su11,Storage EE,2.725241749514154
UserA,h21_su11,Gas Boiler,0.0
UserA,h21_su11,HP,0.0
UserA,h21_su11,AC,0.0
UserA,h21_su11,Storage HW,0.0
UserA,h21_su11,Radiators,0.0
UserA,h21_su11,Floor heating,0.0
UserA,h21_su11,Induction stove,0.0
UserA,h21_su11,Gas stove,0.0
UserA,h21_su11,Gas National Grid,0.0
UserA,h22_su11,PV sys,0.0
UserA,h22_su11,National Grid EE,0.0
UserA,h22_su11,Storage EE,2.725241749514154
UserA,h22_su11,Gas Boiler,0.0
UserA,h22_su11,HP,0.0
UserA,h22_su11,AC,0.0
UserA,h22_su11,Storage HW,0.0
UserA,h22_su11,Radiators,0.0
UserA,h22_su11,Floor heating,0.0
UserA,h22_su11,Induction stove,0.0
UserA,h22_su11,Gas stove,0.0
UserA,h22_su11,Gas National Grid,0.0
UserA,h23_su11,PV sys,0.0
UserA,h23_su11,National Grid EE,0.0
UserA,h23_su11,Storage EE,2.725241749514154
UserA,h23_su11,Gas Boiler,0.0
UserA,h23_su11,HP,0.0
UserA,h23_su11,AC,0.0
UserA,h23_su11,Storage HW,0.0
UserA,h23_su11,Radiators,0.0
UserA,h23_su11,Floor heating,0.0
UserA,h23_su11,Induction stove,0.0
UserA,h23_su11,Gas stove,0.0
UserA,h23_su11,Gas National Grid,0.0
UserA,h24_su11,PV sys,0.0
UserA,h24_su11,National Grid EE,0.0
UserA,h24_su11,Storage EE,2.725241749514154
UserA,h24_su11,Gas Boiler,0.0
UserA,h24_su11,HP,0.0
UserA,h24_su11,AC,0.0
UserA,h24_su11,Storage HW,0.0
UserA,h24_su11,Radiators,0.0
UserA,h24_su11,Floor heating,0.0
UserA,h24_su11,Induction stove,0.0
UserA,h24_su11,Gas stove,0.0
UserA,h24_su11,Gas National Grid,0.0
UserA,h01_su12,PV sys,0.0
UserA,h01_su12,National Grid EE,0.0
UserA,h01_su12,Storage EE,2.725241749514154
UserA,h01_su12,Gas Boiler,0.0
UserA,h01_su12,HP,0.0
UserA,h01_su12,AC,0.0
UserA,h01_su12,Storage HW,0.0
UserA,h01_su12,Radiators,0.0
UserA,h01_su12,Floor heating,0.0
UserA,h01_su12,Induction stove,0.0
UserA,h01_su12,Gas stove,0.0
UserA,h01_su12,Gas National Grid,0.0
UserA,h02_su12,PV sys,0.0
UserA,h02_su12,National Grid EE,0.0
UserA,h02_su12,Storage EE,2.725241749514154
UserA,h02_su12,Gas Boiler,0.0
UserA,h02_su12,HP,0.0
UserA,h02_su12,AC,0.0
UserA,h02_su12,Storage HW,0.0
UserA,h02_su12,Radiators,0.0
UserA,h02_su12,Floor heating,0.0
UserA,h02_su12,Induction stove,0.0
UserA,h02_su12,Gas stove,0.0
UserA,h02_su12,Gas National Grid,0.0
UserA,h03_su12,PV sys,0.0
UserA,h03_su12,National Grid EE,0.0
UserA,h03_su12,Storage EE,2.725241749514154
UserA,h03_su12,Gas Boiler,0.0
UserA,h03_su12,HP,0.0
UserA,h03_su12,AC,0.0
UserA,h03_su12,Storage HW,0.0
UserA,h03_su12,Radiators,0.0
UserA,h03_su12,Floor heating,0.0
UserA,h03_su12,Induction stove,0.0
UserA,h03_su12,Gas stove,0.0
UserA,h03_su12,Gas National Grid,0.0
UserA,h04_su12,PV sys,0.0
UserA,h04_su12,National Grid EE,0.0
UserA,h04_su12,Storage EE,2.725241749514154
UserA,h04_su12,Gas Boiler,0.0
UserA,h04_su12,HP,0.0
UserA,h04_su12,AC,0.0
UserA,h04_su12,Storage HW,0.0
UserA,h04_su12,Radiators,0.0
UserA,h04_su12,Floor heating,0.0
UserA,h04_su12,Induction stove,0.0
UserA,h04_su12,Gas stove,0.0
UserA,h04_su12,Gas National Grid,0.0
UserA,h05_su12,PV sys,0.0
UserA,h05_su12,National Grid EE,0.0
UserA,h05_su12,Storage EE,2.725241749514154
UserA,h05_su12,Gas Boiler,0.0
UserA,h05_su12,HP,0.0
UserA,h05_su12,AC,0.0
UserA,h05_su12,Storage HW,0.0
UserA,h05_su12,Radiators,0.0
UserA,h05_su12,Floor heating,0.0
UserA,h05_su12,Induction stove,0.0
UserA,h05_su12,Gas stove,0.0
UserA,h05_su12,Gas National Grid,0.0
UserA,h06_su12,PV sys,0.0
UserA,h06_su12,National Grid EE,0.0
UserA,h06_su12,Storage EE,2.725241749514154
UserA,h06_su12,Gas Boiler,0.0
UserA,h06_su12,HP,0.0
UserA,h06_su12,AC,0.0
UserA,h06_su12,Storage HW,0.0
UserA,h06_su12,Radiators,0.0
UserA,h06_su12,Floor heating,0.0
UserA,h06_su12,Induction stove,0.0
UserA,h06_su12,Gas stove,0.0
UserA,h06_su12,Gas National Grid,0.0
UserA,h07_su12,PV sys,0.0
UserA,h07_su12,National Grid EE,0.0
UserA,h07_su12,Storage EE,2.749641749514154
UserA,h07_su12,Gas Boiler,0.0
UserA,h07_su12,HP,0.0
UserA,h07_su12,AC,0.0
UserA,h07_su12,Storage HW,0.0
UserA,h07_su12,Radiators,0.0
UserA,h07_su12,Floor heating,0.0
UserA,h07_su12,Induction stove,0.0
UserA,h07_su12,Gas stove,0.0
UserA,h07_su12,Gas National Grid,0.0
UserA,h08_su12,PV sys,0.0
UserA,h08_su12,National Grid EE,0.0
UserA,h08_su12,Storage EE,2.798981749514154
UserA,h08_su12,Gas Boiler,0.0
UserA,h08_su12,HP,0.0
UserA,h08_su12,AC,0.0
UserA,h08_su12,Storage HW,0.0
UserA,h08_su12,Radiators,0.0
UserA,h08_su12,Floor heating,0.0
UserA,h08_su12,Induction stove,0.0
UserA,h08_su12,Gas stove,0.0
UserA,h08_su12,Gas National Grid,0.0
UserA,h09_su12,PV sys,0.0
UserA,h09_su12,National Grid EE,0.0
UserA,h09_su12,Storage EE,2.8499999999999996
UserA,h09_su12,Gas Boiler,0.0
UserA,h09_su12,HP,0.0
UserA,h09_su12,AC,0.0
UserA,h09_su12,Storage HW,0.0
UserA,h09_su12,Radiators,0.0
UserA,h09_su12,Floor heating,0.0
UserA,h09_su12,Induction stove,0.0
UserA,h09_su12,Gas stove,0.0
UserA,h09_su12,Gas National Grid,0.0
UserA,h10_su12,PV sys,0.0
UserA,h10_su12,National Grid EE,0.0
UserA,h10_su12,Storage EE,2.8499999999999996
UserA,h10_su12,Gas Boiler,0.0
UserA,h10_su12,HP,0.0
UserA,h10_su12,AC,0.0
UserA,h10_su12,Storage HW,0.0
UserA,h10_su12,Radiators,0.0
UserA,h10_su12,Floor heating,0.0
UserA,h10_su12,Induction stove,0.0
UserA,h10_su12,Gas stove,0.0
UserA,h10_su12,Gas National Grid,0.0
UserA,h11_su12,PV sys,0.0
UserA,h11_su12,National Grid EE,0.0
UserA,h11_su12,Storage EE,2.6277681801347157
UserA,h11_su12,Gas Boiler,0.0
UserA,h11_su12,HP,0.0
UserA,h11_su12,AC,0.0
UserA,h11_su12,Storage HW,0.0
UserA,h11_su12,Radiators,0.0
UserA,h11_su12,Floor heating,0.0
UserA,h11_su12,Induction stove,0.0
UserA,h11_su12,Gas stove,0.0
UserA,h11_su12,Gas National Grid,0.0
UserA,h12_su12,PV sys,0.0
UserA,h12_su12,National Grid EE,0.0
UserA,h12_su12,Storage EE,2.7431081801347155
UserA,h12_su12,Gas Boiler,0.0
UserA,h12_su12,HP,0.0
UserA,h12_su12,AC,0.0
UserA,h12_su12,Storage HW,0.0
UserA,h12_su12,Radiators,0.0
UserA,h12_su12,Floor heating,0.0
UserA,h12_su12,Induction stove,0.0
UserA,h12_su12,Gas stove,0.0
UserA,h12_su12,Gas National Grid,0.0
UserA,h13_su12,PV sys,0.0
UserA,h13_su12,National Grid EE,0.0
UserA,h13_su12,Storage EE,2.5910297655065007
UserA,h13_su12,Gas Boiler,0.0
UserA,h13_su12,HP,0.0
UserA,h13_su12,AC,0.0
UserA,h13_su12,Storage HW,0.0
UserA,h13_su12,Radiators,0.0
UserA,h13_su12,Floor heating,0.0
UserA,h13_su12,Induction stove,0.0
UserA,h13_su12,Gas stove,0.0
UserA,h13_su12,Gas National Grid,0.0
UserA,h14_su12,PV sys,0.0
UserA,h14_su12,National Grid EE,0.0
UserA,h14_su12,Storage EE,2.7439097655065012
UserA,h14_su12,Gas Boiler,0.0
UserA,h14_su12,HP,0.0
UserA,h14_su12,AC,0.0
UserA,h14_su12,Storage HW,0.0
UserA,h14_su12,Radiators,0.0
UserA,h14_su12,Floor heating,0.0
UserA,h14_su12,Induction stove,0.0
UserA,h14_su12,Gas stove,0.0
UserA,h14_su12,Gas National Grid,0.0
UserA,h15_su12,PV sys,0.0
UserA,h15_su12,National Grid EE,0.0
UserA,h15_su12,Storage EE,2.6329
UserA,h15_su12,Gas Boiler,0.0
UserA,h15_su12,HP,0.0
UserA,h15_su12,AC,0.0
UserA,h15_su12,Storage HW,0.0
UserA,h15_su12,Radiators,0.0
UserA,h15_su12,Floor heating,0.0
UserA,h15_su12,Induction stove,0.0
UserA,h15_su12,Gas stove,0.0
UserA,h15_su12,Gas National Grid,0.0
UserA,h16_su12,PV sys,0.0
UserA,h16_su12,National Grid EE,0.0
UserA,h16_su12,Storage EE,2.7920399999999996
UserA,h16_su12,Gas Boiler,0.0
UserA,h16_su12,HP,0.0
UserA,h16_su12,AC,0.0
UserA,h16_su12,Storage HW,0.0
UserA,h16_su12,Radiators,0.0
UserA,h16_su12,Floor heating,0.0
UserA,h16_su12,Induction stove,0.0
UserA,h16_su12,Gas stove,0.0
UserA,h16_su12,Gas National Grid,0.0
UserA,h17_su12,PV sys,0.0
UserA,h17_su12,National Grid EE,0.0
UserA,h17_su12,Storage EE,2.84808
UserA,h17_su12,Gas Boiler,0.0
UserA,h17_su12,HP,0.0
UserA,h17_su12,AC,0.0
UserA,h17_su12,Storage HW,0.0
UserA,h17_su12,Radiators,0.0
UserA,h17_su12,Floor heating,0.0
UserA,h17_su12,Induction stove,0.0
UserA,h17_su12,Gas stove,0.0
UserA,h17_su12,Gas National Grid,0.0
UserA,h18_su12,PV sys,0.0
UserA,h18_su12,National Grid EE,0.0
UserA,h18_su12,Storage EE,2.8499999999999996
UserA,h18_su12,Gas Boiler,0.0
UserA,h18_su12,HP,0.0
UserA,h18_su12,AC,0.0
UserA,h18_su12,Storage HW,0.0
UserA,h18_su12,Radiators,0.0
UserA,h18_su12,Floor heating,0.0
UserA,h18_su12,Induction stove,0.0
UserA,h18_su12,Gas stove,0.0
UserA,h18_su12,Gas National Grid,0.0
UserA,h19_su12,PV sys,0.0
UserA,h19_su12,National Grid EE,0.0
UserA,h19_su12,Storage EE,2.8499999999999996
UserA,h19_su12,Gas Boiler,0.0
UserA,h19_su12,HP,0.0
UserA,h19_su12,AC,0.0
UserA,h19_su12,Storage HW,0.0
UserA,h19_su12,Radiators,0.0
UserA,h19_su12,Floor heating,0.0
UserA,h19_su12,Induction stove,0.0
UserA,h19_su12,Gas stove,0.0
UserA,h19_su12,Gas National Grid,0.0
UserA,h20_su12,PV sys,0.0
UserA,h20_su12,National Grid EE,0.0
UserA,h20_su12,Storage EE,2.8499999999999996
UserA,h20_su12,Gas Boiler,0.0
UserA,h20_su12,HP,0.0
UserA,h20_su12,AC,0.0
UserA,h20_su12,Storage HW,0.0
UserA,h20_su12,Radiators,0.0
UserA,h20_su12,Floor heating,0.0
UserA,h20_su12,Induction stove,0.0
UserA,h20_su12,Gas stove,0.0
UserA,h20_su12,Gas National Grid,0.0
UserA,h21_su12,PV sys,0.0
UserA,h21_su12,National Grid EE,0.0
UserA,h21_su12,Storage EE,2.8499999999999996
UserA,h21_su12,Gas Boiler,0.0
UserA,h21_su12,HP,0.0
UserA,h21_su12,AC,0.0
UserA,h21_su12,Storage HW,0.0
UserA,h21_su12,Radiators,0.0
UserA,h21_su12,Floor heating,0.0
UserA,h21_su12,Induction stove,0.0
UserA,h21_su12,Gas stove,0.0
UserA,h21_su12,Gas National Grid,0.0
UserA,h22_su12,PV sys,0.0
UserA,h22_su12,National Grid EE,0.0
UserA,h22_su12,Storage EE,2.8499999999999996
UserA,h22_su12,Gas Boiler,0.0
UserA,h22_su12,HP,0.0
UserA,h22_su12,AC,0.0
UserA,h22_su12,Storage HW,0.0
UserA,h22_su12,Radiators,0.0
UserA,h22_su12,Floor heating,0.0
UserA,h22_su12,Induction stove,0.0
UserA,h22_su12,Gas stove,0.0
UserA,h22_su12,Gas National Grid,0.0
UserA,h23_su12,PV sys,0.0
UserA,h23_su12,National Grid EE,0.0
UserA,h23_su12,Storage EE,2.8499999999999996
UserA,h23_su12,Gas Boiler,0.0
UserA,h23_su12,HP,0.0
UserA,h23_su12,AC,0.0
UserA,h23_su12,Storage HW,0.0
UserA,h23_su12,Radiators,0.0
UserA,h23_su12,Floor heating,0.0
UserA,h23_su12,Induction stove,0.0
UserA,h23_su12,Gas stove,0.0
UserA,h23_su12,Gas National Grid,0.0
UserA,h24_su12,PV sys,0.0
UserA,h24_su12,National Grid EE,0.0
UserA,h24_su12,Storage EE,2.8499999999999996
UserA,h24_su12,Gas Boiler,0.0
UserA,h24_su12,HP,0.0
UserA,h24_su12,AC,0.0
UserA,h24_su12,Storage HW,0.0
UserA,h24_su12,Radiators,0.0
UserA,h24_su12,Floor heating,0.0
UserA,h24_su12,Induction stove,0.0
UserA,h24_su12,Gas stove,0.0
UserA,h24_su12,Gas National Grid,0.0
UserA,h01_su13,PV sys,0.0
UserA,h01_su13,National Grid EE,0.0
UserA,h01_su13,Storage EE,2.8499999999999996
UserA,h01_su13,Gas Boiler,0.0
UserA,h01_su13,HP,0.0
UserA,h01_su13,AC,0.0
UserA,h01_su13,Storage HW,0.0
UserA,h01_su13,Radiators,0.0
UserA,h01_su13,Floor heating,0.0
UserA,h01_su13,Induction stove,0.0
UserA,h01_su13,Gas stove,0.0
UserA,h01_su13,Gas National Grid,0.0
UserA,h02_su13,PV sys,0.0
UserA,h02_su13,National Grid EE,0.0
UserA,h02_su13,Storage EE,2.8499999999999996
UserA,h02_su13,Gas Boiler,0.0
UserA,h02_su13,HP,0.0
UserA,h02_su13,AC,0.0
UserA,h02_su13,Storage HW,0.0
UserA,h02_su13,Radiators,0.0
UserA,h02_su13,Floor heating,0.0
UserA,h02_su13,Induction stove,0.0
UserA,h02_su13,Gas stove,0.0
UserA,h02_su13,Gas National Grid,0.0
UserA,h03_su13,PV sys,0.0
UserA,h03_su13,National Grid EE,0.0
UserA,h03_su13,Storage EE,2.715537747106286
UserA,h03_su13,Gas Boiler,0.0
UserA,h03_su13,HP,0.0
UserA,h03_su13,AC,0.0
UserA,h03_su13,Storage HW,0.0
UserA,h03_su13,Radiators,0.0
UserA,h03_su13,Floor heating,0.0
UserA,h03_su13,Induction stove,0.0
UserA,h03_su13,Gas stove,0.0
UserA,h03_su13,Gas National Grid,0.0
UserA,h04_su13,PV sys,0.0
UserA,h04_su13,National Grid EE,0.0
UserA,h04_su13,Storage EE,2.581158810879239
UserA,h04_su13,Gas Boiler,0.0
UserA,h04_su13,HP,0.0
UserA,h04_su13,AC,0.0
UserA,h04_su13,Storage HW,0.0
UserA,h04_su13,Radiators,0.0
UserA,h04_su13,Floor heating,0.0
UserA,h04_su13,Induction stove,0.0
UserA,h04_su13,Gas stove,0.0
UserA,h04_su13,Gas National Grid,0.0
UserA,h05_su13,PV sys,0.0
UserA,h05_su13,National Grid EE,0.0
UserA,h05_su13,Storage EE,2.4352203603664777
UserA,h05_su13,Gas Boiler,0.0
UserA,h05_su13,HP,0.0
UserA,h05_su13,AC,0.0
UserA,h05_su13,Storage HW,0.0
UserA,h05_su13,Radiators,0.0
UserA,h05_su13,Floor heating,0.0
UserA,h05_su13,Induction stove,0.0
UserA,h05_su13,Gas stove,0.0
UserA,h05_su13,Gas National Grid,0.0
UserA,h06_su13,PV sys,0.0
UserA,h06_su13,National Grid EE,0.0
UserA,h06_su13,Storage EE,2.2290785098537165
UserA,h06_su13,Gas Boiler,0.0
UserA,h06_su13,HP,0.0
UserA,h06_su13,AC,0.0
UserA,h06_su13,Storage HW,0.0
UserA,h06_su13,Radiators,0.0
UserA,h06_su13,Floor heating,0.0
UserA,h06_su13,Induction stove,0.0
UserA,h06_su13,Gas stove,0.0
UserA,h06_su13,Gas National Grid,0.0
UserA,h07_su13,PV sys,0.0
UserA,h07_su13,National Grid EE,0.0
UserA,h07_su13,Storage EE,2.3009685098537163
UserA,h07_su13,Gas Boiler,0.0
UserA,h07_su13,HP,0.0
UserA,h07_su13,AC,0.0
UserA,h07_su13,Storage HW,0.0
UserA,h07_su13,Radiators,0.0
UserA,h07_su13,Floor heating,0.0
UserA,h07_su13,Induction stove,0.0
UserA,h07_su13,Gas stove,0.0
UserA,h07_su13,Gas National Grid,0.0
UserA,h08_su13,PV sys,0.0
UserA,h08_su13,National Grid EE,0.0
UserA,h08_su13,Storage EE,2.4313985098537163
UserA,h08_su13,Gas Boiler,0.0
UserA,h08_su13,HP,0.0
UserA,h08_su13,AC,0.0
UserA,h08_su13,Storage HW,0.0
UserA,h08_su13,Radiators,0.0
UserA,h08_su13,Floor heating,0.0
UserA,h08_su13,Induction stove,0.0
UserA,h08_su13,Gas stove,0.0
UserA,h08_su13,Gas National Grid,0.0
UserA,h09_su13,PV sys,0.0
UserA,h09_su13,National Grid EE,0.0
UserA,h09_su13,Storage EE,2.6672285098537163
UserA,h09_su13,Gas Boiler,0.0
UserA,h09_su13,HP,0.0
UserA,h09_su13,AC,0.0
UserA,h09_su13,Storage HW,0.0
UserA,h09_su13,Radiators,0.0
UserA,h09_su13,Floor heating,0.0
UserA,h09_su13,Induction stove,0.0
UserA,h09_su13,Gas stove,0.0
UserA,h09_su13,Gas National Grid,0.0
UserA,h10_su13,PV sys,0.0
UserA,h10_su13,National Grid EE,0.0
UserA,h10_su13,Storage EE,2.8336301198652833
UserA,h10_su13,Gas Boiler,0.0
UserA,h10_su13,HP,0.0
UserA,h10_su13,AC,0.0
UserA,h10_su13,Storage HW,0.0
UserA,h10_su13,Radiators,0.0
UserA,h10_su13,Floor heating,0.0
UserA,h10_su13,Induction stove,0.0
UserA,h10_su13,Gas stove,0.0
UserA,h10_su13,Gas National Grid,0.0
UserA,h11_su13,PV sys,0.0
UserA,h11_su13,National Grid EE,0.0
UserA,h11_su13,Storage EE,2.8499999999999996
UserA,h11_su13,Gas Boiler,0.0
UserA,h11_su13,HP,0.0
UserA,h11_su13,AC,0.0
UserA,h11_su13,Storage HW,0.0
UserA,h11_su13,Radiators,0.0
UserA,h11_su13,Floor heating,0.0
UserA,h11_su13,Induction stove,0.0
UserA,h11_su13,Gas stove,0.0
UserA,h11_su13,Gas National Grid,0.0
UserA,h12_su13,PV sys,0.0
UserA,h12_su13,National Grid EE,0.0
UserA,h12_su13,Storage EE,2.843610330134716
UserA,h12_su13,Gas Boiler,0.0
UserA,h12_su13,HP,0.0
UserA,h12_su13,AC,0.0
UserA,h12_su13,Storage HW,0.0
UserA,h12_su13,Radiators,0.0
UserA,h12_su13,Floor heating,0.0
UserA,h12_su13,Induction stove,0.0
UserA,h12_su13,Gas stove,0.0
UserA,h12_su13,Gas National Grid,0.0
UserA,h13_su13,PV sys,0.0
UserA,h13_su13,National Grid EE,0.0
UserA,h13_su13,Storage EE,2.8499999999999996
UserA,h13_su13,Gas Boiler,0.0
UserA,h13_su13,HP,0.0
UserA,h13_su13,AC,0.0
UserA,h13_su13,Storage HW,0.0
UserA,h13_su13,Radiators,0.0
UserA,h13_su13,Floor heating,0.0
UserA,h13_su13,Induction stove,0.0
UserA,h13_su13,Gas stove,0.0
UserA,h13_su13,Gas National Grid,0.0
UserA,h14_su13,PV sys,0.0
UserA,h14_su13,National Grid EE,0.0
UserA,h14_su13,Storage EE,2.6709599999999996
UserA,h14_su13,Gas Boiler,0.0
UserA,h14_su13,HP,0.0
UserA,h14_su13,AC,0.0
UserA,h14_su13,Storage HW,0.0
UserA,h14_su13,Radiators,0.0
UserA,h14_su13,Floor heating,0.0
UserA,h14_su13,Induction stove,0.0
UserA,h14_su13,Gas stove,0.0
UserA,h14_su13,Gas National Grid,0.0
UserA,h15_su13,PV sys,0.0
UserA,h15_su13,National Grid EE,0.0
UserA,h15_su13,Storage EE,2.8499999999999996
UserA,h15_su13,Gas Boiler,0.0
UserA,h15_su13,HP,0.0
UserA,h15_su13,AC,0.0
UserA,h15_su13,Storage HW,0.0
UserA,h15_su13,Radiators,0.0
UserA,h15_su13,Floor heating,0.0
UserA,h15_su13,Induction stove,0.0
UserA,h15_su13,Gas stove,0.0
UserA,h15_su13,Gas National Grid,0.0
UserA,h16_su13,PV sys,0.0
UserA,h16_su13,National Grid EE,0.0
UserA,h16_su13,Storage EE,2.8499999999999996
UserA,h16_su13,Gas Boiler,0.0
UserA,h16_su13,HP,0.0
UserA,h16_su13,AC,0.0
UserA,h16_su13,Storage HW,0.0
UserA,h16_su13,Radiators,0.0
UserA,h16_su13,Floor heating,0.0
UserA,h16_su13,Induction stove,0.0
UserA,h16_su13,Gas stove,0.0
UserA,h16_su13,Gas National Grid,0.0
UserA,h17_su13,PV sys,0.0
UserA,h17_su13,National Grid EE,0.0
UserA,h17_su13,Storage EE,2.789329999999999
UserA,h17_su13,Gas Boiler,0.0
UserA,h17_su13,HP,0.0
UserA,h17_su13,AC,0.0
UserA,h17_su13,Storage HW,0.0
UserA,h17_su13,Radiators,0.0
UserA,h17_su13,Floor heating,0.0
UserA,h17_su13,Induction stove,0.0
UserA,h17_su13,Gas stove,0.0
UserA,h17_su13,Gas National Grid,0.0
UserA,h18_su13,PV sys,0.0
UserA,h18_su13,National Grid EE,0.0
UserA,h18_su13,Storage EE,2.8454699999999993
UserA,h18_su13,Gas Boiler,0.0
UserA,h18_su13,HP,0.0
UserA,h18_su13,AC,0.0
UserA,h18_su13,Storage HW,0.0
UserA,h18_su13,Radiators,0.0
UserA,h18_su13,Floor heating,0.0
UserA,h18_su13,Induction stove,0.0
UserA,h18_su13,Gas stove,0.0
UserA,h18_su13,Gas National Grid,0.0
UserA,h19_su13,PV sys,0.0
UserA,h19_su13,National Grid EE,0.0
UserA,h19_su13,Storage EE,2.8499999999999996
UserA,h19_su13,Gas Boiler,0.0
UserA,h19_su13,HP,0.0
UserA,h19_su13,AC,0.0
UserA,h19_su13,Storage HW,0.0
UserA,h19_su13,Radiators,0.0
UserA,h19_su13,Floor heating,0.0
UserA,h19_su13,Induction stove,0.0
UserA,h19_su13,Gas stove,0.0
UserA,h19_su13,Gas National Grid,0.0
UserA,h20_su13,PV sys,0.0
UserA,h20_su13,National Grid EE,0.0
UserA,h20_su13,Storage EE,2.849999999999999
UserA,h20_su13,Gas Boiler,0.0
UserA,h20_su13,HP,0.0
UserA,h20_su13,AC,0.0
UserA,h20_su13,Storage HW,0.0
UserA,h20_su13,Radiators,0.0
UserA,h20_su13,Floor heating,0.0
UserA,h20_su13,Induction stove,0.0
UserA,h20_su13,Gas stove,0.0
UserA,h20_su13,Gas National Grid,0.0
UserA,h21_su13,PV sys,0.0
UserA,h21_su13,National Grid EE,0.0
UserA,h21_su13,Storage EE,2.849999999999999
UserA,h21_su13,Gas Boiler,0.0
UserA,h21_su13,HP,0.0
UserA,h21_su13,AC,0.0
UserA,h21_su13,Storage HW,0.0
UserA,h21_su13,Radiators,0.0
UserA,h21_su13,Floor heating,0.0
UserA,h21_su13,Induction stove,0.0
UserA,h21_su13,Gas stove,0.0
UserA,h21_su13,Gas National Grid,0.0
UserA,h22_su13,PV sys,0.0
UserA,h22_su13,National Grid EE,0.0
UserA,h22_su13,Storage EE,2.849999999999999
UserA,h22_su13,Gas Boiler,0.0
UserA,h22_su13,HP,0.0
UserA,h22_su13,AC,0.0
UserA,h22_su13,Storage HW,0.0
UserA,h22_su13,Radiators,0.0
UserA,h22_su13,Floor heating,0.0
UserA,h22_su13,Induction stove,0.0
UserA,h22_su13,Gas stove,0.0
UserA,h22_su13,Gas National Grid,0.0
UserA,h23_su13,PV sys,0.0
UserA,h23_su13,National Grid EE,0.0
UserA,h23_su13,Storage EE,2.849999999999999
UserA,h23_su13,Gas Boiler,0.0
UserA,h23_su13,HP,0.0
UserA,h23_su13,AC,0.0
UserA,h23_su13,Storage HW,0.0
UserA,h23_su13,Radiators,0.0
UserA,h23_su13,Floor heating,0.0
UserA,h23_su13,Induction stove,0.0
UserA,h23_su13,Gas stove,0.0
UserA,h23_su13,Gas National Grid,0.0
UserA,h24_su13,PV sys,0.0
UserA,h24_su13,National Grid EE,0.0
UserA,h24_su13,Storage EE,2.8499999999999996
UserA,h24_su13,Gas Boiler,0.0
UserA,h24_su13,HP,0.0
UserA,h24_su13,AC,0.0
UserA,h24_su13,Storage HW,0.0
UserA,h24_su13,Radiators,0.0
UserA,h24_su13,Floor heating,0.0
UserA,h24_su13,Induction stove,0.0
UserA,h24_su13,Gas stove,0.0
UserA,h24_su13,Gas National Grid,0.0
UserA,h01_su14,PV sys,0.0
UserA,h01_su14,National Grid EE,0.0
UserA,h01_su14,Storage EE,2.6704906986072383
UserA,h01_su14,Gas Boiler,0.0
UserA,h01_su14,HP,0.0
UserA,h01_su14,AC,0.0
UserA,h01_su14,Storage HW,0.0
UserA,h01_su14,Radiators,0.0
UserA,h01_su14,Floor heating,0.0
UserA,h01_su14,Induction stove,0.0
UserA,h01_su14,Gas stove,0.0
UserA,h01_su14,Gas National Grid,0.0
UserA,h02_su14,PV sys,0.0
UserA,h02_su14,National Grid EE,0.0
UserA,h02_su14,Storage EE,2.6704906986072383
UserA,h02_su14,Gas Boiler,0.0
UserA,h02_su14,HP,0.0
UserA,h02_su14,AC,0.0
UserA,h02_su14,Storage HW,0.0
UserA,h02_su14,Radiators,0.0
UserA,h02_su14,Floor heating,0.0
UserA,h02_su14,Induction stove,0.0
UserA,h02_su14,Gas stove,0.0
UserA,h02_su14,Gas National Grid,0.0
UserA,h03_su14,PV sys,0.0
UserA,h03_su14,National Grid EE,0.0
UserA,h03_su14,Storage EE,2.6704906986072383
UserA,h03_su14,Gas Boiler,0.0
UserA,h03_su14,HP,0.0
UserA,h03_su14,AC,0.0
UserA,h03_su14,Storage HW,0.0
UserA,h03_su14,Radiators,0.0
UserA,h03_su14,Floor heating,0.0
UserA,h03_su14,Induction stove,0.0
UserA,h03_su14,Gas stove,0.0
UserA,h03_su14,Gas National Grid,0.0
UserA,h04_su14,PV sys,0.0
UserA,h04_su14,National Grid EE,0.0
UserA,h04_su14,Storage EE,2.6704906986072383
UserA,h04_su14,Gas Boiler,0.0
UserA,h04_su14,HP,0.0
UserA,h04_su14,AC,0.0
UserA,h04_su14,Storage HW,0.0
UserA,h04_su14,Radiators,0.0
UserA,h04_su14,Floor heating,0.0
UserA,h04_su14,Induction stove,0.0
UserA,h04_su14,Gas stove,0.0
UserA,h04_su14,Gas National Grid,0.0
UserA,h05_su14,PV sys,0.0
UserA,h05_su14,National Grid EE,0.0
UserA,h05_su14,Storage EE,2.6704906986072383
UserA,h05_su14,Gas Boiler,0.0
UserA,h05_su14,HP,0.0
UserA,h05_su14,AC,0.0
UserA,h05_su14,Storage HW,0.0
UserA,h05_su14,Radiators,0.0
UserA,h05_su14,Floor heating,0.0
UserA,h05_su14,Induction stove,0.0
UserA,h05_su14,Gas stove,0.0
UserA,h05_su14,Gas National Grid,0.0
UserA,h06_su14,PV sys,0.0
UserA,h06_su14,National Grid EE,0.0
UserA,h06_su14,Storage EE,2.447266048094477
UserA,h06_su14,Gas Boiler,0.0
UserA,h06_su14,HP,0.0
UserA,h06_su14,AC,0.0
UserA,h06_su14,Storage HW,0.0
UserA,h06_su14,Radiators,0.0
UserA,h06_su14,Floor heating,0.0
UserA,h06_su14,Induction stove,0.0
UserA,h06_su14,Gas stove,0.0
UserA,h06_su14,Gas National Grid,0.0
UserA,h07_su14,PV sys,0.0
UserA,h07_su14,National Grid EE,0.0
UserA,h07_su14,Storage EE,2.519156048094477
UserA,h07_su14,Gas Boiler,0.0
UserA,h07_su14,HP,0.0
UserA,h07_su14,AC,0.0
UserA,h07_su14,Storage HW,0.0
UserA,h07_su14,Radiators,0.0
UserA,h07_su14,Floor heating,0.0
UserA,h07_su14,Induction stove,0.0
UserA,h07_su14,Gas stove,0.0
UserA,h07_su14,Gas National Grid,0.0
UserA,h08_su14,PV sys,0.0
UserA,h08_su14,National Grid EE,0.0
UserA,h08_su14,Storage EE,2.649586048094477
UserA,h08_su14,Gas Boiler,0.0
UserA,h08_su14,HP,0.0
UserA,h08_su14,AC,0.0
UserA,h08_su14,Storage HW,0.0
UserA,h08_su14,Radiators,0.0
UserA,h08_su14,Floor heating,0.0
UserA,h08_su14,Induction stove,0.0
UserA,h08_su14,Gas stove,0.0
UserA,h08_su14,Gas National Grid,0.0
UserA,h09_su14,PV sys,0.0
UserA,h09_su14,National Grid EE,0.0
UserA,h09_su14,Storage EE,2.4402082278792254
UserA,h09_su14,Gas Boiler,0.0
UserA,h09_su14,HP,0.0
UserA,h09_su14,AC,0.0
UserA,h09_su14,Storage HW,0.0
UserA,h09_su14,Radiators,0.0
UserA,h09_su14,Floor heating,0.0
UserA,h09_su14,Induction stove,0.0
UserA,h09_su14,Gas stove,0.0
UserA,h09_su14,Gas National Grid,0.0
UserA,h10_su14,PV sys,0.0
UserA,h10_su14,National Grid EE,0.0
UserA,h10_su14,Storage EE,2.6976282278792256
UserA,h10_su14,Gas Boiler,0.0
UserA,h10_su14,HP,0.0
UserA,h10_su14,AC,0.0
UserA,h10_su14,Storage HW,0.0
UserA,h10_su14,Radiators,0.0
UserA,h10_su14,Floor heating,0.0
UserA,h10_su14,Induction stove,0.0
UserA,h10_su14,Gas stove,0.0
UserA,h10_su14,Gas National Grid,0.0
UserA,h11_su14,PV sys,0.0
UserA,h11_su14,National Grid EE,0.0
UserA,h11_su14,Storage EE,2.480578924680608
UserA,h11_su14,Gas Boiler,0.0
UserA,h11_su14,HP,0.0
UserA,h11_su14,AC,0.0
UserA,h11_su14,Storage HW,0.0
UserA,h11_su14,Radiators,0.0
UserA,h11_su14,Floor heating,0.0
UserA,h11_su14,Induction stove,0.0
UserA,h11_su14,Gas stove,0.0
UserA,h11_su14,Gas National Grid,0.0
UserA,h12_su14,PV sys,0.0
UserA,h12_su14,National Grid EE,0.0
UserA,h12_su14,Storage EE,2.448103488148657
UserA,h12_su14,Gas Boiler,0.0
UserA,h12_su14,HP,0.0
UserA,h12_su14,AC,0.0
UserA,h12_su14,Storage HW,0.0
UserA,h12_su14,Radiators,0.0
UserA,h12_su14,Floor heating,0.0
UserA,h12_su14,Induction stove,0.0
UserA,h12_su14,Gas stove,0.0
UserA,h12_su14,Gas National Grid,0.0
UserA,h13_su14,PV sys,0.0
UserA,h13_su14,National Grid EE,0.0
UserA,h13_su14,Storage EE,2.3592184068537763
UserA,h13_su14,Gas Boiler,0.0
UserA,h13_su14,HP,0.0
UserA,h13_su14,AC,0.0
UserA,h13_su14,Storage HW,0.0
UserA,h13_su14,Radiators,0.0
UserA,h13_su14,Floor heating,0.0
UserA,h13_su14,Induction stove,0.0
UserA,h13_su14,Gas stove,0.0
UserA,h13_su14,Gas National Grid,0.0
UserA,h14_su14,PV sys,0.0
UserA,h14_su14,National Grid EE,0.0
UserA,h14_su14,Storage EE,2.318882356511276
UserA,h14_su14,Gas Boiler,0.0
UserA,h14_su14,HP,0.0
UserA,h14_su14,AC,0.0
UserA,h14_su14,Storage HW,0.0
UserA,h14_su14,Radiators,0.0
UserA,h14_su14,Floor heating,0.0
UserA,h14_su14,Induction stove,0.0
UserA,h14_su14,Gas stove,0.0
UserA,h14_su14,Gas National Grid,0.0
UserA,h15_su14,PV sys,0.0
UserA,h15_su14,National Grid EE,0.0
UserA,h15_su14,Storage EE,2.497922356511276
UserA,h15_su14,Gas Boiler,0.0
UserA,h15_su14,HP,0.0
UserA,h15_su14,AC,0.0
UserA,h15_su14,Storage HW,0.0
UserA,h15_su14,Radiators,0.0
UserA,h15_su14,Floor heating,0.0
UserA,h15_su14,Induction stove,0.0
UserA,h15_su14,Gas stove,0.0
UserA,h15_su14,Gas National Grid,0.0
UserA,h16_su14,PV sys,0.0
UserA,h16_su14,National Grid EE,0.0
UserA,h16_su14,Storage EE,2.358286053312659
UserA,h16_su14,Gas Boiler,0.0
UserA,h16_su14,HP,0.0
UserA,h16_su14,AC,0.0
UserA,h16_su14,Storage HW,0.0
UserA,h16_su14,Radiators,0.0
UserA,h16_su14,Floor heating,0.0
UserA,h16_su14,Induction stove,0.0
UserA,h16_su14,Gas stove,0.0
UserA,h16_su14,Gas National Grid,0.0
UserA,h17_su14,PV sys,0.0
UserA,h17_su14,National Grid EE,0.0
UserA,h17_su14,Storage EE,2.187550913661596
UserA,h17_su14,Gas Boiler,0.0
UserA,h17_su14,HP,0.0
UserA,h17_su14,AC,0.0
UserA,h17_su14,Storage HW,0.0
UserA,h17_su14,Radiators,0.0
UserA,h17_su14,Floor heating,0.0
UserA,h17_su14,Induction stove,0.0
UserA,h17_su14,Gas stove,0.0
UserA,h17_su14,Gas National Grid,0.0
UserA,h18_su14,PV sys,0.0
UserA,h18_su14,National Grid EE,0.0
UserA,h18_su14,Storage EE,1.9110971313470904
UserA,h18_su14,Gas Boiler,0.0
UserA,h18_su14,HP,0.0
UserA,h18_su14,AC,0.0
UserA,h18_su14,Storage HW,0.0
UserA,h18_su14,Radiators,0.0
UserA,h18_su14,Floor heating,0.0
UserA,h18_su14,Induction stove,0.0
UserA,h18_su14,Gas stove,0.0
UserA,h18_su14,Gas National Grid,0.0
UserA,h19_su14,PV sys,0.0
UserA,h19_su14,National Grid EE,0.0
UserA,h19_su14,Storage EE,1.5580163186998366
UserA,h19_su14,Gas Boiler,0.0
UserA,h19_su14,HP,0.0
UserA,h19_su14,AC,0.0
UserA,h19_su14,Storage HW,0.0
UserA,h19_su14,Radiators,0.0
UserA,h19_su14,Floor heating,0.0
UserA,h19_su14,Induction stove,0.0
UserA,h19_su14,Gas stove,0.0
UserA,h19_su14,Gas National Grid,0.0
UserA,h20_su14,PV sys,0.0
UserA,h20_su14,National Grid EE,0.0
UserA,h20_su14,Storage EE,1.1493212760807585
UserA,h20_su14,Gas Boiler,0.0
UserA,h20_su14,HP,0.0
UserA,h20_su14,AC,0.0
UserA,h20_su14,Storage HW,0.0
UserA,h20_su14,Radiators,0.0
UserA,h20_su14,Floor heating,0.0
UserA,h20_su14,Induction stove,0.0
UserA,h20_su14,Gas stove,0.0
UserA,h20_su14,Gas National Grid,0.0
UserA,h21_su14,PV sys,0.0
UserA,h21_su14,National Grid EE,0.0
UserA,h21_su14,Storage EE,1.1493212760807585
UserA,h21_su14,Gas Boiler,0.0
UserA,h21_su14,HP,0.0
UserA,h21_su14,AC,0.0
UserA,h21_su14,Storage HW,0.0
UserA,h21_su14,Radiators,0.0
UserA,h21_su14,Floor heating,0.0
UserA,h21_su14,Induction stove,0.0
UserA,h21_su14,Gas stove,0.0
UserA,h21_su14,Gas National Grid,0.0
UserA,h22_su14,PV sys,0.0
UserA,h22_su14,National Grid EE,0.0
UserA,h22_su14,Storage EE,1.1493212760807585
UserA,h22_su14,Gas Boiler,0.0
UserA,h22_su14,HP,0.0
UserA,h22_su14,AC,0.0
UserA,h22_su14,Storage HW,0.0
UserA,h22_su14,Radiators,0.0
UserA,h22_su14,Floor heating,0.0
UserA,h22_su14,Induction stove,0.0
UserA,h22_su14,Gas stove,0.0
UserA,h22_su14,Gas National Grid,0.0
UserA,h23_su14,PV sys,0.0
UserA,h23_su14,National Grid EE,0.0
UserA,h23_su14,Storage EE,0.5325658856594276
UserA,h23_su14,Gas Boiler,0.0
UserA,h23_su14,HP,0.0
UserA,h23_su14,AC,0.0
UserA,h23_su14,Storage HW,0.0
UserA,h23_su14,Radiators,0.0
UserA,h23_su14,Floor heating,0.0
UserA,h23_su14,Induction stove,0.0
UserA,h23_su14,Gas stove,0.0
UserA,h23_su14,Gas National Grid,0.0
UserA,h24_su14,PV sys,0.0
UserA,h24_su14,National Grid EE,0.0
UserA,h24_su14,Storage EE,0.30000000000000004
UserA,h24_su14,Gas Boiler,0.0
UserA,h24_su14,HP,0.0
UserA,h24_su14,AC,0.0
UserA,h24_su14,Storage HW,0.0
UserA,h24_su14,Radiators,0.0
UserA,h24_su14,Floor heating,0.0
UserA,h24_su14,Induction stove,0.0
UserA,h24_su14,Gas stove,0.0
UserA,h24_su14,Gas National Grid,0.0
UserA,peak,PV sys,0.0
UserA,peak,National Grid EE,0.0
UserA,peak,Storage EE,0.0
UserA,peak,Gas Boiler,0.0
UserA,peak,HP,0.0
UserA,peak,AC,0.0
UserA,peak,Storage HW,0.0
UserA,peak,Radiators,0.0
UserA,peak,Floor heating,0.0
UserA,peak,Induction stove,0.0
UserA,peak,Gas stove,0.0
UserA,peak,Gas National Grid,0.0
UserB,h01_wi01,PV sys,0.0
UserB,h01_wi01,National Grid EE,0.0
UserB,h01_wi01,Storage EE,0.6
UserB,h01_wi01,Gas Boiler,0.0
UserB,h01_wi01,HP,0.0
UserB,h01_wi01,AC,0.0
UserB,h01_wi01,Storage HW,0.0
UserB,h01_wi01,Radiators,0.0
UserB,h01_wi01,Floor heating,0.0
UserB,h01_wi01,Induction stove,0.0
UserB,h01_wi01,Gas stove,0.0
UserB,h01_wi01,Gas National Grid,0.0
UserB,h02_wi01,PV sys,0.0
UserB,h02_wi01,National Grid EE,0.0
UserB,h02_wi01,Storage EE,0.6
UserB,h02_wi01,Gas Boiler,0.0
UserB,h02_wi01,HP,0.0
UserB,h02_wi01,AC,0.0
UserB,h02_wi01,Storage HW,0.0
UserB,h02_wi01,Radiators,0.0
UserB,h02_wi01,Floor heating,0.0
UserB,h02_wi01,Induction stove,0.0
UserB,h02_wi01,Gas stove,0.0
UserB,h02_wi01,Gas National Grid,0.0
UserB,h03_wi01,PV sys,0.0
UserB,h03_wi01,National Grid EE,0.0
UserB,h03_wi01,Storage EE,0.6
UserB,h03_wi01,Gas Boiler,0.0
UserB,h03_wi01,HP,0.0
UserB,h03_wi01,AC,0.0
UserB,h03_wi01,Storage HW,0.0
UserB,h03_wi01,Radiators,0.0
UserB,h03_wi01,Floor heating,0.0
UserB,h03_wi01,Induction stove,0.0
UserB,h03_wi01,Gas stove,0.0
UserB,h03_wi01,Gas National Grid,0.0
UserB,h04_wi01,PV sys,0.0
UserB,h04_wi01,National Grid EE,0.0
UserB,h04_wi01,Storage EE,0.6
UserB,h04_wi01,Gas Boiler,0.0
UserB,h04_wi01,HP,0.0
UserB,h04_wi01,AC,0.0
UserB,h04_wi01,Storage HW,0.0
UserB,h04_wi01,Radiators,0.0
UserB,h04_wi01,Floor heating,0.0
UserB,h04_wi01,Induction stove,0.0
UserB,h04_wi01,Gas stove,0.0
UserB,h04_wi01,Gas National Grid,0.0
UserB,h05_wi01,PV sys,0.0
UserB,h05_wi01,National Grid EE,0.0
UserB,h05_wi01,Storage EE,0.6
UserB,h05_wi01,Gas Boiler,0.0
UserB,h05_wi01,HP,0.0
UserB,h05_wi01,AC,0.0
UserB,h05_wi01,Storage HW,0.0
UserB,h05_wi01,Radiators,0.0
UserB,h05_wi01,Floor heating,0.0
UserB,h05_wi01,Induction stove,0.0
UserB,h05_wi01,Gas stove,0.0
UserB,h05_wi01,Gas National Grid,0.0
UserB,h06_wi01,PV sys,0.0
UserB,h06_wi01,National Grid EE,0.0
UserB,h06_wi01,Storage EE,0.6
UserB,h06_wi01,Gas Boiler,0.0
UserB,h06_wi01,HP,0.0
UserB,h06_wi01,AC,0.0
UserB,h06_wi01,Storage HW,0.0
UserB,h06_wi01,Radiators,0.0
UserB,h06_wi01,Floor heating,0.0
UserB,h06_wi01,Induction stove,0.0
UserB,h06_wi01,Gas stove,0.0
UserB,h06_wi01,Gas National Grid,0.0
UserB,h07_wi01,PV sys,0.0
UserB,h07_wi01,National Grid EE,0.0
UserB,h07_wi01,Storage EE,0.6
UserB,h07_wi01,Gas Boiler,0.0
UserB,h07_wi01,HP,0.0
UserB,h07_wi01,AC,0.0
UserB,h07_wi01,Storage HW,0.0
UserB,h07_wi01,Radiators,0.0
UserB,h07_wi01,Floor heating,0.0
UserB,h07_wi01,Induction stove,0.0
UserB,h07_wi01,Gas stove,0.0
UserB,h07_wi01,Gas National Grid,0.0
UserB,h08_wi01,PV sys,0.0
UserB,h08_wi01,National Grid EE,0.0
UserB,h08_wi01,Storage EE,0.6
UserB,h08_wi01,Gas Boiler,0.0
UserB,h08_wi01,HP,0.0
UserB,h08_wi01,AC,0.0
UserB,h08_wi01,Storage HW,0.0
UserB,h08_wi01,Radiators,0.0
UserB,h08_wi01,Floor heating,0.0
UserB,h08_wi01,Induction stove,0.0
UserB,h08_wi01,Gas stove,0.0
UserB,h08_wi01,Gas National Grid,0.0
UserB,h09_wi01,PV sys,0.0
UserB,h09_wi01,National Grid EE,0.0
UserB,h09_wi01,Storage EE,0.6
UserB,h09_wi01,Gas Boiler,0.0
UserB,h09_wi01,HP,0.0
UserB,h09_wi01,AC,0.0
UserB,h09_wi01,Storage HW,0.0
UserB,h09_wi01,Radiators,0.0
UserB,h09_wi01,Floor heating,0.0
UserB,h09_wi01,Induction stove,0.0
UserB,h09_wi01,Gas stove,0.0
UserB,h09_wi01,Gas National Grid,0.0
UserB,h10_wi01,PV sys,0.0
UserB,h10_wi01,National Grid EE,0.0
UserB,h10_wi01,Storage EE,1.0401714161990356
UserB,h10_wi01,Gas Boiler,0.0
UserB,h10_wi01,HP,0.0
UserB,h10_wi01,AC,0.0
UserB,h10_wi01,Storage HW,0.0
UserB,h10_wi01,Radiators,0.0
UserB,h10_wi01,Floor heating,0.0
UserB,h10_wi01,Induction stove,0.0
UserB,h10_wi01,Gas stove,0.0
UserB,h10_wi01,Gas National Grid,0.0
UserB,h11_wi01,PV sys,0.0
UserB,h11_wi01,National Grid EE,0.0
UserB,h11_wi01,Storage EE,3.290143300441125
UserB,h11_wi01,Gas Boiler,0.0
UserB,h11_wi01,HP,0.0
UserB,h11_wi01,AC,0.0
UserB,h11_wi01,Storage HW,0.0
UserB,h11_wi01,Radiators,0.0
UserB,h11_wi01,Floor heating,0.0
UserB,h11_wi01,Induction stove,0.0
UserB,h11_wi01,Gas stove,0.0
UserB,h11_wi01,Gas National Grid,0.0
UserB,h12_wi01,PV sys,0.0
UserB,h12_wi01,National Grid EE,0.0
UserB,h12_wi01,Storage EE,4.2559243227201655
UserB,h12_wi01,Gas Boiler,0.0
UserB,h12_wi01,HP,0.0
UserB,h12_wi01,AC,0.0
UserB,h12_wi01,Storage HW,0.0
UserB,h12_wi01,Radiators,0.0
UserB,h12_wi01,Floor heating,0.0
UserB,h12_wi01,Induction stove,0.0
UserB,h12_wi01,Gas stove,0.0
UserB,h12_wi01,Gas National Grid,0.0
UserB,h13_wi01,PV sys,0.0
UserB,h13_wi01,National Grid EE,0.0
UserB,h13_wi01,Storage EE,4.689704731402393
UserB,h13_wi01,Gas Boiler,0.0
UserB,h13_wi01,HP,0.0
UserB,h13_wi01,AC,0.0
UserB,h13_wi01,Storage HW,0.0
UserB,h13_wi01,Radiators,0.0
UserB,h13_wi01,Floor heating,0.0
UserB,h13_wi01,Induction stove,0.0
UserB,h13_wi01,Gas stove,0.0
UserB,h13_wi01,Gas National Grid,0.0
UserB,h14_wi01,PV sys,0.0
UserB,h14_wi01,National Grid EE,0.0
UserB,h14_wi01,Storage EE,5.7
UserB,h14_wi01,Gas Boiler,0.0
UserB,h14_wi01,HP,0.0
UserB,h14_wi01,AC,0.0
UserB,h14_wi01,Storage HW,0.0
UserB,h14_wi01,Radiators,0.0
UserB,h14_wi01,Floor heating,0.0
UserB,h14_wi01,Induction stove,0.0
UserB,h14_wi01,Gas stove,0.0
UserB,h14_wi01,Gas National Grid,0.0
UserB,h15_wi01,PV sys,0.0
UserB,h15_wi01,National Grid EE,0.0
UserB,h15_wi01,Storage EE,5.639436671388547
UserB,h15_wi01,Gas Boiler,0.0
UserB,h15_wi01,HP,0.0
UserB,h15_wi01,AC,0.0
UserB,h15_wi01,Storage HW,0.0
UserB,h15_wi01,Radiators,0.0
UserB,h15_wi01,Floor heating,0.0
UserB,h15_wi01,Induction stove,0.0
UserB,h15_wi01,Gas stove,0.0
UserB,h15_wi01,Gas National Grid,0.0
UserB,h16_wi01,PV sys,0.0
UserB,h16_wi01,National Grid EE,0.0
UserB,h16_wi01,Storage EE,5.7
UserB,h16_wi01,Gas Boiler,0.0
UserB,h16_wi01,HP,0.0
UserB,h16_wi01,AC,0.0
UserB,h16_wi01,Storage HW,0.0
UserB,h16_wi01,Radiators,0.0
UserB,h16_wi01,Floor heating,0.0
UserB,h16_wi01,Induction stove,0.0
UserB,h16_wi01,Gas stove,0.0
UserB,h16_wi01,Gas National Grid,0.0
UserB,h17_wi01,PV sys,0.0
UserB,h17_wi01,National Grid EE,0.0
UserB,h17_wi01,Storage EE,5.7
UserB,h17_wi01,Gas Boiler,0.0
UserB,h17_wi01,HP,0.0
UserB,h17_wi01,AC,0.0
UserB,h17_wi01,Storage HW,0.0
UserB,h17_wi01,Radiators,0.0
UserB,h17_wi01,Floor heating,0.0
UserB,h17_wi01,Induction stove,0.0
UserB,h17_wi01,Gas stove,0.0
UserB,h17_wi01,Gas National Grid,0.0
UserB,h18_wi01,PV sys,0.0
UserB,h18_wi01,National Grid EE,0.0
UserB,h18_wi01,Storage EE,5.7
UserB,h18_wi01,Gas Boiler,0.0
UserB,h18_wi01,HP,0.0
UserB,h18_wi01,AC,0.0
UserB,h18_wi01,Storage HW,0.0
UserB,h18_wi01,Radiators,0.0
UserB,h18_wi01,Floor heating,0.0
UserB,h18_wi01,Induction stove,0.0
UserB,h18_wi01,Gas stove,0.0
UserB,h18_wi01,Gas National Grid,0.0
UserB,h19_wi01,PV sys,0.0
UserB,h19_wi01,National Grid EE,0.0
UserB,h19_wi01,Storage EE,5.7
UserB,h19_wi01,Gas Boiler,0.0
UserB,h19_wi01,HP,0.0
UserB,h19_wi01,AC,0.0
UserB,h19_wi01,Storage HW,0.0
UserB,h19_wi01,Radiators,0.0
UserB,h19_wi01,Floor heating,0.0
UserB,h19_wi01,Induction stove,0.0
UserB,h19_wi01,Gas stove,0.0
UserB,h19_wi01,Gas National Grid,0.0
UserB,h20_wi01,PV sys,0.0
UserB,h20_wi01,National Grid EE,0.0
UserB,h20_wi01,Storage EE,5.7
UserB,h20_wi01,Gas Boiler,0.0
UserB,h20_wi01,HP,0.0
UserB,h20_wi01,AC,0.0
UserB,h20_wi01,Storage HW,0.0
UserB,h20_wi01,Radiators,0.0
UserB,h20_wi01,Floor heating,0.0
UserB,h20_wi01,Induction stove,0.0
UserB,h20_wi01,Gas stove,0.0
UserB,h20_wi01,Gas National Grid,0.0
UserB,h21_wi01,PV sys,0.0
UserB,h21_wi01,National Grid EE,0.0
UserB,h21_wi01,Storage EE,5.7
UserB,h21_wi01,Gas Boiler,0.0
UserB,h21_wi01,HP,0.0
UserB,h21_wi01,AC,0.0
UserB,h21_wi01,Storage HW,0.0
UserB,h21_wi01,Radiators,0.0
UserB,h21_wi01,Floor heating,0.0
UserB,h21_wi01,Induction stove,0.0
UserB,h21_wi01,Gas stove,0.0
UserB,h21_wi01,Gas National Grid,0.0
UserB,h22_wi01,PV sys,0.0
UserB,h22_wi01,National Grid EE,0.0
UserB,h22_wi01,Storage EE,5.7
UserB,h22_wi01,Gas Boiler,0.0
UserB,h22_wi01,HP,0.0
UserB,h22_wi01,AC,0.0
UserB,h22_wi01,Storage HW,0.0
UserB,h22_wi01,Radiators,0.0
UserB,h22_wi01,Floor heating,0.0
UserB,h22_wi01,Induction stove,0.0
UserB,h22_wi01,Gas stove,0.0
UserB,h22_wi01,Gas National Grid,0.0
UserB,h23_wi01,PV sys,0.0
UserB,h23_wi01,National Grid EE,0.0
UserB,h23_wi01,Storage EE,5.7
UserB,h23_wi01,Gas Boiler,0.0
UserB,h23_wi01,HP,0.0
UserB,h23_wi01,AC,0.0
UserB,h23_wi01,Storage HW,0.0
UserB,h23_wi01,Radiators,0.0
UserB,h23_wi01,Floor heating,0.0
UserB,h23_wi01,Induction stove,0.0
UserB,h23_wi01,Gas stove,0.0
UserB,h23_wi01,Gas National Grid,0.0
UserB,h24_wi01,PV sys,0.0
UserB,h24_wi01,National Grid EE,0.0
UserB,h24_wi01,Storage EE,5.7
UserB,h24_wi01,Gas Boiler,0.0
UserB,h24_wi01,HP,0.0
UserB,h24_wi01,AC,0.0
UserB,h24_wi01,Storage HW,0.0
UserB,h24_wi01,Radiators,0.0
UserB,h24_wi01,Floor heating,0.0
UserB,h24_wi01,Induction stove,0.0
UserB,h24_wi01,Gas stove,0.0
UserB,h24_wi01,Gas National Grid,0.0
UserB,h01_wi02,PV sys,0.0
UserB,h01_wi02,National Grid EE,0.0
UserB,h01_wi02,Storage EE,4.5211318347055105
UserB,h01_wi02,Gas Boiler,0.0
UserB,h01_wi02,HP,0.0
UserB,h01_wi02,AC,0.0
UserB,h01_wi02,Storage HW,0.0
UserB,h01_wi02,Radiators,0.0
UserB,h01_wi02,Floor heating,0.0
UserB,h01_wi02,Induction stove,0.0
UserB,h01_wi02,Gas stove,0.0
UserB,h01_wi02,Gas National Grid,0.0
UserB,h02_wi02,PV sys,0.0
UserB,h02_wi02,National Grid EE,0.0
UserB,h02_wi02,Storage EE,3.4336139463885433
UserB,h02_wi02,Gas Boiler,0.0
UserB,h02_wi02,HP,0.0
UserB,h02_wi02,AC,0.0
UserB,h02_wi02,Storage HW,0.0
UserB,h02_wi02,Radiators,0.0
UserB,h02_wi02,Floor heating,0.0
UserB,h02_wi02,Induction stove,0.0
UserB,h02_wi02,Gas stove,0.0
UserB,h02_wi02,Gas National Grid,0.0
UserB,h03_wi02,PV sys,0.0
UserB,h03_wi02,National Grid EE,0.0
UserB,h03_wi02,Storage EE,3.2304263215978066
UserB,h03_wi02,Gas Boiler,0.0
UserB,h03_wi02,HP,0.0
UserB,h03_wi02,AC,0.0
UserB,h03_wi02,Storage HW,0.0
UserB,h03_wi02,Radiators,0.0
UserB,h03_wi02,Floor heating,0.0
UserB,h03_wi02,Induction stove,0.0
UserB,h03_wi02,Gas stove,0.0
UserB,h03_wi02,Gas National Grid,0.0
UserB,h04_wi02,PV sys,0.0
UserB,h04_wi02,National Grid EE,0.0
UserB,h04_wi02,Storage EE,3.0523277604381276
UserB,h04_wi02,Gas Boiler,0.0
UserB,h04_wi02,HP,0.0
UserB,h04_wi02,AC,0.0
UserB,h04_wi02,Storage HW,0.0
UserB,h04_wi02,Radiators,0.0
UserB,h04_wi02,Floor heating,0.0
UserB,h04_wi02,Induction stove,0.0
UserB,h04_wi02,Gas stove,0.0
UserB,h04_wi02,Gas National Grid,0.0
UserB,h05_wi02,PV sys,0.0
UserB,h05_wi02,National Grid EE,0.0
UserB,h05_wi02,Storage EE,2.8533822146151717
UserB,h05_wi02,Gas Boiler,0.0
UserB,h05_wi02,HP,0.0
UserB,h05_wi02,AC,0.0
UserB,h05_wi02,Storage HW,0.0
UserB,h05_wi02,Radiators,0.0
UserB,h05_wi02,Floor heating,0.0
UserB,h05_wi02,Induction stove,0.0
UserB,h05_wi02,Gas stove,0.0
UserB,h05_wi02,Gas National Grid,0.0
UserB,h06_wi02,PV sys,0.0
UserB,h06_wi02,National Grid EE,0.0
UserB,h06_wi02,Storage EE,2.6186075749907505
UserB,h06_wi02,Gas Boiler,0.0
UserB,h06_wi02,HP,0.0
UserB,h06_wi02,AC,0.0
UserB,h06_wi02,Storage HW,0.0
UserB,h06_wi02,Radiators,0.0
UserB,h06_wi02,Floor heating,0.0
UserB,h06_wi02,Induction stove,0.0
UserB,h06_wi02,Gas stove,0.0
UserB,h06_wi02,Gas National Grid,0.0
UserB,h07_wi02,PV sys,0.0
UserB,h07_wi02,National Grid EE,0.0
UserB,h07_wi02,Storage EE,2.14986648689321
UserB,h07_wi02,Gas Boiler,0.0
UserB,h07_wi02,HP,0.0
UserB,h07_wi02,AC,0.0
UserB,h07_wi02,Storage HW,0.0
UserB,h07_wi02,Radiators,0.0
UserB,h07_wi02,Floor heating,0.0
UserB,h07_wi02,Induction stove,0.0
UserB,h07_wi02,Gas stove,0.0
UserB,h07_wi02,Gas National Grid,0.0
UserB,h08_wi02,PV sys,0.0
UserB,h08_wi02,National Grid EE,0.0
UserB,h08_wi02,Storage EE,0.6
UserB,h08_wi02,Gas Boiler,0.0
UserB,h08_wi02,HP,0.0
UserB,h08_wi02,AC,0.0
UserB,h08_wi02,Storage HW,0.0
UserB,h08_wi02,Radiators,0.0
UserB,h08_wi02,Floor heating,0.0
UserB,h08_wi02,Induction stove,0.0
UserB,h08_wi02,Gas stove,0.0
UserB,h08_wi02,Gas National Grid,0.0
UserB,h09_wi02,PV sys,0.0
UserB,h09_wi02,National Grid EE,0.0
UserB,h09_wi02,Storage EE,0.9208640917601518
UserB,h09_wi02,Gas Boiler,0.0
UserB,h09_wi02,HP,0.0
UserB,h09_wi02,AC,0.0
UserB,h09_wi02,Storage HW,0.0
UserB,h09_wi02,Radiators,0.0
UserB,h09_wi02,Floor heating,0.0
UserB,h09_wi02,Induction stove,0.0
UserB,h09_wi02,Gas stove,0.0
UserB,h09_wi02,Gas National Grid,0.0
UserB,h10_wi02,PV sys,0.0
UserB,h10_wi02,National Grid EE,0.0
UserB,h10_wi02,Storage EE,0.6
UserB,h10_wi02,Gas Boiler,0.0
UserB,h10_wi02,HP,0.0
UserB,h10_wi02,AC,0.0
UserB,h10_wi02,Storage HW,0.0
UserB,h10_wi02,Radiators,0.0
UserB,h10_wi02,Floor heating,0.0
UserB,h10_wi02,Induction stove,0.0
UserB,h10_wi02,Gas stove,0.0
UserB,h10_wi02,Gas National Grid,0.0
UserB,h11_wi02,PV sys,0.0
UserB,h11_wi02,National Grid EE,0.0
UserB,h11_wi02,Storage EE,0.8163548021551503
UserB,h11_wi02,Gas Boiler,0.0
UserB,h11_wi02,HP,0.0
UserB,h11_wi02,AC,0.0
UserB,h11_wi02,Storage HW,0.0
UserB,h11_wi02,Radiators,0.0
UserB,h11_wi02,Floor heating,0.0
UserB,h11_wi02,Induction stove,0.0
UserB,h11_wi02,Gas stove,0.0
UserB,h11_wi02,Gas National Grid,0.0
UserB,h12_wi02,PV sys,0.0
UserB,h12_wi02,National Grid EE,0.0
UserB,h12_wi02,Storage EE,2.081641808945833
UserB,h12_wi02,Gas Boiler,0.0
UserB,h12_wi02,HP,0.0
UserB,h12_wi02,AC,0.0
UserB,h12_wi02,Storage HW,0.0
UserB,h12_wi02,Radiators,0.0
UserB,h12_wi02,Floor heating,0.0
UserB,h12_wi02,Induction stove,0.0
UserB,h12_wi02,Gas stove,0.0
UserB,h12_wi02,Gas National Grid,0.0
UserB,h13_wi02,PV sys,0.0
UserB,h13_wi02,National Grid EE,0.0
UserB,h13_wi02,Storage EE,3.7817511235448986
UserB,h13_wi02,Gas Boiler,0.0
UserB,h13_wi02,HP,0.0
UserB,h13_wi02,AC,0.0
UserB,h13_wi02,Storage HW,0.0
UserB,h13_wi02,Radiators,0.0
UserB,h13_wi02,Floor heating,0.0
UserB,h13_wi02,Induction stove,0.0
UserB,h13_wi02,Gas stove,0.0
UserB,h13_wi02,Gas National Grid,0.0
UserB,h14_wi02,PV sys,0.0
UserB,h14_wi02,National Grid EE,0.0
UserB,h14_wi02,Storage EE,5.168551031009057
UserB,h14_wi02,Gas Boiler,0.0
UserB,h14_wi02,HP,0.0
UserB,h14_wi02,AC,0.0
UserB,h14_wi02,Storage HW,0.0
UserB,h14_wi02,Radiators,0.0
UserB,h14_wi02,Floor heating,0.0
UserB,h14_wi02,Induction stove,0.0
UserB,h14_wi02,Gas stove,0.0
UserB,h14_wi02,Gas National Grid,0.0
UserB,h15_wi02,PV sys,0.0
UserB,h15_wi02,National Grid EE,0.0
UserB,h15_wi02,Storage EE,5.7
UserB,h15_wi02,Gas Boiler,0.0
UserB,h15_wi02,HP,0.0
UserB,h15_wi02,AC,0.0
UserB,h15_wi02,Storage HW,0.0
UserB,h15_wi02,Radiators,0.0
UserB,h15_wi02,Floor heating,0.0
UserB,h15_wi02,Induction stove,0.0
UserB,h15_wi02,Gas stove,0.0
UserB,h15_wi02,Gas National Grid,0.0
UserB,h16_wi02,PV sys,0.0
UserB,h16_wi02,National Grid EE,0.0
UserB,h16_wi02,Storage EE,5.7
UserB,h16_wi02,Gas Boiler,0.0
UserB,h16_wi02,HP,0.0
UserB,h16_wi02,AC,0.0
UserB,h16_wi02,Storage HW,0.0
UserB,h16_wi02,Radiators,0.0
UserB,h16_wi02,Floor heating,0.0
UserB,h16_wi02,Induction stove,0.0
UserB,h16_wi02,Gas stove,0.0
UserB,h16_wi02,Gas National Grid,0.0
UserB,h17_wi02,PV sys,0.0
UserB,h17_wi02,National Grid EE,0.0
UserB,h17_wi02,Storage EE,5.4293953311464005
UserB,h17_wi02,Gas Boiler,0.0
UserB,h17_wi02,HP,0.0
UserB,h17_wi02,AC,0.0
UserB,h17_wi02,Storage HW,0.0
UserB,h17_wi02,Radiators,0.0
UserB,h17_wi02,Floor heating,0.0
UserB,h17_wi02,Induction stove,0.0
UserB,h17_wi02,Gas stove,0.0
UserB,h17_wi02,Gas National Grid,0.0
UserB,h18_wi02,PV sys,0.0
UserB,h18_wi02,National Grid EE,0.0
UserB,h18_wi02,Storage EE,5.220678918890803
UserB,h18_wi02,Gas Boiler,0.0
UserB,h18_wi02,HP,0.0
UserB,h18_wi02,AC,0.0
UserB,h18_wi02,Storage HW,0.0
UserB,h18_wi02,Radiators,0.0
UserB,h18_wi02,Floor heating,0.0
UserB,h18_wi02,Induction stove,0.0
UserB,h18_wi02,Gas stove,0.0
UserB,h18_wi02,Gas National Grid,0.0
UserB,h19_wi02,PV sys,0.0
UserB,h19_wi02,National Grid EE,0.0
UserB,h19_wi02,Storage EE,5.220678918890803
UserB,h19_wi02,Gas Boiler,0.0
UserB,h19_wi02,HP,0.0
UserB,h19_wi02,AC,0.0
UserB,h19_wi02,Storage HW,0.0
UserB,h19_wi02,Radiators,0.0
UserB,h19_wi02,Floor heating,0.0
UserB,h19_wi02,Induction stove,0.0
UserB,h19_wi02,Gas stove,0.0
UserB,h19_wi02,Gas National Grid,0.0
UserB,h20_wi02,PV sys,0.0
UserB,h20_wi02,National Grid EE,0.0
UserB,h20_wi02,Storage EE,4.785550353067918
UserB,h20_wi02,Gas Boiler,0.0
UserB,h20_wi02,HP,0.0
UserB,h20_wi02,AC,0.0
UserB,h20_wi02,Storage HW,0.0
UserB,h20_wi02,Radiators,0.0
UserB,h20_wi02,Floor heating,0.0
UserB,h20_wi02,Induction stove,0.0
UserB,h20_wi02,Gas stove,0.0
UserB,h20_wi02,Gas National Grid,0.0
UserB,h21_wi02,PV sys,0.0
UserB,h21_wi02,National Grid EE,0.0
UserB,h21_wi02,Storage EE,4.238163378034405
UserB,h21_wi02,Gas Boiler,0.0
UserB,h21_wi02,HP,0.0
UserB,h21_wi02,AC,0.0
UserB,h21_wi02,Storage HW,0.0
UserB,h21_wi02,Radiators,0.0
UserB,h21_wi02,Floor heating,0.0
UserB,h21_wi02,Induction stove,0.0
UserB,h21_wi02,Gas stove,0.0
UserB,h21_wi02,Gas National Grid,0.0
UserB,h22_wi02,PV sys,0.0
UserB,h22_wi02,National Grid EE,0.0
UserB,h22_wi02,Storage EE,3.2687960670304266
UserB,h22_wi02,Gas Boiler,0.0
UserB,h22_wi02,HP,0.0
UserB,h22_wi02,AC,0.0
UserB,h22_wi02,Storage HW,0.0
UserB,h22_wi02,Radiators,0.0
UserB,h22_wi02,Floor heating,0.0
UserB,h22_wi02,Induction stove,0.0
UserB,h22_wi02,Gas stove,0.0
UserB,h22_wi02,Gas National Grid,0.0
UserB,h23_wi02,PV sys,0.0
UserB,h23_wi02,National Grid EE,0.0
UserB,h23_wi02,Storage EE,1.8176067545349364
UserB,h23_wi02,Gas Boiler,0.0
UserB,h23_wi02,HP,0.0
UserB,h23_wi02,AC,0.0
UserB,h23_wi02,Storage HW,0.0
UserB,h23_wi02,Radiators,0.0
UserB,h23_wi02,Floor heating,0.0
UserB,h23_wi02,Induction stove,0.0
UserB,h23_wi02,Gas stove,0.0
UserB,h23_wi02,Gas National Grid,0.0
UserB,h24_wi02,PV sys,0.0
UserB,h24_wi02,National Grid EE,0.0
UserB,h24_wi02,Storage EE,0.6
UserB,h24_wi02,Gas Boiler,0.0
UserB,h24_wi02,HP,0.0
UserB,h24_wi02,AC,0.0
UserB,h24_wi02,Storage HW,0.0
UserB,h24_wi02,Radiators,0.0
UserB,h24_wi02,Floor heating,0.0
UserB,h24_wi02,Induction stove,0.0
UserB,h24_wi02,Gas stove,0.0
UserB,h24_wi02,Gas National Grid,0.0
UserB,h01_wi03,PV sys,0.0
UserB,h01_wi03,National Grid EE,0.0
UserB,h01_wi03,Storage EE,0.6
UserB,h01_wi03,Gas Boiler,0.0
UserB,h01_wi03,HP,0.0
UserB,h01_wi03,AC,0.0
UserB,h01_wi03,Storage HW,0.0
UserB,h01_wi03,Radiators,0.0
UserB,h01_wi03,Floor heating,0.0
UserB,h01_wi03,Induction stove,0.0
UserB,h01_wi03,Gas stove,0.0
UserB,h01_wi03,Gas National Grid,0.0
UserB,h02_wi03,PV sys,0.0
UserB,h02_wi03,National Grid EE,0.0
UserB,h02_wi03,Storage EE,0.6
UserB,h02_wi03,Gas Boiler,0.0
UserB,h02_wi03,HP,0.0
UserB,h02_wi03,AC,0.0
UserB,h02_wi03,Storage HW,0.0
UserB,h02_wi03,Radiators,0.0
UserB,h02_wi03,Floor heating,0.0
UserB,h02_wi03,Induction stove,0.0
UserB,h02_wi03,Gas stove,0.0
UserB,h02_wi03,Gas National Grid,0.0
UserB,h03_wi03,PV sys,0.0
UserB,h03_wi03,National Grid EE,0.0
UserB,h03_wi03,Storage EE,0.6
UserB,h03_wi03,Gas Boiler,0.0
UserB,h03_wi03,HP,0.0
UserB,h03_wi03,AC,0.0
UserB,h03_wi03,Storage HW,0.0
UserB,h03_wi03,Radiators,0.0
UserB,h03_wi03,Floor heating,0.0
UserB,h03_wi03,Induction stove,0.0
UserB,h03_wi03,Gas stove,0.0
UserB,h03_wi03,Gas National Grid,0.0
UserB,h04_wi03,PV sys,0.0
UserB,h04_wi03,National Grid EE,0.0
UserB,h04_wi03,Storage EE,0.6
UserB,h04_wi03,Gas Boiler,0.0
UserB,h04_wi03,HP,0.0
UserB,h04_wi03,AC,0.0
UserB,h04_wi03,Storage HW,0.0
UserB,h04_wi03,Radiators,0.0
UserB,h04_wi03,Floor heating,0.0
UserB,h04_wi03,Induction stove,0.0
UserB,h04_wi03,Gas stove,0.0
UserB,h04_wi03,Gas National Grid,0.0
UserB,h05_wi03,PV sys,0.0
UserB,h05_wi03,National Grid EE,0.0
UserB,h05_wi03,Storage EE,0.6
UserB,h05_wi03,Gas Boiler,0.0
UserB,h05_wi03,HP,0.0
UserB,h05_wi03,AC,0.0
UserB,h05_wi03,Storage HW,0.0
UserB,h05_wi03,Radiators,0.0
UserB,h05_wi03,Floor heating,0.0
UserB,h05_wi03,Induction stove,0.0
UserB,h05_wi03,Gas stove,0.0
UserB,h05_wi03,Gas National Grid,0.0
UserB,h06_wi03,PV sys,0.0
UserB,h06_wi03,National Grid EE,0.0
UserB,h06_wi03,Storage EE,0.6
UserB,h06_wi03,Gas Boiler,0.0
UserB,h06_wi03,HP,0.0
UserB,h06_wi03,AC,0.0
UserB,h06_wi03,Storage HW,0.0
UserB,h06_wi03,Radiators,0.0
UserB,h06_wi03,Floor heating,0.0
UserB,h06_wi03,Induction stove,0.0
UserB,h06_wi03,Gas stove,0.0
UserB,h06_wi03,Gas National Grid,0.0
UserB,h07_wi03,PV sys,0.0
UserB,h07_wi03,National Grid EE,0.0
UserB,h07_wi03,Storage EE,0.6
UserB,h07_wi03,Gas Boiler,0.0
UserB,h07_wi03,HP,0.0
UserB,h07_wi03,AC,0.0
UserB,h07_wi03,Storage HW,0.0
UserB,h07_wi03,Radiators,0.0
UserB,h07_wi03,Floor heating,0.0
UserB,h07_wi03,Induction stove,0.0
UserB,h07_wi03,Gas stove,0.0
UserB,h07_wi03,Gas National Grid,0.0
UserB,h08_wi03,PV sys,0.0
UserB,h08_wi03,National Grid EE,0.0
UserB,h08_wi03,Storage EE,0.6
UserB,h08_wi03,Gas Boiler,0.0
UserB,h08_wi03,HP,0.0
UserB,h08_wi03,AC,0.0
UserB,h08_wi03,Storage HW,0.0
UserB,h08_wi03,Radiators,0.0
UserB,h08_wi03,Floor heating,0.0
UserB,h08_wi03,Induction stove,0.0
UserB,h08_wi03,Gas stove,0.0
UserB,h08_wi03,Gas National Grid,0.0
UserB,h09_wi03,PV sys,0.0
UserB,h09_wi03,National Grid EE,0.0
UserB,h09_wi03,Storage EE,0.9054767778261844
UserB,h09_wi03,Gas Boiler,0.0
UserB,h09_wi03,HP,0.0
UserB,h09_wi03,AC,0.0
UserB,h09_wi03,Storage HW,0.0
UserB,h09_wi03,Radiators,0.0
UserB,h09_wi03,Floor heating,0.0
UserB,h09_wi03,Induction stove,0.0
UserB,h09_wi03,Gas stove,0.0
UserB,h09_wi03,Gas National Grid,0.0
UserB,h10_wi03,PV sys,0.0
UserB,h10_wi03,National Grid EE,0.0
UserB,h10_wi03,Storage EE,2.4087862775376343
UserB,h10_wi03,Gas Boiler,0.0
UserB,h10_wi03,HP,0.0
UserB,h10_wi03,AC,0.0
UserB,h10_wi03,Storage HW,0.0
UserB,h10_wi03,Radiators,0.0
UserB,h10_wi03,Floor heating,0.0
UserB,h10_wi03,Induction stove,0.0
UserB,h10_wi03,Gas stove,0.0
UserB,h10_wi03,Gas National Grid,0.0
UserB,h11_wi03,PV sys,0.0
UserB,h11_wi03,National Grid EE,0.0
UserB,h11_wi03,Storage EE,1.6153174995986737
UserB,h11_wi03,Gas Boiler,0.0
UserB,h11_wi03,HP,0.0
UserB,h11_wi03,AC,0.0
UserB,h11_wi03,Storage HW,0.0
UserB,h11_wi03,Radiators,0.0
UserB,h11_wi03,Floor heating,0.0
UserB,h11_wi03,Induction stove,0.0
UserB,h11_wi03,Gas stove,0.0
UserB,h11_wi03,Gas National Grid,0.0
UserB,h12_wi03,PV sys,0.0
UserB,h12_wi03,National Grid EE,0.0
UserB,h12_wi03,Storage EE,3.148069914998194
UserB,h12_wi03,Gas Boiler,0.0
UserB,h12_wi03,HP,0.0
UserB,h12_wi03,AC,0.0
UserB,h12_wi03,Storage HW,0.0
UserB,h12_wi03,Radiators,0.0
UserB,h12_wi03,Floor heating,0.0
UserB,h12_wi03,Induction stove,0.0
UserB,h12_wi03,Gas stove,0.0
UserB,h12_wi03,Gas National Grid,0.0
UserB,h13_wi03,PV sys,0.0
UserB,h13_wi03,National Grid EE,0.0
UserB,h13_wi03,Storage EE,5.7
UserB,h13_wi03,Gas Boiler,0.0
UserB,h13_wi03,HP,0.0
UserB,h13_wi03,AC,0.0
UserB,h13_wi03,Storage HW,0.0
UserB,h13_wi03,Radiators,0.0
UserB,h13_wi03,Floor heating,0.0
UserB,h13_wi03,Induction stove,0.0
UserB,h13_wi03,Gas stove,0.0
UserB,h13_wi03,Gas National Grid,0.0
UserB,h14_wi03,PV sys,0.0
UserB,h14_wi03,National Grid EE,0.0
UserB,h14_wi03,Storage EE,5.7
UserB,h14_wi03,Gas Boiler,0.0
UserB,h14_wi03,HP,0.0
UserB,h14_wi03,AC,0.0
UserB,h14_wi03,Storage HW,0.0
UserB,h14_wi03,Radiators,0.0
UserB,h14_wi03,Floor heating,0.0
UserB,h14_wi03,Induction stove,0.0
UserB,h14_wi03,Gas stove,0.0
UserB,h14_wi03,Gas National Grid,0.0
UserB,h15_wi03,PV sys,0.0
UserB,h15_wi03,National Grid EE,0.0
UserB,h15_wi03,Storage EE,5.7
UserB,h15_wi03,Gas Boiler,0.0
UserB,h15_wi03,HP,0.0
UserB,h15_wi03,AC,0.0
UserB,h15_wi03,Storage HW,0.0
UserB,h15_wi03,Radiators,0.0
UserB,h15_wi03,Floor heating,0.0
UserB,h15_wi03,Induction stove,0.0
UserB,h15_wi03,Gas stove,0.0
UserB,h15_wi03,Gas National Grid,0.0
UserB,h16_wi03,PV sys,0.0
UserB,h16_wi03,National Grid EE,0.0
UserB,h16_wi03,Storage EE,5.7
UserB,h16_wi03,Gas Boiler,0.0
UserB,h16_wi03,HP,0.0
UserB,h16_wi03,AC,0.0
UserB,h16_wi03,Storage HW,0.0
UserB,h16_wi03,Radiators,0.0
UserB,h16_wi03,Floor heating,0.0
UserB,h16_wi03,Induction stove,0.0
UserB,h16_wi03,Gas stove,0.0
UserB,h16_wi03,Gas National Grid,0.0
UserB,h17_wi03,PV sys,0.0
UserB,h17_wi03,National Grid EE,0.0
UserB,h17_wi03,Storage EE,5.7
UserB,h17_wi03,Gas Boiler,0.0
UserB,h17_wi03,HP,0.0
UserB,h17_wi03,AC,0.0
UserB,h17_wi03,Storage HW,0.0
UserB,h17_wi03,Radiators,0.0
UserB,h17_wi03,Floor heating,0.0
UserB,h17_wi03,Induction stove,0.0
UserB,h17_wi03,Gas stove,0.0
UserB,h17_wi03,Gas National Grid,0.0
UserB,h18_wi03,PV sys,0.0
UserB,h18_wi03,National Grid EE,0.0
UserB,h18_wi03,Storage EE,5.7
UserB,h18_wi03,Gas Boiler,0.0
UserB,h18_wi03,HP,0.0
UserB,h18_wi03,AC,0.0
UserB,h18_wi03,Storage HW,0.0
UserB,h18_wi03,Radiators,0.0
UserB,h18_wi03,Floor heating,0.0
UserB,h18_wi03,Induction stove,0.0
UserB,h18_wi03,Gas stove,0.0
UserB,h18_wi03,Gas National Grid,0.0
UserB,h19_wi03,PV sys,0.0
UserB,h19_wi03,National Grid EE,0.0
UserB,h19_wi03,Storage EE,5.7
UserB,h19_wi03,Gas Boiler,0.0
UserB,h19_wi03,HP,0.0
UserB,h19_wi03,AC,0.0
UserB,h19_wi03,Storage HW,0.0
UserB,h19_wi03,Radiators,0.0
UserB,h19_wi03,Floor heating,0.0
UserB,h19_wi03,Induction stove,0.0
UserB,h19_wi03,Gas stove,0.0
UserB,h19_wi03,Gas National Grid,0.0
UserB,h20_wi03,PV sys,0.0
UserB,h20_wi03,National Grid EE,0.0
UserB,h20_wi03,Storage EE,5.7
UserB,h20_wi03,Gas Boiler,0.0
UserB,h20_wi03,HP,0.0
UserB,h20_wi03,AC,0.0
UserB,h20_wi03,Storage HW,0.0
UserB,h20_wi03,Radiators,0.0
UserB,h20_wi03,Floor heating,0.0
UserB,h20_wi03,Induction stove,0.0
UserB,h20_wi03,Gas stove,0.0
UserB,h20_wi03,Gas National Grid,0.0
UserB,h21_wi03,PV sys,0.0
UserB,h21_wi03,National Grid EE,0.0
UserB,h21_wi03,Storage EE,5.7
UserB,h21_wi03,Gas Boiler,0.0
UserB,h21_wi03,HP,0.0
UserB,h21_wi03,AC,0.0
UserB,h21_wi03,Storage HW,0.0
UserB,h21_wi03,Radiators,0.0
UserB,h21_wi03,Floor heating,0.0
UserB,h21_wi03,Induction stove,0.0
UserB,h21_wi03,Gas stove,0.0
UserB,h21_wi03,Gas National Grid,0.0
UserB,h22_wi03,PV sys,0.0
UserB,h22_wi03,National Grid EE,0.0
UserB,h22_wi03,Storage EE,5.7
UserB,h22_wi03,Gas Boiler,0.0
UserB,h22_wi03,HP,0.0
UserB,h22_wi03,AC,0.0
UserB,h22_wi03,Storage HW,0.0
UserB,h22_wi03,Radiators,0.0
UserB,h22_wi03,Floor heating,0.0
UserB,h22_wi03,Induction stove,0.0
UserB,h22_wi03,Gas stove,0.0
UserB,h22_wi03,Gas National Grid,0.0
UserB,h23_wi03,PV sys,0.0
UserB,h23_wi03,National Grid EE,0.0
UserB,h23_wi03,Storage EE,5.7
UserB,h23_wi03,Gas Boiler,0.0
UserB,h23_wi03,HP,0.0
UserB,h23_wi03,AC,0.0
UserB,h23_wi03,Storage HW,0.0
UserB,h23_wi03,Radiators,0.0
UserB,h23_wi03,Floor heating,0.0
UserB,h23_wi03,Induction stove,0.0
UserB,h23_wi03,Gas stove,0.0
UserB,h23_wi03,Gas National Grid,0.0
UserB,h24_wi03,PV sys,0.0
UserB,h24_wi03,National Grid EE,0.0
UserB,h24_wi03,Storage EE,5.7
UserB,h24_wi03,Gas Boiler,0.0
UserB,h24_wi03,HP,0.0
UserB,h24_wi03,AC,0.0
UserB,h24_wi03,Storage HW,0.0
UserB,h24_wi03,Radiators,0.0
UserB,h24_wi03,Floor heating,0.0
UserB,h24_wi03,Induction stove,0.0
UserB,h24_wi03,Gas stove,0.0
UserB,h24_wi03,Gas National Grid,0.0
UserB,h01_wi04,PV sys,0.0
UserB,h01_wi04,National Grid EE,0.0
UserB,h01_wi04,Storage EE,5.5932170591115025
UserB,h01_wi04,Gas Boiler,0.0
UserB,h01_wi04,HP,0.0
UserB,h01_wi04,AC,0.0
UserB,h01_wi04,Storage HW,0.0
UserB,h01_wi04,Radiators,0.0
UserB,h01_wi04,Floor heating,0.0
UserB,h01_wi04,Induction stove,0.0
UserB,h01_wi04,Gas stove,0.0
UserB,h01_wi04,Gas National Grid,0.0
UserB,h02_wi04,PV sys,0.0
UserB,h02_wi04,National Grid EE,0.0
UserB,h02_wi04,Storage EE,4.610867737681485
UserB,h02_wi04,Gas Boiler,0.0
UserB,h02_wi04,HP,0.0
UserB,h02_wi04,AC,0.0
UserB,h02_wi04,Storage HW,0.0
UserB,h02_wi04,Radiators,0.0
UserB,h02_wi04,Floor heating,0.0
UserB,h02_wi04,Induction stove,0.0
UserB,h02_wi04,Gas stove,0.0
UserB,h02_wi04,Gas National Grid,0.0
UserB,h03_wi04,PV sys,0.0
UserB,h03_wi04,National Grid EE,0.0
UserB,h03_wi04,Storage EE,4.4712052604717964
UserB,h03_wi04,Gas Boiler,0.0
UserB,h03_wi04,HP,0.0
UserB,h03_wi04,AC,0.0
UserB,h03_wi04,Storage HW,0.0
UserB,h03_wi04,Radiators,0.0
UserB,h03_wi04,Floor heating,0.0
UserB,h03_wi04,Induction stove,0.0
UserB,h03_wi04,Gas stove,0.0
UserB,h03_wi04,Gas National Grid,0.0
UserB,h04_wi04,PV sys,0.0
UserB,h04_wi04,National Grid EE,0.0
UserB,h04_wi04,Storage EE,4.337489538012113
UserB,h04_wi04,Gas Boiler,0.0
UserB,h04_wi04,HP,0.0
UserB,h04_wi04,AC,0.0
UserB,h04_wi04,Storage HW,0.0
UserB,h04_wi04,Radiators,0.0
UserB,h04_wi04,Floor heating,0.0
UserB,h04_wi04,Induction stove,0.0
UserB,h04_wi04,Gas stove,0.0
UserB,h04_wi04,Gas National Grid,0.0
UserB,h05_wi04,PV sys,0.0
UserB,h05_wi04,National Grid EE,0.0
UserB,h05_wi04,Storage EE,2.760061564697285
UserB,h05_wi04,Gas Boiler,0.0
UserB,h05_wi04,HP,0.0
UserB,h05_wi04,AC,0.0
UserB,h05_wi04,Storage HW,0.0
UserB,h05_wi04,Radiators,0.0
UserB,h05_wi04,Floor heating,0.0
UserB,h05_wi04,Induction stove,0.0
UserB,h05_wi04,Gas stove,0.0
UserB,h05_wi04,Gas National Grid,0.0
UserB,h06_wi04,PV sys,0.0
UserB,h06_wi04,National Grid EE,0.0
UserB,h06_wi04,Storage EE,1.2052506293721479
UserB,h06_wi04,Gas Boiler,0.0
UserB,h06_wi04,HP,0.0
UserB,h06_wi04,AC,0.0
UserB,h06_wi04,Storage HW,0.0
UserB,h06_wi04,Radiators,0.0
UserB,h06_wi04,Floor heating,0.0
UserB,h06_wi04,Induction stove,0.0
UserB,h06_wi04,Gas stove,0.0
UserB,h06_wi04,Gas National Grid,0.0
UserB,h07_wi04,PV sys,0.0
UserB,h07_wi04,National Grid EE,0.0
UserB,h07_wi04,Storage EE,0.9509323526344302
UserB,h07_wi04,Gas Boiler,0.0
UserB,h07_wi04,HP,0.0
UserB,h07_wi04,AC,0.0
UserB,h07_wi04,Storage HW,0.0
UserB,h07_wi04,Radiators,0.0
UserB,h07_wi04,Floor heating,0.0
UserB,h07_wi04,Induction stove,0.0
UserB,h07_wi04,Gas stove,0.0
UserB,h07_wi04,Gas National Grid,0.0
UserB,h08_wi04,PV sys,0.0
UserB,h08_wi04,National Grid EE,0.0
UserB,h08_wi04,Storage EE,0.6
UserB,h08_wi04,Gas Boiler,0.0
UserB,h08_wi04,HP,0.0
UserB,h08_wi04,AC,0.0
UserB,h08_wi04,Storage HW,0.0
UserB,h08_wi04,Radiators,0.0
UserB,h08_wi04,Floor heating,0.0
UserB,h08_wi04,Induction stove,0.0
UserB,h08_wi04,Gas stove,0.0
UserB,h08_wi04,Gas National Grid,0.0
UserB,h09_wi04,PV sys,0.0
UserB,h09_wi04,National Grid EE,0.0
UserB,h09_wi04,Storage EE,0.8195082861967935
UserB,h09_wi04,Gas Boiler,0.0
UserB,h09_wi04,HP,0.0
UserB,h09_wi04,AC,0.0
UserB,h09_wi04,Storage HW,0.0
UserB,h09_wi04,Radiators,0.0
UserB,h09_wi04,Floor heating,0.0
UserB,h09_wi04,Induction stove,0.0
UserB,h09_wi04,Gas stove,0.0
UserB,h09_wi04,Gas National Grid,0.0
UserB,h10_wi04,PV sys,0.0
UserB,h10_wi04,National Grid EE,0.0
UserB,h10_wi04,Storage EE,1.7798699523995059
UserB,h10_wi04,Gas Boiler,0.0
UserB,h10_wi04,HP,0.0
UserB,h10_wi04,AC,0.0
UserB,h10_wi04,Storage HW,0.0
UserB,h10_wi04,Radiators,0.0
UserB,h10_wi04,Floor heating,0.0
UserB,h10_wi04,Induction stove,0.0
UserB,h10_wi04,Gas stove,0.0
UserB,h10_wi04,Gas National Grid,0.0
UserB,h11_wi04,PV sys,0.0
UserB,h11_wi04,National Grid EE,0.0
UserB,h11_wi04,Storage EE,3.3794895263255715
UserB,h11_wi04,Gas Boiler,0.0
UserB,h11_wi04,HP,0.0
UserB,h11_wi04,AC,0.0
UserB,h11_wi04,Storage HW,0.0
UserB,h11_wi04,Radiators,0.0
UserB,h11_wi04,Floor heating,0.0
UserB,h11_wi04,Induction stove,0.0
UserB,h11_wi04,Gas stove,0.0
UserB,h11_wi04,Gas National Grid,0.0
UserB,h12_wi04,PV sys,0.0
UserB,h12_wi04,National Grid EE,0.0
UserB,h12_wi04,Storage EE,5.692833241373968
UserB,h12_wi04,Gas Boiler,0.0
UserB,h12_wi04,HP,0.0
UserB,h12_wi04,AC,0.0
UserB,h12_wi04,Storage HW,0.0
UserB,h12_wi04,Radiators,0.0
UserB,h12_wi04,Floor heating,0.0
UserB,h12_wi04,Induction stove,0.0
UserB,h12_wi04,Gas stove,0.0
UserB,h12_wi04,Gas National Grid,0.0
UserB,h13_wi04,PV sys,0.0
UserB,h13_wi04,National Grid EE,0.0
UserB,h13_wi04,Storage EE,4.9103059095478345
UserB,h13_wi04,Gas Boiler,0.0
UserB,h13_wi04,HP,0.0
UserB,h13_wi04,AC,0.0
UserB,h13_wi04,Storage HW,0.0
UserB,h13_wi04,Radiators,0.0
UserB,h13_wi04,Floor heating,0.0
UserB,h13_wi04,Induction stove,0.0
UserB,h13_wi04,Gas stove,0.0
UserB,h13_wi04,Gas National Grid,0.0
UserB,h14_wi04,PV sys,0.0
UserB,h14_wi04,National Grid EE,0.0
UserB,h14_wi04,Storage EE,3.8945281954530904
UserB,h14_wi04,Gas Boiler,0.0
UserB,h14_wi04,HP,0.0
UserB,h14_wi04,AC,0.0
UserB,h14_wi04,Storage HW,0.0
UserB,h14_wi04,Radiators,0.0
UserB,h14_wi04,Floor heating,0.0
UserB,h14_wi04,Induction stove,0.0
UserB,h14_wi04,Gas stove,0.0
UserB,h14_wi04,Gas National Grid,0.0
UserB,h15_wi04,PV sys,0.0
UserB,h15_wi04,National Grid EE,0.0
UserB,h15_wi04,Storage EE,5.251715779973126
UserB,h15_wi04,Gas Boiler,0.0
UserB,h15_wi04,HP,0.0
UserB,h15_wi04,AC,0.0
UserB,h15_wi04,Storage HW,0.0
UserB,h15_wi04,Radiators,0.0
UserB,h15_wi04,Floor heating,0.0
UserB,h15_wi04,Induction stove,0.0
UserB,h15_wi04,Gas stove,0.0
UserB,h15_wi04,Gas National Grid,0.0
UserB,h16_wi04,PV sys,0.0
UserB,h16_wi04,National Grid EE,0.0
UserB,h16_wi04,Storage EE,5.7
UserB,h16_wi04,Gas Boiler,0.0
UserB,h16_wi04,HP,0.0
UserB,h16_wi04,AC,0.0
UserB,h16_wi04,Storage HW,0.0
UserB,h16_wi04,Radiators,0.0
UserB,h16_wi04,Floor heating,0.0
UserB,h16_wi04,Induction stove,0.0
UserB,h16_wi04,Gas stove,0.0
UserB,h16_wi04,Gas National Grid,0.0
UserB,h17_wi04,PV sys,0.0
UserB,h17_wi04,National Grid EE,0.0
UserB,h17_wi04,Storage EE,5.7
UserB,h17_wi04,Gas Boiler,0.0
UserB,h17_wi04,HP,0.0
UserB,h17_wi04,AC,0.0
UserB,h17_wi04,Storage HW,0.0
UserB,h17_wi04,Radiators,0.0
UserB,h17_wi04,Floor heating,0.0
UserB,h17_wi04,Induction stove,0.0
UserB,h17_wi04,Gas stove,0.0
UserB,h17_wi04,Gas National Grid,0.0
UserB,h18_wi04,PV sys,0.0
UserB,h18_wi04,National Grid EE,0.0
UserB,h18_wi04,Storage EE,5.7
UserB,h18_wi04,Gas Boiler,0.0
UserB,h18_wi04,HP,0.0
UserB,h18_wi04,AC,0.0
UserB,h18_wi04,Storage HW,0.0
UserB,h18_wi04,Radiators,0.0
UserB,h18_wi04,Floor heating,0.0
UserB,h18_wi04,Induction stove,0.0
UserB,h18_wi04,Gas stove,0.0
UserB,h18_wi04,Gas National Grid,0.0
UserB,h19_wi04,PV sys,0.0
UserB,h19_wi04,National Grid EE,0.0
UserB,h19_wi04,Storage EE,5.7
UserB,h19_wi04,Gas Boiler,0.0
UserB,h19_wi04,HP,0.0
UserB,h19_wi04,AC,0.0
UserB,h19_wi04,Storage HW,0.0
UserB,h19_wi04,Radiators,0.0
UserB,h19_wi04,Floor heating,0.0
UserB,h19_wi04,Induction stove,0.0
UserB,h19_wi04,Gas stove,0.0
UserB,h19_wi04,Gas National Grid,0.0
UserB,h20_wi04,PV sys,0.0
UserB,h20_wi04,National Grid EE,0.0
UserB,h20_wi04,Storage EE,5.7
UserB,h20_wi04,Gas Boiler,0.0
UserB,h20_wi04,HP,0.0
UserB,h20_wi04,AC,0.0
UserB,h20_wi04,Storage HW,0.0
UserB,h20_wi04,Radiators,0.0
UserB,h20_wi04,Floor heating,0.0
UserB,h20_wi04,Induction stove,0.0
UserB,h20_wi04,Gas stove,0.0
UserB,h20_wi04,Gas National Grid,0.0
UserB,h21_wi04,PV sys,0.0
UserB,h21_wi04,National Grid EE,0.0
UserB,h21_wi04,Storage EE,5.7
UserB,h21_wi04,Gas Boiler,0.0
UserB,h21_wi04,HP,0.0
UserB,h21_wi04,AC,0.0
UserB,h21_wi04,Storage HW,0.0
UserB,h21_wi04,Radiators,0.0
UserB,h21_wi04,Floor heating,0.0
UserB,h21_wi04,Induction stove,0.0
UserB,h21_wi04,Gas stove,0.0
UserB,h21_wi04,Gas National Grid,0.0
UserB,h22_wi04,PV sys,0.0
UserB,h22_wi04,National Grid EE,0.0
UserB,h22_wi04,Storage EE,5.7
UserB,h22_wi04,Gas Boiler,0.0
UserB,h22_wi04,HP,0.0
UserB,h22_wi04,AC,0.0
UserB,h22_wi04,Storage HW,0.0
UserB,h22_wi04,Radiators,0.0
UserB,h22_wi04,Floor heating,0.0
UserB,h22_wi04,Induction stove,0.0
UserB,h22_wi04,Gas stove,0.0
UserB,h22_wi04,Gas National Grid,0.0
UserB,h23_wi04,PV sys,0.0
UserB,h23_wi04,National Grid EE,0.0
UserB,h23_wi04,Storage EE,5.7
UserB,h23_wi04,Gas Boiler,0.0
UserB,h23_wi04,HP,0.0
UserB,h23_wi04,AC,0.0
UserB,h23_wi04,Storage HW,0.0
UserB,h23_wi04,Radiators,0.0
UserB,h23_wi04,Floor heating,0.0
UserB,h23_wi04,Induction stove,0.0
UserB,h23_wi04,Gas stove,0.0
UserB,h23_wi04,Gas National Grid,0.0
UserB,h24_wi04,PV sys,0.0
UserB,h24_wi04,National Grid EE,0.0
UserB,h24_wi04,Storage EE,5.7
UserB,h24_wi04,Gas Boiler,0.0
UserB,h24_wi04,HP,0.0
UserB,h24_wi04,AC,0.0
UserB,h24_wi04,Storage HW,0.0
UserB,h24_wi04,Radiators,0.0
UserB,h24_wi04,Floor heating,0.0
UserB,h24_wi04,Induction stove,0.0
UserB,h24_wi04,Gas stove,0.0
UserB,h24_wi04,Gas National Grid,0.0
UserB,h01_wi05,PV sys,0.0
UserB,h01_wi05,National Grid EE,0.0
UserB,h01_wi05,Storage EE,4.764553646512349
UserB,h01_wi05,Gas Boiler,0.0
UserB,h01_wi05,HP,0.0
UserB,h01_wi05,AC,0.0
UserB,h01_wi05,Storage HW,0.0
UserB,h01_wi05,Radiators,0.0
UserB,h01_wi05,Floor heating,0.0
UserB,h01_wi05,Induction stove,0.0
UserB,h01_wi05,Gas stove,0.0
UserB,h01_wi05,Gas National Grid,0.0
UserB,h02_wi05,PV sys,0.0
UserB,h02_wi05,National Grid EE,0.0
UserB,h02_wi05,Storage EE,4.651783310074309
UserB,h02_wi05,Gas Boiler,0.0
UserB,h02_wi05,HP,0.0
UserB,h02_wi05,AC,0.0
UserB,h02_wi05,Storage HW,0.0
UserB,h02_wi05,Radiators,0.0
UserB,h02_wi05,Floor heating,0.0
UserB,h02_wi05,Induction stove,0.0
UserB,h02_wi05,Gas stove,0.0
UserB,h02_wi05,Gas National Grid,0.0
UserB,h03_wi05,PV sys,0.0
UserB,h03_wi05,National Grid EE,0.0
UserB,h03_wi05,Storage EE,3.3462853175479883
UserB,h03_wi05,Gas Boiler,0.0
UserB,h03_wi05,HP,0.0
UserB,h03_wi05,AC,0.0
UserB,h03_wi05,Storage HW,0.0
UserB,h03_wi05,Radiators,0.0
UserB,h03_wi05,Floor heating,0.0
UserB,h03_wi05,Induction stove,0.0
UserB,h03_wi05,Gas stove,0.0
UserB,h03_wi05,Gas National Grid,0.0
UserB,h04_wi05,PV sys,0.0
UserB,h04_wi05,National Grid EE,0.0
UserB,h04_wi05,Storage EE,3.186461272445441
UserB,h04_wi05,Gas Boiler,0.0
UserB,h04_wi05,HP,0.0
UserB,h04_wi05,AC,0.0
UserB,h04_wi05,Storage HW,0.0
UserB,h04_wi05,Radiators,0.0
UserB,h04_wi05,Floor heating,0.0
UserB,h04_wi05,Induction stove,0.0
UserB,h04_wi05,Gas stove,0.0
UserB,h04_wi05,Gas National Grid,0.0
UserB,h05_wi05,PV sys,0.0
UserB,h05_wi05,National Grid EE,0.0
UserB,h05_wi05,Storage EE,1.6819462739059332
UserB,h05_wi05,Gas Boiler,0.0
UserB,h05_wi05,HP,0.0
UserB,h05_wi05,AC,0.0
UserB,h05_wi05,Storage HW,0.0
UserB,h05_wi05,Radiators,0.0
UserB,h05_wi05,Floor heating,0.0
UserB,h05_wi05,Induction stove,0.0
UserB,h05_wi05,Gas stove,0.0
UserB,h05_wi05,Gas National Grid,0.0
UserB,h06_wi05,PV sys,0.0
UserB,h06_wi05,National Grid EE,0.0
UserB,h06_wi05,Storage EE,1.4373998324234785
UserB,h06_wi05,Gas Boiler,0.0
UserB,h06_wi05,HP,0.0
UserB,h06_wi05,AC,0.0
UserB,h06_wi05,Storage HW,0.0
UserB,h06_wi05,Radiators,0.0
UserB,h06_wi05,Floor heating,0.0
UserB,h06_wi05,Induction stove,0.0
UserB,h06_wi05,Gas stove,0.0
UserB,h06_wi05,Gas National Grid,0.0
UserB,h07_wi05,PV sys,0.0
UserB,h07_wi05,National Grid EE,0.0
UserB,h07_wi05,Storage EE,1.1799075299510773
UserB,h07_wi05,Gas Boiler,0.0
UserB,h07_wi05,HP,0.0
UserB,h07_wi05,AC,0.0
UserB,h07_wi05,Storage HW,0.0
UserB,h07_wi05,Radiators,0.0
UserB,h07_wi05,Floor heating,0.0
UserB,h07_wi05,Induction stove,0.0
UserB,h07_wi05,Gas stove,0.0
UserB,h07_wi05,Gas National Grid,0.0
UserB,h08_wi05,PV sys,0.0
UserB,h08_wi05,National Grid EE,0.0
UserB,h08_wi05,Storage EE,0.602943441890547
UserB,h08_wi05,Gas Boiler,0.0
UserB,h08_wi05,HP,0.0
UserB,h08_wi05,AC,0.0
UserB,h08_wi05,Storage HW,0.0
UserB,h08_wi05,Radiators,0.0
UserB,h08_wi05,Floor heating,0.0
UserB,h08_wi05,Induction stove,0.0
UserB,h08_wi05,Gas stove,0.0
UserB,h08_wi05,Gas National Grid,0.0
UserB,h09_wi05,PV sys,0.0
UserB,h09_wi05,National Grid EE,0.0
UserB,h09_wi05,Storage EE,0.6
UserB,h09_wi05,Gas Boiler,0.0
UserB,h09_wi05,HP,0.0
UserB,h09_wi05,AC,0.0
UserB,h09_wi05,Storage HW,0.0
UserB,h09_wi05,Radiators,0.0
UserB,h09_wi05,Floor heating,0.0
UserB,h09_wi05,Induction stove,0.0
UserB,h09_wi05,Gas stove,0.0
UserB,h09_wi05,Gas National Grid,0.0
UserB,h10_wi05,PV sys,0.0
UserB,h10_wi05,National Grid EE,0.0
UserB,h10_wi05,Storage EE,1.45400874585156
UserB,h10_wi05,Gas Boiler,0.0
UserB,h10_wi05,HP,0.0
UserB,h10_wi05,AC,0.0
UserB,h10_wi05,Storage HW,0.0
UserB,h10_wi05,Radiators,0.0
UserB,h10_wi05,Floor heating,0.0
UserB,h10_wi05,Induction stove,0.0
UserB,h10_wi05,Gas stove,0.0
UserB,h10_wi05,Gas National Grid,0.0
UserB,h11_wi05,PV sys,0.0
UserB,h11_wi05,National Grid EE,0.0
UserB,h11_wi05,Storage EE,3.1006057188160563
UserB,h11_wi05,Gas Boiler,0.0
UserB,h11_wi05,HP,0.0
UserB,h11_wi05,AC,0.0
UserB,h11_wi05,Storage HW,0.0
UserB,h11_wi05,Radiators,0.0
UserB,h11_wi05,Floor heating,0.0
UserB,h11_wi05,Induction stove,0.0
UserB,h11_wi05,Gas stove,0.0
UserB,h11_wi05,Gas National Grid,0.0
UserB,h12_wi05,PV sys,0.0
UserB,h12_wi05,National Grid EE,0.0
UserB,h12_wi05,Storage EE,5.062535719635799
UserB,h12_wi05,Gas Boiler,0.0
UserB,h12_wi05,HP,0.0
UserB,h12_wi05,AC,0.0
UserB,h12_wi05,Storage HW,0.0
UserB,h12_wi05,Radiators,0.0
UserB,h12_wi05,Floor heating,0.0
UserB,h12_wi05,Induction stove,0.0
UserB,h12_wi05,Gas stove,0.0
UserB,h12_wi05,Gas National Grid,0.0
UserB,h13_wi05,PV sys,0.0
UserB,h13_wi05,National Grid EE,0.0
UserB,h13_wi05,Storage EE,5.7
UserB,h13_wi05,Gas Boiler,0.0
UserB,h13_wi05,HP,0.0
UserB,h13_wi05,AC,0.0
UserB,h13_wi05,Storage HW,0.0
UserB,h13_wi05,Radiators,0.0
UserB,h13_wi05,Floor heating,0.0
UserB,h13_wi05,Induction stove,0.0
UserB,h13_wi05,Gas stove,0.0
UserB,h13_wi05,Gas National Grid,0.0
UserB,h14_wi05,PV sys,0.0
UserB,h14_wi05,National Grid EE,0.0
UserB,h14_wi05,Storage EE,5.132013063758075
UserB,h14_wi05,Gas Boiler,0.0
UserB,h14_wi05,HP,0.0
UserB,h14_wi05,AC,0.0
UserB,h14_wi05,Storage HW,0.0
UserB,h14_wi05,Radiators,0.0
UserB,h14_wi05,Floor heating,0.0
UserB,h14_wi05,Induction stove,0.0
UserB,h14_wi05,Gas stove,0.0
UserB,h14_wi05,Gas National Grid,0.0
UserB,h15_wi05,PV sys,0.0
UserB,h15_wi05,National Grid EE,0.0
UserB,h15_wi05,Storage EE,5.7
UserB,h15_wi05,Gas Boiler,0.0
UserB,h15_wi05,HP,0.0
UserB,h15_wi05,AC,0.0
UserB,h15_wi05,Storage HW,0.0
UserB,h15_wi05,Radiators,0.0
UserB,h15_wi05,Floor heating,0.0
UserB,h15_wi05,Induction stove,0.0
UserB,h15_wi05,Gas stove,0.0
UserB,h15_wi05,Gas National Grid,0.0
UserB,h16_wi05,PV sys,0.0
UserB,h16_wi05,National Grid EE,0.0
UserB,h16_wi05,Storage EE,5.7
UserB,h16_wi05,Gas Boiler,0.0
UserB,h16_wi05,HP,0.0
UserB,h16_wi05,AC,0.0
UserB,h16_wi05,Storage HW,0.0
UserB,h16_wi05,Radiators,0.0
UserB,h16_wi05,Floor heating,0.0
UserB,h16_wi05,Induction stove,0.0
UserB,h16_wi05,Gas stove,0.0
UserB,h16_wi05,Gas National Grid,0.0
UserB,h17_wi05,PV sys,0.0
UserB,h17_wi05,National Grid EE,0.0
UserB,h17_wi05,Storage EE,5.45553706140655
UserB,h17_wi05,Gas Boiler,0.0
UserB,h17_wi05,HP,0.0
UserB,h17_wi05,AC,0.0
UserB,h17_wi05,Storage HW,0.0
UserB,h17_wi05,Radiators,0.0
UserB,h17_wi05,Floor heating,0.0
UserB,h17_wi05,Induction stove,0.0
UserB,h17_wi05,Gas stove,0.0
UserB,h17_wi05,Gas National Grid,0.0
UserB,h18_wi05,PV sys,0.0
UserB,h18_wi05,National Grid EE,0.0
UserB,h18_wi05,Storage EE,5.2186769454613895
UserB,h18_wi05,Gas Boiler,0.0
UserB,h18_wi05,HP,0.0
UserB,h18_wi05,AC,0.0
UserB,h18_wi05,Storage HW,0.0
UserB,h18_wi05,Radiators,0.0
UserB,h18_wi05,Floor heating,0.0
UserB,h18_wi05,Induction stove,0.0
UserB,h18_wi05,Gas stove,0.0
UserB,h18_wi05,Gas National Grid,0.0
UserB,h19_wi05,PV sys,0.0
UserB,h19_wi05,National Grid EE,0.0
UserB,h19_wi05,Storage EE,4.963988274030107
UserB,h19_wi05,Gas Boiler,0.0
UserB,h19_wi05,HP,0.0
UserB,h19_wi05,AC,0.0
UserB,h19_wi05,Storage HW,0.0
UserB,h19_wi05,Radiators,0.0
UserB,h19_wi05,Floor heating,0.0
UserB,h19_wi05,Induction stove,0.0
UserB,h19_wi05,Gas stove,0.0
UserB,h19_wi05,Gas National Grid,0.0
UserB,h20_wi05,PV sys,0.0
UserB,h20_wi05,National Grid EE,0.0
UserB,h20_wi05,Storage EE,4.64034721336945
UserB,h20_wi05,Gas Boiler,0.0
UserB,h20_wi05,HP,0.0
UserB,h20_wi05,AC,0.0
UserB,h20_wi05,Storage HW,0.0
UserB,h20_wi05,Radiators,0.0
UserB,h20_wi05,Floor heating,0.0
UserB,h20_wi05,Induction stove,0.0
UserB,h20_wi05,Gas stove,0.0
UserB,h20_wi05,Gas National Grid,0.0
UserB,h21_wi05,PV sys,0.0
UserB,h21_wi05,National Grid EE,0.0
UserB,h21_wi05,Storage EE,4.110526108184349
UserB,h21_wi05,Gas Boiler,0.0
UserB,h21_wi05,HP,0.0
UserB,h21_wi05,AC,0.0
UserB,h21_wi05,Storage HW,0.0
UserB,h21_wi05,Radiators,0.0
UserB,h21_wi05,Floor heating,0.0
UserB,h21_wi05,Induction stove,0.0
UserB,h21_wi05,Gas stove,0.0
UserB,h21_wi05,Gas National Grid,0.0
UserB,h22_wi05,PV sys,0.0
UserB,h22_wi05,National Grid EE,0.0
UserB,h22_wi05,Storage EE,4.110526108184349
UserB,h22_wi05,Gas Boiler,0.0
UserB,h22_wi05,HP,0.0
UserB,h22_wi05,AC,0.0
UserB,h22_wi05,Storage HW,0.0
UserB,h22_wi05,Radiators,0.0
UserB,h22_wi05,Floor heating,0.0
UserB,h22_wi05,Induction stove,0.0
UserB,h22_wi05,Gas stove,0.0
UserB,h22_wi05,Gas National Grid,0.0
UserB,h23_wi05,PV sys,0.0
UserB,h23_wi05,National Grid EE,0.0
UserB,h23_wi05,Storage EE,1.3736812341265106
UserB,h23_wi05,Gas Boiler,0.0
UserB,h23_wi05,HP,0.0
UserB,h23_wi05,AC,0.0
UserB,h23_wi05,Storage HW,0.0
UserB,h23_wi05,Radiators,0.0
UserB,h23_wi05,Floor heating,0.0
UserB,h23_wi05,Induction stove,0.0
UserB,h23_wi05,Gas stove,0.0
UserB,h23_wi05,Gas National Grid,0.0
UserB,h24_wi05,PV sys,0.0
UserB,h24_wi05,National Grid EE,0.0
UserB,h24_wi05,Storage EE,0.6
UserB,h24_wi05,Gas Boiler,0.0
UserB,h24_wi05,HP,0.0
UserB,h24_wi05,AC,0.0
UserB,h24_wi05,Storage HW,0.0
UserB,h24_wi05,Radiators,0.0
UserB,h24_wi05,Floor heating,0.0
UserB,h24_wi05,Induction stove,0.0
UserB,h24_wi05,Gas stove,0.0
UserB,h24_wi05,Gas National Grid,0.0
UserB,h01_wi06,PV sys,0.0
UserB,h01_wi06,National Grid EE,0.0
UserB,h01_wi06,Storage EE,0.6
UserB,h01_wi06,Gas Boiler,0.0
UserB,h01_wi06,HP,0.0
UserB,h01_wi06,AC,0.0
UserB,h01_wi06,Storage HW,0.0
UserB,h01_wi06,Radiators,0.0
UserB,h01_wi06,Floor heating,0.0
UserB,h01_wi06,Induction stove,0.0
UserB,h01_wi06,Gas stove,0.0
UserB,h01_wi06,Gas National Grid,0.0
UserB,h02_wi06,PV sys,0.0
UserB,h02_wi06,National Grid EE,0.0
UserB,h02_wi06,Storage EE,0.6
UserB,h02_wi06,Gas Boiler,0.0
UserB,h02_wi06,HP,0.0
UserB,h02_wi06,AC,0.0
UserB,h02_wi06,Storage HW,0.0
UserB,h02_wi06,Radiators,0.0
UserB,h02_wi06,Floor heating,0.0
UserB,h02_wi06,Induction stove,0.0
UserB,h02_wi06,Gas stove,0.0
UserB,h02_wi06,Gas National Grid,0.0
UserB,h03_wi06,PV sys,0.0
UserB,h03_wi06,National Grid EE,0.0
UserB,h03_wi06,Storage EE,0.6
UserB,h03_wi06,Gas Boiler,0.0
UserB,h03_wi06,HP,0.0
UserB,h03_wi06,AC,0.0
UserB,h03_wi06,Storage HW,0.0
UserB,h03_wi06,Radiators,0.0
UserB,h03_wi06,Floor heating,0.0
UserB,h03_wi06,Induction stove,0.0
UserB,h03_wi06,Gas stove,0.0
UserB,h03_wi06,Gas National Grid,0.0
UserB,h04_wi06,PV sys,0.0
UserB,h04_wi06,National Grid EE,0.0
UserB,h04_wi06,Storage EE,0.6
UserB,h04_wi06,Gas Boiler,0.0
UserB,h04_wi06,HP,0.0
UserB,h04_wi06,AC,0.0
UserB,h04_wi06,Storage HW,0.0
UserB,h04_wi06,Radiators,0.0
UserB,h04_wi06,Floor heating,0.0
UserB,h04_wi06,Induction stove,0.0
UserB,h04_wi06,Gas stove,0.0
UserB,h04_wi06,Gas National Grid,0.0
UserB,h05_wi06,PV sys,0.0
UserB,h05_wi06,National Grid EE,0.0
UserB,h05_wi06,Storage EE,0.6
UserB,h05_wi06,Gas Boiler,0.0
UserB,h05_wi06,HP,0.0
UserB,h05_wi06,AC,0.0
UserB,h05_wi06,Storage HW,0.0
UserB,h05_wi06,Radiators,0.0
UserB,h05_wi06,Floor heating,0.0
UserB,h05_wi06,Induction stove,0.0
UserB,h05_wi06,Gas stove,0.0
UserB,h05_wi06,Gas National Grid,0.0
UserB,h06_wi06,PV sys,0.0
UserB,h06_wi06,National Grid EE,0.0
UserB,h06_wi06,Storage EE,0.6
UserB,h06_wi06,Gas Boiler,0.0
UserB,h06_wi06,HP,0.0
UserB,h06_wi06,AC,0.0
UserB,h06_wi06,Storage HW,0.0
UserB,h06_wi06,Radiators,0.0
UserB,h06_wi06,Floor heating,0.0
UserB,h06_wi06,Induction stove,0.0
UserB,h06_wi06,Gas stove,0.0
UserB,h06_wi06,Gas National Grid,0.0
UserB,h07_wi06,PV sys,0.0
UserB,h07_wi06,National Grid EE,0.0
UserB,h07_wi06,Storage EE,0.6
UserB,h07_wi06,Gas Boiler,0.0
UserB,h07_wi06,HP,0.0
UserB,h07_wi06,AC,0.0
UserB,h07_wi06,Storage HW,0.0
UserB,h07_wi06,Radiators,0.0
UserB,h07_wi06,Floor heating,0.0
UserB,h07_wi06,Induction stove,0.0
UserB,h07_wi06,Gas stove,0.0
UserB,h07_wi06,Gas National Grid,0.0
UserB,h08_wi06,PV sys,0.0
UserB,h08_wi06,National Grid EE,0.0
UserB,h08_wi06,Storage EE,0.6
UserB,h08_wi06,Gas Boiler,0.0
UserB,h08_wi06,HP,0.0
UserB,h08_wi06,AC,0.0
UserB,h08_wi06,Storage HW,0.0
UserB,h08_wi06,Radiators,0.0
UserB,h08_wi06,Floor heating,0.0
UserB,h08_wi06,Induction stove,0.0
UserB,h08_wi06,Gas stove,0.0
UserB,h08_wi06,Gas National Grid,0.0
UserB,h09_wi06,PV sys,0.0
UserB,h09_wi06,National Grid EE,0.0
UserB,h09_wi06,Storage EE,0.6
UserB,h09_wi06,Gas Boiler,0.0
UserB,h09_wi06,HP,0.0
UserB,h09_wi06,AC,0.0
UserB,h09_wi06,Storage HW,0.0
UserB,h09_wi06,Radiators,0.0
UserB,h09_wi06,Floor heating,0.0
UserB,h09_wi06,Induction stove,0.0
UserB,h09_wi06,Gas stove,0.0
UserB,h09_wi06,Gas National Grid,0.0
UserB,h10_wi06,PV sys,0.0
UserB,h10_wi06,National Grid EE,0.0
UserB,h10_wi06,Storage EE,2.28531574281876
UserB,h10_wi06,Gas Boiler,0.0
UserB,h10_wi06,HP,0.0
UserB,h10_wi06,AC,0.0
UserB,h10_wi06,Storage HW,0.0
UserB,h10_wi06,Radiators,0.0
UserB,h10_wi06,Floor heating,0.0
UserB,h10_wi06,Induction stove,0.0
UserB,h10_wi06,Gas stove,0.0
UserB,h10_wi06,Gas National Grid,0.0
UserB,h11_wi06,PV sys,0.0
UserB,h11_wi06,National Grid EE,0.0
UserB,h11_wi06,Storage EE,3.3797191921453194
UserB,h11_wi06,Gas Boiler,0.0
UserB,h11_wi06,HP,0.0
UserB,h11_wi06,AC,0.0
UserB,h11_wi06,Storage HW,0.0
UserB,h11_wi06,Radiators,0.0
UserB,h11_wi06,Floor heating,0.0
UserB,h11_wi06,Induction stove,0.0
UserB,h11_wi06,Gas stove,0.0
UserB,h11_wi06,Gas National Grid,0.0
UserB,h12_wi06,PV sys,0.0
UserB,h12_wi06,National Grid EE,0.0
UserB,h12_wi06,Storage EE,5.561972223133509
UserB,h12_wi06,Gas Boiler,0.0
UserB,h12_wi06,HP,0.0
UserB,h12_wi06,AC,0.0
UserB,h12_wi06,Storage HW,0.0
UserB,h12_wi06,Radiators,0.0
UserB,h12_wi06,Floor heating,0.0
UserB,h12_wi06,Induction stove,0.0
UserB,h12_wi06,Gas stove,0.0
UserB,h12_wi06,Gas National Grid,0.0
UserB,h13_wi06,PV sys,0.0
UserB,h13_wi06,National Grid EE,0.0
UserB,h13_wi06,Storage EE,5.373527913018273
UserB,h13_wi06,Gas Boiler,0.0
UserB,h13_wi06,HP,0.0
UserB,h13_wi06,AC,0.0
UserB,h13_wi06,Storage HW,0.0
UserB,h13_wi06,Radiators,0.0
UserB,h13_wi06,Floor heating,0.0
UserB,h13_wi06,Induction stove,0.0
UserB,h13_wi06,Gas stove,0.0
UserB,h13_wi06,Gas National Grid,0.0
UserB,h14_wi06,PV sys,0.0
UserB,h14_wi06,National Grid EE,0.0
UserB,h14_wi06,Storage EE,5.02161063890226
UserB,h14_wi06,Gas Boiler,0.0
UserB,h14_wi06,HP,0.0
UserB,h14_wi06,AC,0.0
UserB,h14_wi06,Storage HW,0.0
UserB,h14_wi06,Radiators,0.0
UserB,h14_wi06,Floor heating,0.0
UserB,h14_wi06,Induction stove,0.0
UserB,h14_wi06,Gas stove,0.0
UserB,h14_wi06,Gas National Grid,0.0
UserB,h15_wi06,PV sys,0.0
UserB,h15_wi06,National Grid EE,0.0
UserB,h15_wi06,Storage EE,5.610204667262647
UserB,h15_wi06,Gas Boiler,0.0
UserB,h15_wi06,HP,0.0
UserB,h15_wi06,AC,0.0
UserB,h15_wi06,Storage HW,0.0
UserB,h15_wi06,Radiators,0.0
UserB,h15_wi06,Floor heating,0.0
UserB,h15_wi06,Induction stove,0.0
UserB,h15_wi06,Gas stove,0.0
UserB,h15_wi06,Gas National Grid,0.0
UserB,h16_wi06,PV sys,0.0
UserB,h16_wi06,National Grid EE,0.0
UserB,h16_wi06,Storage EE,5.7
UserB,h16_wi06,Gas Boiler,0.0
UserB,h16_wi06,HP,0.0
UserB,h16_wi06,AC,0.0
UserB,h16_wi06,Storage HW,0.0
UserB,h16_wi06,Radiators,0.0
UserB,h16_wi06,Floor heating,0.0
UserB,h16_wi06,Induction stove,0.0
UserB,h16_wi06,Gas stove,0.0
UserB,h16_wi06,Gas National Grid,0.0
UserB,h17_wi06,PV sys,0.0
UserB,h17_wi06,National Grid EE,0.0
UserB,h17_wi06,Storage EE,5.7
UserB,h17_wi06,Gas Boiler,0.0
UserB,h17_wi06,HP,0.0
UserB,h17_wi06,AC,0.0
UserB,h17_wi06,Storage HW,0.0
UserB,h17_wi06,Radiators,0.0
UserB,h17_wi06,Floor heating,0.0
UserB,h17_wi06,Induction stove,0.0
UserB,h17_wi06,Gas stove,0.0
UserB,h17_wi06,Gas National Grid,0.0
UserB,h18_wi06,PV sys,0.0
UserB,h18_wi06,National Grid EE,0.0
UserB,h18_wi06,Storage EE,5.7
UserB,h18_wi06,Gas Boiler,0.0
UserB,h18_wi06,HP,0.0
UserB,h18_wi06,AC,0.0
UserB,h18_wi06,Storage HW,0.0
UserB,h18_wi06,Radiators,0.0
UserB,h18_wi06,Floor heating,0.0
UserB,h18_wi06,Induction stove,0.0
UserB,h18_wi06,Gas stove,0.0
UserB,h18_wi06,Gas National Grid,0.0
UserB,h19_wi06,PV sys,0.0
UserB,h19_wi06,National Grid EE,0.0
UserB,h19_wi06,Storage EE,5.7
UserB,h19_wi06,Gas Boiler,0.0
UserB,h19_wi06,HP,0.0
UserB,h19_wi06,AC,0.0
UserB,h19_wi06,Storage HW,0.0
UserB,h19_wi06,Radiators,0.0
UserB,h19_wi06,Floor heating,0.0
UserB,h19_wi06,Induction stove,0.0
UserB,h19_wi06,Gas stove,0.0
UserB,h19_wi06,Gas National Grid,0.0
UserB,h20_wi06,PV sys,0.0
UserB,h20_wi06,National Grid EE,0.0
UserB,h20_wi06,Storage EE,5.7
UserB,h20_wi06,Gas Boiler,0.0
UserB,h20_wi06,HP,0.0
UserB,h20_wi06,AC,0.0
UserB,h20_wi06,Storage HW,0.0
UserB,h20_wi06,Radiators,0.0
UserB,h20_wi06,Floor heating,0.0
UserB,h20_wi06,Induction stove,0.0
UserB,h20_wi06,Gas stove,0.0
UserB,h20_wi06,Gas National Grid,0.0
UserB,h21_wi06,PV sys,0.0
UserB,h21_wi06,National Grid EE,0.0
UserB,h21_wi06,Storage EE,5.7
UserB,h21_wi06,Gas Boiler,0.0
UserB,h21_wi06,HP,0.0
UserB,h21_wi06,AC,0.0
UserB,h21_wi06,Storage HW,0.0
UserB,h21_wi06,Radiators,0.0
UserB,h21_wi06,Floor heating,0.0
UserB,h21_wi06,Induction stove,0.0
UserB,h21_wi06,Gas stove,0.0
UserB,h21_wi06,Gas National Grid,0.0
UserB,h22_wi06,PV sys,0.0
UserB,h22_wi06,National Grid EE,0.0
UserB,h22_wi06,Storage EE,5.7
UserB,h22_wi06,Gas Boiler,0.0
UserB,h22_wi06,HP,0.0
UserB,h22_wi06,AC,0.0
UserB,h22_wi06,Storage HW,0.0
UserB,h22_wi06,Radiators,0.0
UserB,h22_wi06,Floor heating,0.0
UserB,h22_wi06,Induction stove,0.0
UserB,h22_wi06,Gas stove,0.0
UserB,h22_wi06,Gas National Grid,0.0
UserB,h23_wi06,PV sys,0.0
UserB,h23_wi06,National Grid EE,0.0
UserB,h23_wi06,Storage EE,5.7
UserB,h23_wi06,Gas Boiler,0.0
UserB,h23_wi06,HP,0.0
UserB,h23_wi06,AC,0.0
UserB,h23_wi06,Storage HW,0.0
UserB,h23_wi06,Radiators,0.0
UserB,h23_wi06,Floor heating,0.0
UserB,h23_wi06,Induction stove,0.0
UserB,h23_wi06,Gas stove,0.0
UserB,h23_wi06,Gas National Grid,0.0
UserB,h24_wi06,PV sys,0.0
UserB,h24_wi06,National Grid EE,0.0
UserB,h24_wi06,Storage EE,5.7
UserB,h24_wi06,Gas Boiler,0.0
UserB,h24_wi06,HP,0.0
UserB,h24_wi06,AC,0.0
UserB,h24_wi06,Storage HW,0.0
UserB,h24_wi06,Radiators,0.0
UserB,h24_wi06,Floor heating,0.0
UserB,h24_wi06,Induction stove,0.0
UserB,h24_wi06,Gas stove,0.0
UserB,h24_wi06,Gas National Grid,0.0
UserB,h01_wi07,PV sys,0.0
UserB,h01_wi07,National Grid EE,0.0
UserB,h01_wi07,Storage EE,5.372248936953994
UserB,h01_wi07,Gas Boiler,0.0
UserB,h01_wi07,HP,0.0
UserB,h01_wi07,AC,0.0
UserB,h01_wi07,Storage HW,0.0
UserB,h01_wi07,Radiators,0.0
UserB,h01_wi07,Floor heating,0.0
UserB,h01_wi07,Induction stove,0.0
UserB,h01_wi07,Gas stove,0.0
UserB,h01_wi07,Gas National Grid,0.0
UserB,h02_wi07,PV sys,0.0
UserB,h02_wi07,National Grid EE,0.0
UserB,h02_wi07,Storage EE,5.1782984359425654
UserB,h02_wi07,Gas Boiler,0.0
UserB,h02_wi07,HP,0.0
UserB,h02_wi07,AC,0.0
UserB,h02_wi07,Storage HW,0.0
UserB,h02_wi07,Radiators,0.0
UserB,h02_wi07,Floor heating,0.0
UserB,h02_wi07,Induction stove,0.0
UserB,h02_wi07,Gas stove,0.0
UserB,h02_wi07,Gas National Grid,0.0
UserB,h03_wi07,PV sys,0.0
UserB,h03_wi07,National Grid EE,0.0
UserB,h03_wi07,Storage EE,3.8665031219883335
UserB,h03_wi07,Gas Boiler,0.0
UserB,h03_wi07,HP,0.0
UserB,h03_wi07,AC,0.0
UserB,h03_wi07,Storage HW,0.0
UserB,h03_wi07,Radiators,0.0
UserB,h03_wi07,Floor heating,0.0
UserB,h03_wi07,Induction stove,0.0
UserB,h03_wi07,Gas stove,0.0
UserB,h03_wi07,Gas National Grid,0.0
UserB,h04_wi07,PV sys,0.0
UserB,h04_wi07,National Grid EE,0.0
UserB,h04_wi07,Storage EE,3.628253918413917
UserB,h04_wi07,Gas Boiler,0.0
UserB,h04_wi07,HP,0.0
UserB,h04_wi07,AC,0.0
UserB,h04_wi07,Storage HW,0.0
UserB,h04_wi07,Radiators,0.0
UserB,h04_wi07,Floor heating,0.0
UserB,h04_wi07,Induction stove,0.0
UserB,h04_wi07,Gas stove,0.0
UserB,h04_wi07,Gas National Grid,0.0
UserB,h05_wi07,PV sys,0.0
UserB,h05_wi07,National Grid EE,0.0
UserB,h05_wi07,Storage EE,3.4490193335985384
UserB,h05_wi07,Gas Boiler,0.0
UserB,h05_wi07,HP,0.0
UserB,h05_wi07,AC,0.0
UserB,h05_wi07,Storage HW,0.0
UserB,h05_wi07,Radiators,0.0
UserB,h05_wi07,Floor heating,0.0
UserB,h05_wi07,Induction stove,0.0
UserB,h05_wi07,Gas stove,0.0
UserB,h05_wi07,Gas National Grid,0.0
UserB,h06_wi07,PV sys,0.0
UserB,h06_wi07,National Grid EE,0.0
UserB,h06_wi07,Storage EE,3.2665280215935013
UserB,h06_wi07,Gas Boiler,0.0
UserB,h06_wi07,HP,0.0
UserB,h06_wi07,AC,0.0
UserB,h06_wi07,Storage HW,0.0
UserB,h06_wi07,Radiators,0.0
UserB,h06_wi07,Floor heating,0.0
UserB,h06_wi07,Induction stove,0.0
UserB,h06_wi07,Gas stove,0.0
UserB,h06_wi07,Gas National Grid,0.0
UserB,h07_wi07,PV sys,0.0
UserB,h07_wi07,National Grid EE,0.0
UserB,h07_wi07,Storage EE,3.0806957441676373
UserB,h07_wi07,Gas Boiler,0.0
UserB,h07_wi07,HP,0.0
UserB,h07_wi07,AC,0.0
UserB,h07_wi07,Storage HW,0.0
UserB,h07_wi07,Radiators,0.0
UserB,h07_wi07,Floor heating,0.0
UserB,h07_wi07,Induction stove,0.0
UserB,h07_wi07,Gas stove,0.0
UserB,h07_wi07,Gas National Grid,0.0
UserB,h08_wi07,PV sys,0.0
UserB,h08_wi07,National Grid EE,0.0
UserB,h08_wi07,Storage EE,2.5923533882628744
UserB,h08_wi07,Gas Boiler,0.0
UserB,h08_wi07,HP,0.0
UserB,h08_wi07,AC,0.0
UserB,h08_wi07,Storage HW,0.0
UserB,h08_wi07,Radiators,0.0
UserB,h08_wi07,Floor heating,0.0
UserB,h08_wi07,Induction stove,0.0
UserB,h08_wi07,Gas stove,0.0
UserB,h08_wi07,Gas National Grid,0.0
UserB,h09_wi07,PV sys,0.0
UserB,h09_wi07,National Grid EE,0.0
UserB,h09_wi07,Storage EE,1.0966732490300746
UserB,h09_wi07,Gas Boiler,0.0
UserB,h09_wi07,HP,0.0
UserB,h09_wi07,AC,0.0
UserB,h09_wi07,Storage HW,0.0
UserB,h09_wi07,Radiators,0.0
UserB,h09_wi07,Floor heating,0.0
UserB,h09_wi07,Induction stove,0.0
UserB,h09_wi07,Gas stove,0.0
UserB,h09_wi07,Gas National Grid,0.0
UserB,h10_wi07,PV sys,0.0
UserB,h10_wi07,National Grid EE,0.0
UserB,h10_wi07,Storage EE,0.6567566012712645
UserB,h10_wi07,Gas Boiler,0.0
UserB,h10_wi07,HP,0.0
UserB,h10_wi07,AC,0.0
UserB,h10_wi07,Storage HW,0.0
UserB,h10_wi07,Radiators,0.0
UserB,h10_wi07,Floor heating,0.0
UserB,h10_wi07,Induction stove,0.0
UserB,h10_wi07,Gas stove,0.0
UserB,h10_wi07,Gas National Grid,0.0
UserB,h11_wi07,PV sys,0.0
UserB,h11_wi07,National Grid EE,0.0
UserB,h11_wi07,Storage EE,0.6
UserB,h11_wi07,Gas Boiler,0.0
UserB,h11_wi07,HP,0.0
UserB,h11_wi07,AC,0.0
UserB,h11_wi07,Storage HW,0.0
UserB,h11_wi07,Radiators,0.0
UserB,h11_wi07,Floor heating,0.0
UserB,h11_wi07,Induction stove,0.0
UserB,h11_wi07,Gas stove,0.0
UserB,h11_wi07,Gas National Grid,0.0
UserB,h12_wi07,PV sys,0.0
UserB,h12_wi07,National Grid EE,0.0
UserB,h12_wi07,Storage EE,1.8706318529524657
UserB,h12_wi07,Gas Boiler,0.0
UserB,h12_wi07,HP,0.0
UserB,h12_wi07,AC,0.0
UserB,h12_wi07,Storage HW,0.0
UserB,h12_wi07,Radiators,0.0
UserB,h12_wi07,Floor heating,0.0
UserB,h12_wi07,Induction stove,0.0
UserB,h12_wi07,Gas stove,0.0
UserB,h12_wi07,Gas National Grid,0.0
UserB,h13_wi07,PV sys,0.0
UserB,h13_wi07,National Grid EE,0.0
UserB,h13_wi07,Storage EE,3.461163393466632
UserB,h13_wi07,Gas Boiler,0.0
UserB,h13_wi07,HP,0.0
UserB,h13_wi07,AC,0.0
UserB,h13_wi07,Storage HW,0.0
UserB,h13_wi07,Radiators,0.0
UserB,h13_wi07,Floor heating,0.0
UserB,h13_wi07,Induction stove,0.0
UserB,h13_wi07,Gas stove,0.0
UserB,h13_wi07,Gas National Grid,0.0
UserB,h14_wi07,PV sys,0.0
UserB,h14_wi07,National Grid EE,0.0
UserB,h14_wi07,Storage EE,4.706730932442333
UserB,h14_wi07,Gas Boiler,0.0
UserB,h14_wi07,HP,0.0
UserB,h14_wi07,AC,0.0
UserB,h14_wi07,Storage HW,0.0
UserB,h14_wi07,Radiators,0.0
UserB,h14_wi07,Floor heating,0.0
UserB,h14_wi07,Induction stove,0.0
UserB,h14_wi07,Gas stove,0.0
UserB,h14_wi07,Gas National Grid,0.0
UserB,h15_wi07,PV sys,0.0
UserB,h15_wi07,National Grid EE,0.0
UserB,h15_wi07,Storage EE,5.383343929117654
UserB,h15_wi07,Gas Boiler,0.0
UserB,h15_wi07,HP,0.0
UserB,h15_wi07,AC,0.0
UserB,h15_wi07,Storage HW,0.0
UserB,h15_wi07,Radiators,0.0
UserB,h15_wi07,Floor heating,0.0
UserB,h15_wi07,Induction stove,0.0
UserB,h15_wi07,Gas stove,0.0
UserB,h15_wi07,Gas National Grid,0.0
UserB,h16_wi07,PV sys,0.0
UserB,h16_wi07,National Grid EE,0.0
UserB,h16_wi07,Storage EE,5.7
UserB,h16_wi07,Gas Boiler,0.0
UserB,h16_wi07,HP,0.0
UserB,h16_wi07,AC,0.0
UserB,h16_wi07,Storage HW,0.0
UserB,h16_wi07,Radiators,0.0
UserB,h16_wi07,Floor heating,0.0
UserB,h16_wi07,Induction stove,0.0
UserB,h16_wi07,Gas stove,0.0
UserB,h16_wi07,Gas National Grid,0.0
UserB,h17_wi07,PV sys,0.0
UserB,h17_wi07,National Grid EE,0.0
UserB,h17_wi07,Storage EE,5.429395063882529
UserB,h17_wi07,Gas Boiler,0.0
UserB,h17_wi07,HP,0.0
UserB,h17_wi07,AC,0.0
UserB,h17_wi07,Storage HW,0.0
UserB,h17_wi07,Radiators,0.0
UserB,h17_wi07,Floor heating,0.0
UserB,h17_wi07,Induction stove,0.0
UserB,h17_wi07,Gas stove,0.0
UserB,h17_wi07,Gas National Grid,0.0
UserB,h18_wi07,PV sys,0.0
UserB,h18_wi07,National Grid EE,0.0
UserB,h18_wi07,Storage EE,5.429395063882529
UserB,h18_wi07,Gas Boiler,0.0
UserB,h18_wi07,HP,0.0
UserB,h18_wi07,AC,0.0
UserB,h18_wi07,Storage HW,0.0
UserB,h18_wi07,Radiators,0.0
UserB,h18_wi07,Floor heating,0.0
UserB,h18_wi07,Induction stove,0.0
UserB,h18_wi07,Gas stove,0.0
UserB,h18_wi07,Gas National Grid,0.0
UserB,h19_wi07,PV sys,0.0
UserB,h19_wi07,National Grid EE,0.0
UserB,h19_wi07,Storage EE,5.429395063882529
UserB,h19_wi07,Gas Boiler,0.0
UserB,h19_wi07,HP,0.0
UserB,h19_wi07,AC,0.0
UserB,h19_wi07,Storage HW,0.0
UserB,h19_wi07,Radiators,0.0
UserB,h19_wi07,Floor heating,0.0
UserB,h19_wi07,Induction stove,0.0
UserB,h19_wi07,Gas stove,0.0
UserB,h19_wi07,Gas National Grid,0.0
UserB,h20_wi07,PV sys,0.0
UserB,h20_wi07,National Grid EE,0.0
UserB,h20_wi07,Storage EE,5.42939506388258
UserB,h20_wi07,Gas Boiler,0.0
UserB,h20_wi07,HP,0.0
UserB,h20_wi07,AC,0.0
UserB,h20_wi07,Storage HW,0.0
UserB,h20_wi07,Radiators,0.0
UserB,h20_wi07,Floor heating,0.0
UserB,h20_wi07,Induction stove,0.0
UserB,h20_wi07,Gas stove,0.0
UserB,h20_wi07,Gas National Grid,0.0
UserB,h21_wi07,PV sys,0.0
UserB,h21_wi07,National Grid EE,0.0
UserB,h21_wi07,Storage EE,5.4293950638825805
UserB,h21_wi07,Gas Boiler,0.0
UserB,h21_wi07,HP,0.0
UserB,h21_wi07,AC,0.0
UserB,h21_wi07,Storage HW,0.0
UserB,h21_wi07,Radiators,0.0
UserB,h21_wi07,Floor heating,0.0
UserB,h21_wi07,Induction stove,0.0
UserB,h21_wi07,Gas stove,0.0
UserB,h21_wi07,Gas National Grid,0.0
UserB,h22_wi07,PV sys,0.0
UserB,h22_wi07,National Grid EE,0.0
UserB,h22_wi07,Storage EE,5.234051926235221
UserB,h22_wi07,Gas Boiler,0.0
UserB,h22_wi07,HP,0.0
UserB,h22_wi07,AC,0.0
UserB,h22_wi07,Storage HW,0.0
UserB,h22_wi07,Radiators,0.0
UserB,h22_wi07,Floor heating,0.0
UserB,h22_wi07,Induction stove,0.0
UserB,h22_wi07,Gas stove,0.0
UserB,h22_wi07,Gas National Grid,0.0
UserB,h23_wi07,PV sys,0.0
UserB,h23_wi07,National Grid EE,0.0
UserB,h23_wi07,Storage EE,4.4389080191779255
UserB,h23_wi07,Gas Boiler,0.0
UserB,h23_wi07,HP,0.0
UserB,h23_wi07,AC,0.0
UserB,h23_wi07,Storage HW,0.0
UserB,h23_wi07,Radiators,0.0
UserB,h23_wi07,Floor heating,0.0
UserB,h23_wi07,Induction stove,0.0
UserB,h23_wi07,Gas stove,0.0
UserB,h23_wi07,Gas National Grid,0.0
UserB,h24_wi07,PV sys,0.0
UserB,h24_wi07,National Grid EE,0.0
UserB,h24_wi07,Storage EE,3.6186875449469236
UserB,h24_wi07,Gas Boiler,0.0
UserB,h24_wi07,HP,0.0
UserB,h24_wi07,AC,0.0
UserB,h24_wi07,Storage HW,0.0
UserB,h24_wi07,Radiators,0.0
UserB,h24_wi07,Floor heating,0.0
UserB,h24_wi07,Induction stove,0.0
UserB,h24_wi07,Gas stove,0.0
UserB,h24_wi07,Gas National Grid,0.0
UserB,h01_wi08,PV sys,0.0
UserB,h01_wi08,National Grid EE,0.0
UserB,h01_wi08,Storage EE,3.320210211009106
UserB,h01_wi08,Gas Boiler,0.0
UserB,h01_wi08,HP,0.0
UserB,h01_wi08,AC,0.0
UserB,h01_wi08,Storage HW,0.0
UserB,h01_wi08,Radiators,0.0
UserB,h01_wi08,Floor heating,0.0
UserB,h01_wi08,Induction stove,0.0
UserB,h01_wi08,Gas stove,0.0
UserB,h01_wi08,Gas National Grid,0.0
UserB,h02_wi08,PV sys,0.0
UserB,h02_wi08,National Grid EE,0.0
UserB,h02_wi08,Storage EE,3.1704585393926847
UserB,h02_wi08,Gas Boiler,0.0
UserB,h02_wi08,HP,0.0
UserB,h02_wi08,AC,0.0
UserB,h02_wi08,Storage HW,0.0
UserB,h02_wi08,Radiators,0.0
UserB,h02_wi08,Floor heating,0.0
UserB,h02_wi08,Induction stove,0.0
UserB,h02_wi08,Gas stove,0.0
UserB,h02_wi08,Gas National Grid,0.0
UserB,h03_wi08,PV sys,0.0
UserB,h03_wi08,National Grid EE,0.0
UserB,h03_wi08,Storage EE,2.9552607277181178
UserB,h03_wi08,Gas Boiler,0.0
UserB,h03_wi08,HP,0.0
UserB,h03_wi08,AC,0.0
UserB,h03_wi08,Storage HW,0.0
UserB,h03_wi08,Radiators,0.0
UserB,h03_wi08,Floor heating,0.0
UserB,h03_wi08,Induction stove,0.0
UserB,h03_wi08,Gas stove,0.0
UserB,h03_wi08,Gas National Grid,0.0
UserB,h04_wi08,PV sys,0.0
UserB,h04_wi08,National Grid EE,0.0
UserB,h04_wi08,Storage EE,2.702462347201251
UserB,h04_wi08,Gas Boiler,0.0
UserB,h04_wi08,HP,0.0
UserB,h04_wi08,AC,0.0
UserB,h04_wi08,Storage HW,0.0
UserB,h04_wi08,Radiators,0.0
UserB,h04_wi08,Floor heating,0.0
UserB,h04_wi08,Induction stove,0.0
UserB,h04_wi08,Gas stove,0.0
UserB,h04_wi08,Gas National Grid,0.0
UserB,h05_wi08,PV sys,0.0
UserB,h05_wi08,National Grid EE,0.0
UserB,h05_wi08,Storage EE,2.4644304625604674
UserB,h05_wi08,Gas Boiler,0.0
UserB,h05_wi08,HP,0.0
UserB,h05_wi08,AC,0.0
UserB,h05_wi08,Storage HW,0.0
UserB,h05_wi08,Radiators,0.0
UserB,h05_wi08,Floor heating,0.0
UserB,h05_wi08,Induction stove,0.0
UserB,h05_wi08,Gas stove,0.0
UserB,h05_wi08,Gas National Grid,0.0
UserB,h06_wi08,PV sys,0.0
UserB,h06_wi08,National Grid EE,0.0
UserB,h06_wi08,Storage EE,2.226398577919869
UserB,h06_wi08,Gas Boiler,0.0
UserB,h06_wi08,HP,0.0
UserB,h06_wi08,AC,0.0
UserB,h06_wi08,Storage HW,0.0
UserB,h06_wi08,Radiators,0.0
UserB,h06_wi08,Floor heating,0.0
UserB,h06_wi08,Induction stove,0.0
UserB,h06_wi08,Gas stove,0.0
UserB,h06_wi08,Gas National Grid,0.0
UserB,h07_wi08,PV sys,0.0
UserB,h07_wi08,National Grid EE,0.0
UserB,h07_wi08,Storage EE,1.9883660919356934
UserB,h07_wi08,Gas Boiler,0.0
UserB,h07_wi08,HP,0.0
UserB,h07_wi08,AC,0.0
UserB,h07_wi08,Storage HW,0.0
UserB,h07_wi08,Radiators,0.0
UserB,h07_wi08,Floor heating,0.0
UserB,h07_wi08,Induction stove,0.0
UserB,h07_wi08,Gas stove,0.0
UserB,h07_wi08,Gas National Grid,0.0
UserB,h08_wi08,PV sys,0.0
UserB,h08_wi08,National Grid EE,0.0
UserB,h08_wi08,Storage EE,1.3477134668208395
UserB,h08_wi08,Gas Boiler,0.0
UserB,h08_wi08,HP,0.0
UserB,h08_wi08,AC,0.0
UserB,h08_wi08,Storage HW,0.0
UserB,h08_wi08,Radiators,0.0
UserB,h08_wi08,Floor heating,0.0
UserB,h08_wi08,Induction stove,0.0
UserB,h08_wi08,Gas stove,0.0
UserB,h08_wi08,Gas National Grid,0.0
UserB,h09_wi08,PV sys,0.0
UserB,h09_wi08,National Grid EE,0.0
UserB,h09_wi08,Storage EE,1.3562901630813218
UserB,h09_wi08,Gas Boiler,0.0
UserB,h09_wi08,HP,0.0
UserB,h09_wi08,AC,0.0
UserB,h09_wi08,Storage HW,0.0
UserB,h09_wi08,Radiators,0.0
UserB,h09_wi08,Floor heating,0.0
UserB,h09_wi08,Induction stove,0.0
UserB,h09_wi08,Gas stove,0.0
UserB,h09_wi08,Gas National Grid,0.0
UserB,h10_wi08,PV sys,0.0
UserB,h10_wi08,National Grid EE,0.0
UserB,h10_wi08,Storage EE,1.2661805936867545
UserB,h10_wi08,Gas Boiler,0.0
UserB,h10_wi08,HP,0.0
UserB,h10_wi08,AC,0.0
UserB,h10_wi08,Storage HW,0.0
UserB,h10_wi08,Radiators,0.0
UserB,h10_wi08,Floor heating,0.0
UserB,h10_wi08,Induction stove,0.0
UserB,h10_wi08,Gas stove,0.0
UserB,h10_wi08,Gas National Grid,0.0
UserB,h11_wi08,PV sys,0.0
UserB,h11_wi08,National Grid EE,0.0
UserB,h11_wi08,Storage EE,1.728802477928686
UserB,h11_wi08,Gas Boiler,0.0
UserB,h11_wi08,HP,0.0
UserB,h11_wi08,AC,0.0
UserB,h11_wi08,Storage HW,0.0
UserB,h11_wi08,Radiators,0.0
UserB,h11_wi08,Floor heating,0.0
UserB,h11_wi08,Induction stove,0.0
UserB,h11_wi08,Gas stove,0.0
UserB,h11_wi08,Gas National Grid,0.0
UserB,h12_wi08,PV sys,0.0
UserB,h12_wi08,National Grid EE,0.0
UserB,h12_wi08,Storage EE,2.572445092169295
UserB,h12_wi08,Gas Boiler,0.0
UserB,h12_wi08,HP,0.0
UserB,h12_wi08,AC,0.0
UserB,h12_wi08,Storage HW,0.0
UserB,h12_wi08,Radiators,0.0
UserB,h12_wi08,Floor heating,0.0
UserB,h12_wi08,Induction stove,0.0
UserB,h12_wi08,Gas stove,0.0
UserB,h12_wi08,Gas National Grid,0.0
UserB,h13_wi08,PV sys,0.0
UserB,h13_wi08,National Grid EE,0.0
UserB,h13_wi08,Storage EE,3.4881833318987474
UserB,h13_wi08,Gas Boiler,0.0
UserB,h13_wi08,HP,0.0
UserB,h13_wi08,AC,0.0
UserB,h13_wi08,Storage HW,0.0
UserB,h13_wi08,Radiators,0.0
UserB,h13_wi08,Floor heating,0.0
UserB,h13_wi08,Induction stove,0.0
UserB,h13_wi08,Gas stove,0.0
UserB,h13_wi08,Gas National Grid,0.0
UserB,h14_wi08,PV sys,0.0
UserB,h14_wi08,National Grid EE,0.0
UserB,h14_wi08,Storage EE,4.527603602123909
UserB,h14_wi08,Gas Boiler,0.0
UserB,h14_wi08,HP,0.0
UserB,h14_wi08,AC,0.0
UserB,h14_wi08,Storage HW,0.0
UserB,h14_wi08,Radiators,0.0
UserB,h14_wi08,Floor heating,0.0
UserB,h14_wi08,Induction stove,0.0
UserB,h14_wi08,Gas stove,0.0
UserB,h14_wi08,Gas National Grid,0.0
UserB,h15_wi08,PV sys,0.0
UserB,h15_wi08,National Grid EE,0.0
UserB,h15_wi08,Storage EE,5.392661671391799
UserB,h15_wi08,Gas Boiler,0.0
UserB,h15_wi08,HP,0.0
UserB,h15_wi08,AC,0.0
UserB,h15_wi08,Storage HW,0.0
UserB,h15_wi08,Radiators,0.0
UserB,h15_wi08,Floor heating,0.0
UserB,h15_wi08,Induction stove,0.0
UserB,h15_wi08,Gas stove,0.0
UserB,h15_wi08,Gas National Grid,0.0
UserB,h16_wi08,PV sys,0.0
UserB,h16_wi08,National Grid EE,0.0
UserB,h16_wi08,Storage EE,5.7
UserB,h16_wi08,Gas Boiler,0.0
UserB,h16_wi08,HP,0.0
UserB,h16_wi08,AC,0.0
UserB,h16_wi08,Storage HW,0.0
UserB,h16_wi08,Radiators,0.0
UserB,h16_wi08,Floor heating,0.0
UserB,h16_wi08,Induction stove,0.0
UserB,h16_wi08,Gas stove,0.0
UserB,h16_wi08,Gas National Grid,0.0
UserB,h17_wi08,PV sys,0.0
UserB,h17_wi08,National Grid EE,0.0
UserB,h17_wi08,Storage EE,5.7
UserB,h17_wi08,Gas Boiler,0.0
UserB,h17_wi08,HP,0.0
UserB,h17_wi08,AC,0.0
UserB,h17_wi08,Storage HW,0.0
UserB,h17_wi08,Radiators,0.0
UserB,h17_wi08,Floor heating,0.0
UserB,h17_wi08,Induction stove,0.0
UserB,h17_wi08,Gas stove,0.0
UserB,h17_wi08,Gas National Grid,0.0
UserB,h18_wi08,PV sys,0.0
UserB,h18_wi08,National Grid EE,0.0
UserB,h18_wi08,Storage EE,5.7
UserB,h18_wi08,Gas Boiler,0.0
UserB,h18_wi08,HP,0.0
UserB,h18_wi08,AC,0.0
UserB,h18_wi08,Storage HW,0.0
UserB,h18_wi08,Radiators,0.0
UserB,h18_wi08,Floor heating,0.0
UserB,h18_wi08,Induction stove,0.0
UserB,h18_wi08,Gas stove,0.0
UserB,h18_wi08,Gas National Grid,0.0
UserB,h19_wi08,PV sys,0.0
UserB,h19_wi08,National Grid EE,0.0
UserB,h19_wi08,Storage EE,5.7
UserB,h19_wi08,Gas Boiler,0.0
UserB,h19_wi08,HP,0.0
UserB,h19_wi08,AC,0.0
UserB,h19_wi08,Storage HW,0.0
UserB,h19_wi08,Radiators,0.0
UserB,h19_wi08,Floor heating,0.0
UserB,h19_wi08,Induction stove,0.0
UserB,h19_wi08,Gas stove,0.0
UserB,h19_wi08,Gas National Grid,0.0
UserB,h20_wi08,PV sys,0.0
UserB,h20_wi08,National Grid EE,0.0
UserB,h20_wi08,Storage EE,5.7
UserB,h20_wi08,Gas Boiler,0.0
UserB,h20_wi08,HP,0.0
UserB,h20_wi08,AC,0.0
UserB,h20_wi08,Storage HW,0.0
UserB,h20_wi08,Radiators,0.0
UserB,h20_wi08,Floor heating,0.0
UserB,h20_wi08,Induction stove,0.0
UserB,h20_wi08,Gas stove,0.0
UserB,h20_wi08,Gas National Grid,0.0
UserB,h21_wi08,PV sys,0.0
UserB,h21_wi08,National Grid EE,0.0
UserB,h21_wi08,Storage EE,5.7
UserB,h21_wi08,Gas Boiler,0.0
UserB,h21_wi08,HP,0.0
UserB,h21_wi08,AC,0.0
UserB,h21_wi08,Storage HW,0.0
UserB,h21_wi08,Radiators,0.0
UserB,h21_wi08,Floor heating,0.0
UserB,h21_wi08,Induction stove,0.0
UserB,h21_wi08,Gas stove,0.0
UserB,h21_wi08,Gas National Grid,0.0
UserB,h22_wi08,PV sys,0.0
UserB,h22_wi08,National Grid EE,0.0
UserB,h22_wi08,Storage EE,5.7
UserB,h22_wi08,Gas Boiler,0.0
UserB,h22_wi08,HP,0.0
UserB,h22_wi08,AC,0.0
UserB,h22_wi08,Storage HW,0.0
UserB,h22_wi08,Radiators,0.0
UserB,h22_wi08,Floor heating,0.0
UserB,h22_wi08,Induction stove,0.0
UserB,h22_wi08,Gas stove,0.0
UserB,h22_wi08,Gas National Grid,0.0
UserB,h23_wi08,PV sys,0.0
UserB,h23_wi08,National Grid EE,0.0
UserB,h23_wi08,Storage EE,5.7
UserB,h23_wi08,Gas Boiler,0.0
UserB,h23_wi08,HP,0.0
UserB,h23_wi08,AC,0.0
UserB,h23_wi08,Storage HW,0.0
UserB,h23_wi08,Radiators,0.0
UserB,h23_wi08,Floor heating,0.0
UserB,h23_wi08,Induction stove,0.0
UserB,h23_wi08,Gas stove,0.0
UserB,h23_wi08,Gas National Grid,0.0
UserB,h24_wi08,PV sys,0.0
UserB,h24_wi08,National Grid EE,0.0
UserB,h24_wi08,Storage EE,5.7
UserB,h24_wi08,Gas Boiler,0.0
UserB,h24_wi08,HP,0.0
UserB,h24_wi08,AC,0.0
UserB,h24_wi08,Storage HW,0.0
UserB,h24_wi08,Radiators,0.0
UserB,h24_wi08,Floor heating,0.0
UserB,h24_wi08,Induction stove,0.0
UserB,h24_wi08,Gas stove,0.0
UserB,h24_wi08,Gas National Grid,0.0
UserB,h01_wi09,PV sys,0.0
UserB,h01_wi09,National Grid EE,0.0
UserB,h01_wi09,Storage EE,5.7
UserB,h01_wi09,Gas Boiler,0.0
UserB,h01_wi09,HP,0.0
UserB,h01_wi09,AC,0.0
UserB,h01_wi09,Storage HW,0.0
UserB,h01_wi09,Radiators,0.0
UserB,h01_wi09,Floor heating,0.0
UserB,h01_wi09,Induction stove,0.0
UserB,h01_wi09,Gas stove,0.0
UserB,h01_wi09,Gas National Grid,0.0
UserB,h02_wi09,PV sys,0.0
UserB,h02_wi09,National Grid EE,0.0
UserB,h02_wi09,Storage EE,5.7
UserB,h02_wi09,Gas Boiler,0.0
UserB,h02_wi09,HP,0.0
UserB,h02_wi09,AC,0.0
UserB,h02_wi09,Storage HW,0.0
UserB,h02_wi09,Radiators,0.0
UserB,h02_wi09,Floor heating,0.0
UserB,h02_wi09,Induction stove,0.0
UserB,h02_wi09,Gas stove,0.0
UserB,h02_wi09,Gas National Grid,0.0
UserB,h03_wi09,PV sys,0.0
UserB,h03_wi09,National Grid EE,0.0
UserB,h03_wi09,Storage EE,5.7
UserB,h03_wi09,Gas Boiler,0.0
UserB,h03_wi09,HP,0.0
UserB,h03_wi09,AC,0.0
UserB,h03_wi09,Storage HW,0.0
UserB,h03_wi09,Radiators,0.0
UserB,h03_wi09,Floor heating,0.0
UserB,h03_wi09,Induction stove,0.0
UserB,h03_wi09,Gas stove,0.0
UserB,h03_wi09,Gas National Grid,0.0
UserB,h04_wi09,PV sys,0.0
UserB,h04_wi09,National Grid EE,0.0
UserB,h04_wi09,Storage EE,5.7
UserB,h04_wi09,Gas Boiler,0.0
UserB,h04_wi09,HP,0.0
UserB,h04_wi09,AC,0.0
UserB,h04_wi09,Storage HW,0.0
UserB,h04_wi09,Radiators,0.0
UserB,h04_wi09,Floor heating,0.0
UserB,h04_wi09,Induction stove,0.0
UserB,h04_wi09,Gas stove,0.0
UserB,h04_wi09,Gas National Grid,0.0
UserB,h05_wi09,PV sys,0.0
UserB,h05_wi09,National Grid EE,0.0
UserB,h05_wi09,Storage EE,5.7
UserB,h05_wi09,Gas Boiler,0.0
UserB,h05_wi09,HP,0.0
UserB,h05_wi09,AC,0.0
UserB,h05_wi09,Storage HW,0.0
UserB,h05_wi09,Radiators,0.0
UserB,h05_wi09,Floor heating,0.0
UserB,h05_wi09,Induction stove,0.0
UserB,h05_wi09,Gas stove,0.0
UserB,h05_wi09,Gas National Grid,0.0
UserB,h06_wi09,PV sys,0.0
UserB,h06_wi09,National Grid EE,0.0
UserB,h06_wi09,Storage EE,5.7
UserB,h06_wi09,Gas Boiler,0.0
UserB,h06_wi09,HP,0.0
UserB,h06_wi09,AC,0.0
UserB,h06_wi09,Storage HW,0.0
UserB,h06_wi09,Radiators,0.0
UserB,h06_wi09,Floor heating,0.0
UserB,h06_wi09,Induction stove,0.0
UserB,h06_wi09,Gas stove,0.0
UserB,h06_wi09,Gas National Grid,0.0
UserB,h07_wi09,PV sys,0.0
UserB,h07_wi09,National Grid EE,0.0
UserB,h07_wi09,Storage EE,5.46196811887624
UserB,h07_wi09,Gas Boiler,0.0
UserB,h07_wi09,HP,0.0
UserB,h07_wi09,AC,0.0
UserB,h07_wi09,Storage HW,0.0
UserB,h07_wi09,Radiators,0.0
UserB,h07_wi09,Floor heating,0.0
UserB,h07_wi09,Induction stove,0.0
UserB,h07_wi09,Gas stove,0.0
UserB,h07_wi09,Gas National Grid,0.0
UserB,h08_wi09,PV sys,0.0
UserB,h08_wi09,National Grid EE,0.0
UserB,h08_wi09,Storage EE,5.273212743091097
UserB,h08_wi09,Gas Boiler,0.0
UserB,h08_wi09,HP,0.0
UserB,h08_wi09,AC,0.0
UserB,h08_wi09,Storage HW,0.0
UserB,h08_wi09,Radiators,0.0
UserB,h08_wi09,Floor heating,0.0
UserB,h08_wi09,Induction stove,0.0
UserB,h08_wi09,Gas stove,0.0
UserB,h08_wi09,Gas National Grid,0.0
UserB,h09_wi09,PV sys,0.0
UserB,h09_wi09,National Grid EE,0.0
UserB,h09_wi09,Storage EE,5.181026834855412
UserB,h09_wi09,Gas Boiler,0.0
UserB,h09_wi09,HP,0.0
UserB,h09_wi09,AC,0.0
UserB,h09_wi09,Storage HW,0.0
UserB,h09_wi09,Radiators,0.0
UserB,h09_wi09,Floor heating,0.0
UserB,h09_wi09,Induction stove,0.0
UserB,h09_wi09,Gas stove,0.0
UserB,h09_wi09,Gas National Grid,0.0
UserB,h10_wi09,PV sys,0.0
UserB,h10_wi09,National Grid EE,0.0
UserB,h10_wi09,Storage EE,5.108580217538462
UserB,h10_wi09,Gas Boiler,0.0
UserB,h10_wi09,HP,0.0
UserB,h10_wi09,AC,0.0
UserB,h10_wi09,Storage HW,0.0
UserB,h10_wi09,Radiators,0.0
UserB,h10_wi09,Floor heating,0.0
UserB,h10_wi09,Induction stove,0.0
UserB,h10_wi09,Gas stove,0.0
UserB,h10_wi09,Gas National Grid,0.0
UserB,h11_wi09,PV sys,0.0
UserB,h11_wi09,National Grid EE,0.0
UserB,h11_wi09,Storage EE,5.098467422716761
UserB,h11_wi09,Gas Boiler,0.0
UserB,h11_wi09,HP,0.0
UserB,h11_wi09,AC,0.0
UserB,h11_wi09,Storage HW,0.0
UserB,h11_wi09,Radiators,0.0
UserB,h11_wi09,Floor heating,0.0
UserB,h11_wi09,Induction stove,0.0
UserB,h11_wi09,Gas stove,0.0
UserB,h11_wi09,Gas National Grid,0.0
UserB,h12_wi09,PV sys,0.0
UserB,h12_wi09,National Grid EE,0.0
UserB,h12_wi09,Storage EE,5.1285660232061385
UserB,h12_wi09,Gas Boiler,0.0
UserB,h12_wi09,HP,0.0
UserB,h12_wi09,AC,0.0
UserB,h12_wi09,Storage HW,0.0
UserB,h12_wi09,Radiators,0.0
UserB,h12_wi09,Floor heating,0.0
UserB,h12_wi09,Induction stove,0.0
UserB,h12_wi09,Gas stove,0.0
UserB,h12_wi09,Gas National Grid,0.0
UserB,h13_wi09,PV sys,0.0
UserB,h13_wi09,National Grid EE,0.0
UserB,h13_wi09,Storage EE,5.164608163891462
UserB,h13_wi09,Gas Boiler,0.0
UserB,h13_wi09,HP,0.0
UserB,h13_wi09,AC,0.0
UserB,h13_wi09,Storage HW,0.0
UserB,h13_wi09,Radiators,0.0
UserB,h13_wi09,Floor heating,0.0
UserB,h13_wi09,Induction stove,0.0
UserB,h13_wi09,Gas stove,0.0
UserB,h13_wi09,Gas National Grid,0.0
UserB,h14_wi09,PV sys,0.0
UserB,h14_wi09,National Grid EE,0.0
UserB,h14_wi09,Storage EE,5.148778410552495
UserB,h14_wi09,Gas Boiler,0.0
UserB,h14_wi09,HP,0.0
UserB,h14_wi09,AC,0.0
UserB,h14_wi09,Storage HW,0.0
UserB,h14_wi09,Radiators,0.0
UserB,h14_wi09,Floor heating,0.0
UserB,h14_wi09,Induction stove,0.0
UserB,h14_wi09,Gas stove,0.0
UserB,h14_wi09,Gas National Grid,0.0
UserB,h15_wi09,PV sys,0.0
UserB,h15_wi09,National Grid EE,0.0
UserB,h15_wi09,Storage EE,5.09392374169895
UserB,h15_wi09,Gas Boiler,0.0
UserB,h15_wi09,HP,0.0
UserB,h15_wi09,AC,0.0
UserB,h15_wi09,Storage HW,0.0
UserB,h15_wi09,Radiators,0.0
UserB,h15_wi09,Floor heating,0.0
UserB,h15_wi09,Induction stove,0.0
UserB,h15_wi09,Gas stove,0.0
UserB,h15_wi09,Gas National Grid,0.0
UserB,h16_wi09,PV sys,0.0
UserB,h16_wi09,National Grid EE,0.0
UserB,h16_wi09,Storage EE,4.932869072845472
UserB,h16_wi09,Gas Boiler,0.0
UserB,h16_wi09,HP,0.0
UserB,h16_wi09,AC,0.0
UserB,h16_wi09,Storage HW,0.0
UserB,h16_wi09,Radiators,0.0
UserB,h16_wi09,Floor heating,0.0
UserB,h16_wi09,Induction stove,0.0
UserB,h16_wi09,Gas stove,0.0
UserB,h16_wi09,Gas National Grid,0.0
UserB,h17_wi09,PV sys,0.0
UserB,h17_wi09,National Grid EE,0.0
UserB,h17_wi09,Storage EE,4.932869072845472
UserB,h17_wi09,Gas Boiler,0.0
UserB,h17_wi09,HP,0.0
UserB,h17_wi09,AC,0.0
UserB,h17_wi09,Storage HW,0.0
UserB,h17_wi09,Radiators,0.0
UserB,h17_wi09,Floor heating,0.0
UserB,h17_wi09,Induction stove,0.0
UserB,h17_wi09,Gas stove,0.0
UserB,h17_wi09,Gas National Grid,0.0
UserB,h18_wi09,PV sys,0.0
UserB,h18_wi09,National Grid EE,0.0
UserB,h18_wi09,Storage EE,4.932869072845456
UserB,h18_wi09,Gas Boiler,0.0
UserB,h18_wi09,HP,0.0
UserB,h18_wi09,AC,0.0
UserB,h18_wi09,Storage HW,0.0
UserB,h18_wi09,Radiators,0.0
UserB,h18_wi09,Floor heating,0.0
UserB,h18_wi09,Induction stove,0.0
UserB,h18_wi09,Gas stove,0.0
UserB,h18_wi09,Gas National Grid,0.0
UserB,h19_wi09,PV sys,0.0
UserB,h19_wi09,National Grid EE,0.0
UserB,h19_wi09,Storage EE,4.932869072840122
UserB,h19_wi09,Gas Boiler,0.0
UserB,h19_wi09,HP,0.0
UserB,h19_wi09,AC,0.0
UserB,h19_wi09,Storage HW,0.0
UserB,h19_wi09,Radiators,0.0
UserB,h19_wi09,Floor heating,0.0
UserB,h19_wi09,Induction stove,0.0
UserB,h19_wi09,Gas stove,0.0
UserB,h19_wi09,Gas National Grid,0.0
UserB,h20_wi09,PV sys,0.0
UserB,h20_wi09,National Grid EE,0.0
UserB,h20_wi09,Storage EE,4.93286907283885
UserB,h20_wi09,Gas Boiler,0.0
UserB,h20_wi09,HP,0.0
UserB,h20_wi09,AC,0.0
UserB,h20_wi09,Storage HW,0.0
UserB,h20_wi09,Radiators,0.0
UserB,h20_wi09,Floor heating,0.0
UserB,h20_wi09,Induction stove,0.0
UserB,h20_wi09,Gas stove,0.0
UserB,h20_wi09,Gas National Grid,0.0
UserB,h21_wi09,PV sys,0.0
UserB,h21_wi09,National Grid EE,0.0
UserB,h21_wi09,Storage EE,4.385482097804825
UserB,h21_wi09,Gas Boiler,0.0
UserB,h21_wi09,HP,0.0
UserB,h21_wi09,AC,0.0
UserB,h21_wi09,Storage HW,0.0
UserB,h21_wi09,Radiators,0.0
UserB,h21_wi09,Floor heating,0.0
UserB,h21_wi09,Induction stove,0.0
UserB,h21_wi09,Gas stove,0.0
UserB,h21_wi09,Gas National Grid,0.0
UserB,h22_wi09,PV sys,0.0
UserB,h22_wi09,National Grid EE,0.0
UserB,h22_wi09,Storage EE,3.4161147868003185
UserB,h22_wi09,Gas Boiler,0.0
UserB,h22_wi09,HP,0.0
UserB,h22_wi09,AC,0.0
UserB,h22_wi09,Storage HW,0.0
UserB,h22_wi09,Radiators,0.0
UserB,h22_wi09,Floor heating,0.0
UserB,h22_wi09,Induction stove,0.0
UserB,h22_wi09,Gas stove,0.0
UserB,h22_wi09,Gas National Grid,0.0
UserB,h23_wi09,PV sys,0.0
UserB,h23_wi09,National Grid EE,0.0
UserB,h23_wi09,Storage EE,1.8176067545275973
UserB,h23_wi09,Gas Boiler,0.0
UserB,h23_wi09,HP,0.0
UserB,h23_wi09,AC,0.0
UserB,h23_wi09,Storage HW,0.0
UserB,h23_wi09,Radiators,0.0
UserB,h23_wi09,Floor heating,0.0
UserB,h23_wi09,Induction stove,0.0
UserB,h23_wi09,Gas stove,0.0
UserB,h23_wi09,Gas National Grid,0.0
UserB,h24_wi09,PV sys,0.0
UserB,h24_wi09,National Grid EE,0.0
UserB,h24_wi09,Storage EE,0.6
UserB,h24_wi09,Gas Boiler,0.0
UserB,h24_wi09,HP,0.0
UserB,h24_wi09,AC,0.0
UserB,h24_wi09,Storage HW,0.0
UserB,h24_wi09,Radiators,0.0
UserB,h24_wi09,Floor heating,0.0
UserB,h24_wi09,Induction stove,0.0
UserB,h24_wi09,Gas stove,0.0
UserB,h24_wi09,Gas National Grid,0.0
UserB,h01_wi10,PV sys,0.0
UserB,h01_wi10,National Grid EE,0.0
UserB,h01_wi10,Storage EE,0.6
UserB,h01_wi10,Gas Boiler,0.0
UserB,h01_wi10,HP,0.0
UserB,h01_wi10,AC,0.0
UserB,h01_wi10,Storage HW,0.0
UserB,h01_wi10,Radiators,0.0
UserB,h01_wi10,Floor heating,0.0
UserB,h01_wi10,Induction stove,0.0
UserB,h01_wi10,Gas stove,0.0
UserB,h01_wi10,Gas National Grid,0.0
UserB,h02_wi10,PV sys,0.0
UserB,h02_wi10,National Grid EE,0.0
UserB,h02_wi10,Storage EE,0.6
UserB,h02_wi10,Gas Boiler,0.0
UserB,h02_wi10,HP,0.0
UserB,h02_wi10,AC,0.0
UserB,h02_wi10,Storage HW,0.0
UserB,h02_wi10,Radiators,0.0
UserB,h02_wi10,Floor heating,0.0
UserB,h02_wi10,Induction stove,0.0
UserB,h02_wi10,Gas stove,0.0
UserB,h02_wi10,Gas National Grid,0.0
UserB,h03_wi10,PV sys,0.0
UserB,h03_wi10,National Grid EE,0.0
UserB,h03_wi10,Storage EE,0.6
UserB,h03_wi10,Gas Boiler,0.0
UserB,h03_wi10,HP,0.0
UserB,h03_wi10,AC,0.0
UserB,h03_wi10,Storage HW,0.0
UserB,h03_wi10,Radiators,0.0
UserB,h03_wi10,Floor heating,0.0
UserB,h03_wi10,Induction stove,0.0
UserB,h03_wi10,Gas stove,0.0
UserB,h03_wi10,Gas National Grid,0.0
UserB,h04_wi10,PV sys,0.0
UserB,h04_wi10,National Grid EE,0.0
UserB,h04_wi10,Storage EE,0.6
UserB,h04_wi10,Gas Boiler,0.0
UserB,h04_wi10,HP,0.0
UserB,h04_wi10,AC,0.0
UserB,h04_wi10,Storage HW,0.0
UserB,h04_wi10,Radiators,0.0
UserB,h04_wi10,Floor heating,0.0
UserB,h04_wi10,Induction stove,0.0
UserB,h04_wi10,Gas stove,0.0
UserB,h04_wi10,Gas National Grid,0.0
UserB,h05_wi10,PV sys,0.0
UserB,h05_wi10,National Grid EE,0.0
UserB,h05_wi10,Storage EE,0.6
UserB,h05_wi10,Gas Boiler,0.0
UserB,h05_wi10,HP,0.0
UserB,h05_wi10,AC,0.0
UserB,h05_wi10,Storage HW,0.0
UserB,h05_wi10,Radiators,0.0
UserB,h05_wi10,Floor heating,0.0
UserB,h05_wi10,Induction stove,0.0
UserB,h05_wi10,Gas stove,0.0
UserB,h05_wi10,Gas National Grid,0.0
UserB,h06_wi10,PV sys,0.0
UserB,h06_wi10,National Grid EE,0.0
UserB,h06_wi10,Storage EE,0.6
UserB,h06_wi10,Gas Boiler,0.0
UserB,h06_wi10,HP,0.0
UserB,h06_wi10,AC,0.0
UserB,h06_wi10,Storage HW,0.0
UserB,h06_wi10,Radiators,0.0
UserB,h06_wi10,Floor heating,0.0
UserB,h06_wi10,Induction stove,0.0
UserB,h06_wi10,Gas stove,0.0
UserB,h06_wi10,Gas National Grid,0.0
UserB,h07_wi10,PV sys,0.0
UserB,h07_wi10,National Grid EE,0.0
UserB,h07_wi10,Storage EE,0.6
UserB,h07_wi10,Gas Boiler,0.0
UserB,h07_wi10,HP,0.0
UserB,h07_wi10,AC,0.0
UserB,h07_wi10,Storage HW,0.0
UserB,h07_wi10,Radiators,0.0
UserB,h07_wi10,Floor heating,0.0
UserB,h07_wi10,Induction stove,0.0
UserB,h07_wi10,Gas stove,0.0
UserB,h07_wi10,Gas National Grid,0.0
UserB,h08_wi10,PV sys,0.0
UserB,h08_wi10,National Grid EE,0.0
UserB,h08_wi10,Storage EE,0.6
UserB,h08_wi10,Gas Boiler,0.0
UserB,h08_wi10,HP,0.0
UserB,h08_wi10,AC,0.0
UserB,h08_wi10,Storage HW,0.0
UserB,h08_wi10,Radiators,0.0
UserB,h08_wi10,Floor heating,0.0
UserB,h08_wi10,Induction stove,0.0
UserB,h08_wi10,Gas stove,0.0
UserB,h08_wi10,Gas National Grid,0.0
UserB,h09_wi10,PV sys,0.0
UserB,h09_wi10,National Grid EE,0.0
UserB,h09_wi10,Storage EE,0.6424000000000537
UserB,h09_wi10,Gas Boiler,0.0
UserB,h09_wi10,HP,0.0
UserB,h09_wi10,AC,0.0
UserB,h09_wi10,Storage HW,0.0
UserB,h09_wi10,Radiators,0.0
UserB,h09_wi10,Floor heating,0.0
UserB,h09_wi10,Induction stove,0.0
UserB,h09_wi10,Gas stove,0.0
UserB,h09_wi10,Gas National Grid,0.0
UserB,h10_wi10,PV sys,0.0
UserB,h10_wi10,National Grid EE,0.0
UserB,h10_wi10,Storage EE,0.7131500000001126
UserB,h10_wi10,Gas Boiler,0.0
UserB,h10_wi10,HP,0.0
UserB,h10_wi10,AC,0.0
UserB,h10_wi10,Storage HW,0.0
UserB,h10_wi10,Radiators,0.0
UserB,h10_wi10,Floor heating,0.0
UserB,h10_wi10,Induction stove,0.0
UserB,h10_wi10,Gas stove,0.0
UserB,h10_wi10,Gas National Grid,0.0
UserB,h11_wi10,PV sys,0.0
UserB,h11_wi10,National Grid EE,0.0
UserB,h11_wi10,Storage EE,0.8967000000001432
UserB,h11_wi10,Gas Boiler,0.0
UserB,h11_wi10,HP,0.0
UserB,h11_wi10,AC,0.0
UserB,h11_wi10,Storage HW,0.0
UserB,h11_wi10,Radiators,0.0
UserB,h11_wi10,Floor heating,0.0
UserB,h11_wi10,Induction stove,0.0
UserB,h11_wi10,Gas stove,0.0
UserB,h11_wi10,Gas National Grid,0.0
UserB,h12_wi10,PV sys,0.0
UserB,h12_wi10,National Grid EE,0.0
UserB,h12_wi10,Storage EE,0.9939000000002205
UserB,h12_wi10,Gas Boiler,0.0
UserB,h12_wi10,HP,0.0
UserB,h12_wi10,AC,0.0
UserB,h12_wi10,Storage HW,0.0
UserB,h12_wi10,Radiators,0.0
UserB,h12_wi10,Floor heating,0.0
UserB,h12_wi10,Induction stove,0.0
UserB,h12_wi10,Gas stove,0.0
UserB,h12_wi10,Gas National Grid,0.0
UserB,h13_wi10,PV sys,0.0
UserB,h13_wi10,National Grid EE,0.0
UserB,h13_wi10,Storage EE,1.0576500000002795
UserB,h13_wi10,Gas Boiler,0.0
UserB,h13_wi10,HP,0.0
UserB,h13_wi10,AC,0.0
UserB,h13_wi10,Storage HW,0.0
UserB,h13_wi10,Radiators,0.0
UserB,h13_wi10,Floor heating,0.0
UserB,h13_wi10,Induction stove,0.0
UserB,h13_wi10,Gas stove,0.0
UserB,h13_wi10,Gas National Grid,0.0
UserB,h14_wi10,PV sys,0.0
UserB,h14_wi10,National Grid EE,0.0
UserB,h14_wi10,Storage EE,1.102500000000334
UserB,h14_wi10,Gas Boiler,0.0
UserB,h14_wi10,HP,0.0
UserB,h14_wi10,AC,0.0
UserB,h14_wi10,Storage HW,0.0
UserB,h14_wi10,Radiators,0.0
UserB,h14_wi10,Floor heating,0.0
UserB,h14_wi10,Induction stove,0.0
UserB,h14_wi10,Gas stove,0.0
UserB,h14_wi10,Gas National Grid,0.0
UserB,h15_wi10,PV sys,0.0
UserB,h15_wi10,National Grid EE,0.0
UserB,h15_wi10,Storage EE,1.1244500000003947
UserB,h15_wi10,Gas Boiler,0.0
UserB,h15_wi10,HP,0.0
UserB,h15_wi10,AC,0.0
UserB,h15_wi10,Storage HW,0.0
UserB,h15_wi10,Radiators,0.0
UserB,h15_wi10,Floor heating,0.0
UserB,h15_wi10,Induction stove,0.0
UserB,h15_wi10,Gas stove,0.0
UserB,h15_wi10,Gas National Grid,0.0
UserB,h16_wi10,PV sys,0.0
UserB,h16_wi10,National Grid EE,0.0
UserB,h16_wi10,Storage EE,1.1721
UserB,h16_wi10,Gas Boiler,0.0
UserB,h16_wi10,HP,0.0
UserB,h16_wi10,AC,0.0
UserB,h16_wi10,Storage HW,0.0
UserB,h16_wi10,Radiators,0.0
UserB,h16_wi10,Floor heating,0.0
UserB,h16_wi10,Induction stove,0.0
UserB,h16_wi10,Gas stove,0.0
UserB,h16_wi10,Gas National Grid,0.0
UserB,h17_wi10,PV sys,0.0
UserB,h17_wi10,National Grid EE,0.0
UserB,h17_wi10,Storage EE,1.1721000000004418
UserB,h17_wi10,Gas Boiler,0.0
UserB,h17_wi10,HP,0.0
UserB,h17_wi10,AC,0.0
UserB,h17_wi10,Storage HW,0.0
UserB,h17_wi10,Radiators,0.0
UserB,h17_wi10,Floor heating,0.0
UserB,h17_wi10,Induction stove,0.0
UserB,h17_wi10,Gas stove,0.0
UserB,h17_wi10,Gas National Grid,0.0
UserB,h18_wi10,PV sys,0.0
UserB,h18_wi10,National Grid EE,0.0
UserB,h18_wi10,Storage EE,1.1721000000004418
UserB,h18_wi10,Gas Boiler,0.0
UserB,h18_wi10,HP,0.0
UserB,h18_wi10,AC,0.0
UserB,h18_wi10,Storage HW,0.0
UserB,h18_wi10,Radiators,0.0
UserB,h18_wi10,Floor heating,0.0
UserB,h18_wi10,Induction stove,0.0
UserB,h18_wi10,Gas stove,0.0
UserB,h18_wi10,Gas National Grid,0.0
UserB,h19_wi10,PV sys,0.0
UserB,h19_wi10,National Grid EE,0.0
UserB,h19_wi10,Storage EE,1.1721000000004418
UserB,h19_wi10,Gas Boiler,0.0
UserB,h19_wi10,HP,0.0
UserB,h19_wi10,AC,0.0
UserB,h19_wi10,Storage HW,0.0
UserB,h19_wi10,Radiators,0.0
UserB,h19_wi10,Floor heating,0.0
UserB,h19_wi10,Induction stove,0.0
UserB,h19_wi10,Gas stove,0.0
UserB,h19_wi10,Gas National Grid,0.0
UserB,h20_wi10,PV sys,0.0
UserB,h20_wi10,National Grid EE,0.0
UserB,h20_wi10,Storage EE,1.1721000000004418
UserB,h20_wi10,Gas Boiler,0.0
UserB,h20_wi10,HP,0.0
UserB,h20_wi10,AC,0.0
UserB,h20_wi10,Storage HW,0.0
UserB,h20_wi10,Radiators,0.0
UserB,h20_wi10,Floor heating,0.0
UserB,h20_wi10,Induction stove,0.0
UserB,h20_wi10,Gas stove,0.0
UserB,h20_wi10,Gas National Grid,0.0
UserB,h21_wi10,PV sys,0.0
UserB,h21_wi10,National Grid EE,0.0
UserB,h21_wi10,Storage EE,1.1721000000004418
UserB,h21_wi10,Gas Boiler,0.0
UserB,h21_wi10,HP,0.0
UserB,h21_wi10,AC,0.0
UserB,h21_wi10,Storage HW,0.0
UserB,h21_wi10,Radiators,0.0
UserB,h21_wi10,Floor heating,0.0
UserB,h21_wi10,Induction stove,0.0
UserB,h21_wi10,Gas stove,0.0
UserB,h21_wi10,Gas National Grid,0.0
UserB,h22_wi10,PV sys,0.0
UserB,h22_wi10,National Grid EE,0.0
UserB,h22_wi10,Storage EE,1.1721000000004418
UserB,h22_wi10,Gas Boiler,0.0
UserB,h22_wi10,HP,0.0
UserB,h22_wi10,AC,0.0
UserB,h22_wi10,Storage HW,0.0
UserB,h22_wi10,Radiators,0.0
UserB,h22_wi10,Floor heating,0.0
UserB,h22_wi10,Induction stove,0.0
UserB,h22_wi10,Gas stove,0.0
UserB,h22_wi10,Gas National Grid,0.0
UserB,h23_wi10,PV sys,0.0
UserB,h23_wi10,National Grid EE,0.0
UserB,h23_wi10,Storage EE,1.1721000000004418
UserB,h23_wi10,Gas Boiler,0.0
UserB,h23_wi10,HP,0.0
UserB,h23_wi10,AC,0.0
UserB,h23_wi10,Storage HW,0.0
UserB,h23_wi10,Radiators,0.0
UserB,h23_wi10,Floor heating,0.0
UserB,h23_wi10,Induction stove,0.0
UserB,h23_wi10,Gas stove,0.0
UserB,h23_wi10,Gas National Grid,0.0
UserB,h24_wi10,PV sys,0.0
UserB,h24_wi10,National Grid EE,0.0
UserB,h24_wi10,Storage EE,1.1721000000004909
UserB,h24_wi10,Gas Boiler,0.0
UserB,h24_wi10,HP,0.0
UserB,h24_wi10,AC,0.0
UserB,h24_wi10,Storage HW,0.0
UserB,h24_wi10,Radiators,0.0
UserB,h24_wi10,Floor heating,0.0
UserB,h24_wi10,Induction stove,0.0
UserB,h24_wi10,Gas stove,0.0
UserB,h24_wi10,Gas National Grid,0.0
UserB,h01_wi11,PV sys,0.0
UserB,h01_wi11,National Grid EE,0.0
UserB,h01_wi11,Storage EE,1.1721000000004909
UserB,h01_wi11,Gas Boiler,0.0
UserB,h01_wi11,HP,0.0
UserB,h01_wi11,AC,0.0
UserB,h01_wi11,Storage HW,0.0
UserB,h01_wi11,Radiators,0.0
UserB,h01_wi11,Floor heating,0.0
UserB,h01_wi11,Induction stove,0.0
UserB,h01_wi11,Gas stove,0.0
UserB,h01_wi11,Gas National Grid,0.0
UserB,h02_wi11,PV sys,0.0
UserB,h02_wi11,National Grid EE,0.0
UserB,h02_wi11,Storage EE,1.1721000000004909
UserB,h02_wi11,Gas Boiler,0.0
UserB,h02_wi11,HP,0.0
UserB,h02_wi11,AC,0.0
UserB,h02_wi11,Storage HW,0.0
UserB,h02_wi11,Radiators,0.0
UserB,h02_wi11,Floor heating,0.0
UserB,h02_wi11,Induction stove,0.0
UserB,h02_wi11,Gas stove,0.0
UserB,h02_wi11,Gas National Grid,0.0
UserB,h03_wi11,PV sys,0.0
UserB,h03_wi11,National Grid EE,0.0
UserB,h03_wi11,Storage EE,1.1721000000004909
UserB,h03_wi11,Gas Boiler,0.0
UserB,h03_wi11,HP,0.0
UserB,h03_wi11,AC,0.0
UserB,h03_wi11,Storage HW,0.0
UserB,h03_wi11,Radiators,0.0
UserB,h03_wi11,Floor heating,0.0
UserB,h03_wi11,Induction stove,0.0
UserB,h03_wi11,Gas stove,0.0
UserB,h03_wi11,Gas National Grid,0.0
UserB,h04_wi11,PV sys,0.0
UserB,h04_wi11,National Grid EE,0.0
UserB,h04_wi11,Storage EE,1.1721000000004909
UserB,h04_wi11,Gas Boiler,0.0
UserB,h04_wi11,HP,0.0
UserB,h04_wi11,AC,0.0
UserB,h04_wi11,Storage HW,0.0
UserB,h04_wi11,Radiators,0.0
UserB,h04_wi11,Floor heating,0.0
UserB,h04_wi11,Induction stove,0.0
UserB,h04_wi11,Gas stove,0.0
UserB,h04_wi11,Gas National Grid,0.0
UserB,h05_wi11,PV sys,0.0
UserB,h05_wi11,National Grid EE,0.0
UserB,h05_wi11,Storage EE,1.1721000000004909
UserB,h05_wi11,Gas Boiler,0.0
UserB,h05_wi11,HP,0.0
UserB,h05_wi11,AC,0.0
UserB,h05_wi11,Storage HW,0.0
UserB,h05_wi11,Radiators,0.0
UserB,h05_wi11,Floor heating,0.0
UserB,h05_wi11,Induction stove,0.0
UserB,h05_wi11,Gas stove,0.0
UserB,h05_wi11,Gas National Grid,0.0
UserB,h06_wi11,PV sys,0.0
UserB,h06_wi11,National Grid EE,0.0
UserB,h06_wi11,Storage EE,1.1721000000004909
UserB,h06_wi11,Gas Boiler,0.0
UserB,h06_wi11,HP,0.0
UserB,h06_wi11,AC,0.0
UserB,h06_wi11,Storage HW,0.0
UserB,h06_wi11,Radiators,0.0
UserB,h06_wi11,Floor heating,0.0
UserB,h06_wi11,Induction stove,0.0
UserB,h06_wi11,Gas stove,0.0
UserB,h06_wi11,Gas National Grid,0.0
UserB,h07_wi11,PV sys,0.0
UserB,h07_wi11,National Grid EE,0.0
UserB,h07_wi11,Storage EE,1.1721000000004909
UserB,h07_wi11,Gas Boiler,0.0
UserB,h07_wi11,HP,0.0
UserB,h07_wi11,AC,0.0
UserB,h07_wi11,Storage HW,0.0
UserB,h07_wi11,Radiators,0.0
UserB,h07_wi11,Floor heating,0.0
UserB,h07_wi11,Induction stove,0.0
UserB,h07_wi11,Gas stove,0.0
UserB,h07_wi11,Gas National Grid,0.0
UserB,h08_wi11,PV sys,0.0
UserB,h08_wi11,National Grid EE,0.0
UserB,h08_wi11,Storage EE,1.0509684870100087
UserB,h08_wi11,Gas Boiler,0.0
UserB,h08_wi11,HP,0.0
UserB,h08_wi11,AC,0.0
UserB,h08_wi11,Storage HW,0.0
UserB,h08_wi11,Radiators,0.0
UserB,h08_wi11,Floor heating,0.0
UserB,h08_wi11,Induction stove,0.0
UserB,h08_wi11,Gas stove,0.0
UserB,h08_wi11,Gas National Grid,0.0
UserB,h09_wi11,PV sys,0.0
UserB,h09_wi11,National Grid EE,0.0
UserB,h09_wi11,Storage EE,1.0261378843181785
UserB,h09_wi11,Gas Boiler,0.0
UserB,h09_wi11,HP,0.0
UserB,h09_wi11,AC,0.0
UserB,h09_wi11,Storage HW,0.0
UserB,h09_wi11,Radiators,0.0
UserB,h09_wi11,Floor heating,0.0
UserB,h09_wi11,Induction stove,0.0
UserB,h09_wi11,Gas stove,0.0
UserB,h09_wi11,Gas National Grid,0.0
UserB,h10_wi11,PV sys,0.0
UserB,h10_wi11,National Grid EE,0.0
UserB,h10_wi11,Storage EE,0.965595534967858
UserB,h10_wi11,Gas Boiler,0.0
UserB,h10_wi11,HP,0.0
UserB,h10_wi11,AC,0.0
UserB,h10_wi11,Storage HW,0.0
UserB,h10_wi11,Radiators,0.0
UserB,h10_wi11,Floor heating,0.0
UserB,h10_wi11,Induction stove,0.0
UserB,h10_wi11,Gas stove,0.0
UserB,h10_wi11,Gas National Grid,0.0
UserB,h11_wi11,PV sys,0.0
UserB,h11_wi11,National Grid EE,0.0
UserB,h11_wi11,Storage EE,1.2626803917298832
UserB,h11_wi11,Gas Boiler,0.0
UserB,h11_wi11,HP,0.0
UserB,h11_wi11,AC,0.0
UserB,h11_wi11,Storage HW,0.0
UserB,h11_wi11,Radiators,0.0
UserB,h11_wi11,Floor heating,0.0
UserB,h11_wi11,Induction stove,0.0
UserB,h11_wi11,Gas stove,0.0
UserB,h11_wi11,Gas National Grid,0.0
UserB,h12_wi11,PV sys,0.0
UserB,h12_wi11,National Grid EE,0.0
UserB,h12_wi11,Storage EE,2.0677356989042908
UserB,h12_wi11,Gas Boiler,0.0
UserB,h12_wi11,HP,0.0
UserB,h12_wi11,AC,0.0
UserB,h12_wi11,Storage HW,0.0
UserB,h12_wi11,Radiators,0.0
UserB,h12_wi11,Floor heating,0.0
UserB,h12_wi11,Induction stove,0.0
UserB,h12_wi11,Gas stove,0.0
UserB,h12_wi11,Gas National Grid,0.0
UserB,h13_wi11,PV sys,0.0
UserB,h13_wi11,National Grid EE,0.0
UserB,h13_wi11,Storage EE,3.0995661979615727
UserB,h13_wi11,Gas Boiler,0.0
UserB,h13_wi11,HP,0.0
UserB,h13_wi11,AC,0.0
UserB,h13_wi11,Storage HW,0.0
UserB,h13_wi11,Radiators,0.0
UserB,h13_wi11,Floor heating,0.0
UserB,h13_wi11,Induction stove,0.0
UserB,h13_wi11,Gas stove,0.0
UserB,h13_wi11,Gas National Grid,0.0
UserB,h14_wi11,PV sys,0.0
UserB,h14_wi11,National Grid EE,0.0
UserB,h14_wi11,Storage EE,4.361983823061464
UserB,h14_wi11,Gas Boiler,0.0
UserB,h14_wi11,HP,0.0
UserB,h14_wi11,AC,0.0
UserB,h14_wi11,Storage HW,0.0
UserB,h14_wi11,Radiators,0.0
UserB,h14_wi11,Floor heating,0.0
UserB,h14_wi11,Induction stove,0.0
UserB,h14_wi11,Gas stove,0.0
UserB,h14_wi11,Gas National Grid,0.0
UserB,h15_wi11,PV sys,0.0
UserB,h15_wi11,National Grid EE,0.0
UserB,h15_wi11,Storage EE,5.363429668843401
UserB,h15_wi11,Gas Boiler,0.0
UserB,h15_wi11,HP,0.0
UserB,h15_wi11,AC,0.0
UserB,h15_wi11,Storage HW,0.0
UserB,h15_wi11,Radiators,0.0
UserB,h15_wi11,Floor heating,0.0
UserB,h15_wi11,Induction stove,0.0
UserB,h15_wi11,Gas stove,0.0
UserB,h15_wi11,Gas National Grid,0.0
UserB,h16_wi11,PV sys,0.0
UserB,h16_wi11,National Grid EE,0.0
UserB,h16_wi11,Storage EE,5.7
UserB,h16_wi11,Gas Boiler,0.0
UserB,h16_wi11,HP,0.0
UserB,h16_wi11,AC,0.0
UserB,h16_wi11,Storage HW,0.0
UserB,h16_wi11,Radiators,0.0
UserB,h16_wi11,Floor heating,0.0
UserB,h16_wi11,Induction stove,0.0
UserB,h16_wi11,Gas stove,0.0
UserB,h16_wi11,Gas National Grid,0.0
UserB,h17_wi11,PV sys,0.0
UserB,h17_wi11,National Grid EE,0.0
UserB,h17_wi11,Storage EE,5.7
UserB,h17_wi11,Gas Boiler,0.0
UserB,h17_wi11,HP,0.0
UserB,h17_wi11,AC,0.0
UserB,h17_wi11,Storage HW,0.0
UserB,h17_wi11,Radiators,0.0
UserB,h17_wi11,Floor heating,0.0
UserB,h17_wi11,Induction stove,0.0
UserB,h17_wi11,Gas stove,0.0
UserB,h17_wi11,Gas National Grid,0.0
UserB,h18_wi11,PV sys,0.0
UserB,h18_wi11,National Grid EE,0.0
UserB,h18_wi11,Storage EE,5.7
UserB,h18_wi11,Gas Boiler,0.0
UserB,h18_wi11,HP,0.0
UserB,h18_wi11,AC,0.0
UserB,h18_wi11,Storage HW,0.0
UserB,h18_wi11,Radiators,0.0
UserB,h18_wi11,Floor heating,0.0
UserB,h18_wi11,Induction stove,0.0
UserB,h18_wi11,Gas stove,0.0
UserB,h18_wi11,Gas National Grid,0.0
UserB,h19_wi11,PV sys,0.0
UserB,h19_wi11,National Grid EE,0.0
UserB,h19_wi11,Storage EE,5.7
UserB,h19_wi11,Gas Boiler,0.0
UserB,h19_wi11,HP,0.0
UserB,h19_wi11,AC,0.0
UserB,h19_wi11,Storage HW,0.0
UserB,h19_wi11,Radiators,0.0
UserB,h19_wi11,Floor heating,0.0
UserB,h19_wi11,Induction stove,0.0
UserB,h19_wi11,Gas stove,0.0
UserB,h19_wi11,Gas National Grid,0.0
UserB,h20_wi11,PV sys,0.0
UserB,h20_wi11,National Grid EE,0.0
UserB,h20_wi11,Storage EE,5.7
UserB,h20_wi11,Gas Boiler,0.0
UserB,h20_wi11,HP,0.0
UserB,h20_wi11,AC,0.0
UserB,h20_wi11,Storage HW,0.0
UserB,h20_wi11,Radiators,0.0
UserB,h20_wi11,Floor heating,0.0
UserB,h20_wi11,Induction stove,0.0
UserB,h20_wi11,Gas stove,0.0
UserB,h20_wi11,Gas National Grid,0.0
UserB,h21_wi11,PV sys,0.0
UserB,h21_wi11,National Grid EE,0.0
UserB,h21_wi11,Storage EE,5.7
UserB,h21_wi11,Gas Boiler,0.0
UserB,h21_wi11,HP,0.0
UserB,h21_wi11,AC,0.0
UserB,h21_wi11,Storage HW,0.0
UserB,h21_wi11,Radiators,0.0
UserB,h21_wi11,Floor heating,0.0
UserB,h21_wi11,Induction stove,0.0
UserB,h21_wi11,Gas stove,0.0
UserB,h21_wi11,Gas National Grid,0.0
UserB,h22_wi11,PV sys,0.0
UserB,h22_wi11,National Grid EE,0.0
UserB,h22_wi11,Storage EE,5.7
UserB,h22_wi11,Gas Boiler,0.0
UserB,h22_wi11,HP,0.0
UserB,h22_wi11,AC,0.0
UserB,h22_wi11,Storage HW,0.0
UserB,h22_wi11,Radiators,0.0
UserB,h22_wi11,Floor heating,0.0
UserB,h22_wi11,Induction stove,0.0
UserB,h22_wi11,Gas stove,0.0
UserB,h22_wi11,Gas National Grid,0.0
UserB,h23_wi11,PV sys,0.0
UserB,h23_wi11,National Grid EE,0.0
UserB,h23_wi11,Storage EE,5.7
UserB,h23_wi11,Gas Boiler,0.0
UserB,h23_wi11,HP,0.0
UserB,h23_wi11,AC,0.0
UserB,h23_wi11,Storage HW,0.0
UserB,h23_wi11,Radiators,0.0
UserB,h23_wi11,Floor heating,0.0
UserB,h23_wi11,Induction stove,0.0
UserB,h23_wi11,Gas stove,0.0
UserB,h23_wi11,Gas National Grid,0.0
UserB,h24_wi11,PV sys,0.0
UserB,h24_wi11,National Grid EE,0.0
UserB,h24_wi11,Storage EE,5.7
UserB,h24_wi11,Gas Boiler,0.0
UserB,h24_wi11,HP,0.0
UserB,h24_wi11,AC,0.0
UserB,h24_wi11,Storage HW,0.0
UserB,h24_wi11,Radiators,0.0
UserB,h24_wi11,Floor heating,0.0
UserB,h24_wi11,Induction stove,0.0
UserB,h24_wi11,Gas stove,0.0
UserB,h24_wi11,Gas National Grid,0.0
UserB,h01_wi12,PV sys,0.0
UserB,h01_wi12,National Grid EE,0.0
UserB,h01_wi12,Storage EE,5.539471447334933
UserB,h01_wi12,Gas Boiler,0.0
UserB,h01_wi12,HP,0.0
UserB,h01_wi12,AC,0.0
UserB,h01_wi12,Storage HW,0.0
UserB,h01_wi12,Radiators,0.0
UserB,h01_wi12,Floor heating,0.0
UserB,h01_wi12,Induction stove,0.0
UserB,h01_wi12,Gas stove,0.0
UserB,h01_wi12,Gas National Grid,0.0
UserB,h02_wi12,PV sys,0.0
UserB,h02_wi12,National Grid EE,0.0
UserB,h02_wi12,Storage EE,5.426701110880867
UserB,h02_wi12,Gas Boiler,0.0
UserB,h02_wi12,HP,0.0
UserB,h02_wi12,AC,0.0
UserB,h02_wi12,Storage HW,0.0
UserB,h02_wi12,Radiators,0.0
UserB,h02_wi12,Floor heating,0.0
UserB,h02_wi12,Induction stove,0.0
UserB,h02_wi12,Gas stove,0.0
UserB,h02_wi12,Gas National Grid,0.0
UserB,h03_wi12,PV sys,0.0
UserB,h03_wi12,National Grid EE,0.0
UserB,h03_wi12,Storage EE,5.275095346274895
UserB,h03_wi12,Gas Boiler,0.0
UserB,h03_wi12,HP,0.0
UserB,h03_wi12,AC,0.0
UserB,h03_wi12,Storage HW,0.0
UserB,h03_wi12,Radiators,0.0
UserB,h03_wi12,Floor heating,0.0
UserB,h03_wi12,Induction stove,0.0
UserB,h03_wi12,Gas stove,0.0
UserB,h03_wi12,Gas National Grid,0.0
UserB,h04_wi12,PV sys,0.0
UserB,h04_wi12,National Grid EE,0.0
UserB,h04_wi12,Storage EE,3.75416019006019
UserB,h04_wi12,Gas Boiler,0.0
UserB,h04_wi12,HP,0.0
UserB,h04_wi12,AC,0.0
UserB,h04_wi12,Storage HW,0.0
UserB,h04_wi12,Radiators,0.0
UserB,h04_wi12,Floor heating,0.0
UserB,h04_wi12,Induction stove,0.0
UserB,h04_wi12,Gas stove,0.0
UserB,h04_wi12,Gas National Grid,0.0
UserB,h05_wi12,PV sys,0.0
UserB,h05_wi12,National Grid EE,0.0
UserB,h05_wi12,Storage EE,2.2496451915197855
UserB,h05_wi12,Gas Boiler,0.0
UserB,h05_wi12,HP,0.0
UserB,h05_wi12,AC,0.0
UserB,h05_wi12,Storage HW,0.0
UserB,h05_wi12,Radiators,0.0
UserB,h05_wi12,Floor heating,0.0
UserB,h05_wi12,Induction stove,0.0
UserB,h05_wi12,Gas stove,0.0
UserB,h05_wi12,Gas National Grid,0.0
UserB,h06_wi12,PV sys,0.0
UserB,h06_wi12,National Grid EE,0.0
UserB,h06_wi12,Storage EE,0.8574923024660019
UserB,h06_wi12,Gas Boiler,0.0
UserB,h06_wi12,HP,0.0
UserB,h06_wi12,AC,0.0
UserB,h06_wi12,Storage HW,0.0
UserB,h06_wi12,Radiators,0.0
UserB,h06_wi12,Floor heating,0.0
UserB,h06_wi12,Induction stove,0.0
UserB,h06_wi12,Gas stove,0.0
UserB,h06_wi12,Gas National Grid,0.0
UserB,h07_wi12,PV sys,0.0
UserB,h07_wi12,National Grid EE,0.0
UserB,h07_wi12,Storage EE,0.6
UserB,h07_wi12,Gas Boiler,0.0
UserB,h07_wi12,HP,0.0
UserB,h07_wi12,AC,0.0
UserB,h07_wi12,Storage HW,0.0
UserB,h07_wi12,Radiators,0.0
UserB,h07_wi12,Floor heating,0.0
UserB,h07_wi12,Induction stove,0.0
UserB,h07_wi12,Gas stove,0.0
UserB,h07_wi12,Gas National Grid,0.0
UserB,h08_wi12,PV sys,0.0
UserB,h08_wi12,National Grid EE,0.0
UserB,h08_wi12,Storage EE,0.6
UserB,h08_wi12,Gas Boiler,0.0
UserB,h08_wi12,HP,0.0
UserB,h08_wi12,AC,0.0
UserB,h08_wi12,Storage HW,0.0
UserB,h08_wi12,Radiators,0.0
UserB,h08_wi12,Floor heating,0.0
UserB,h08_wi12,Induction stove,0.0
UserB,h08_wi12,Gas stove,0.0
UserB,h08_wi12,Gas National Grid,0.0
UserB,h09_wi12,PV sys,0.0
UserB,h09_wi12,National Grid EE,0.0
UserB,h09_wi12,Storage EE,0.934181558109638
UserB,h09_wi12,Gas Boiler,0.0
UserB,h09_wi12,HP,0.0
UserB,h09_wi12,AC,0.0
UserB,h09_wi12,Storage HW,0.0
UserB,h09_wi12,Radiators,0.0
UserB,h09_wi12,Floor heating,0.0
UserB,h09_wi12,Induction stove,0.0
UserB,h09_wi12,Gas stove,0.0
UserB,h09_wi12,Gas National Grid,0.0
UserB,h10_wi12,PV sys,0.0
UserB,h10_wi12,National Grid EE,0.0
UserB,h10_wi12,Storage EE,2.0721903039508174
UserB,h10_wi12,Gas Boiler,0.0
UserB,h10_wi12,HP,0.0
UserB,h10_wi12,AC,0.0
UserB,h10_wi12,Storage HW,0.0
UserB,h10_wi12,Radiators,0.0
UserB,h10_wi12,Floor heating,0.0
UserB,h10_wi12,Induction stove,0.0
UserB,h10_wi12,Gas stove,0.0
UserB,h10_wi12,Gas National Grid,0.0
UserB,h11_wi12,PV sys,0.0
UserB,h11_wi12,National Grid EE,0.0
UserB,h11_wi12,Storage EE,1.117736527544078
UserB,h11_wi12,Gas Boiler,0.0
UserB,h11_wi12,HP,0.0
UserB,h11_wi12,AC,0.0
UserB,h11_wi12,Storage HW,0.0
UserB,h11_wi12,Radiators,0.0
UserB,h11_wi12,Floor heating,0.0
UserB,h11_wi12,Induction stove,0.0
UserB,h11_wi12,Gas stove,0.0
UserB,h11_wi12,Gas National Grid,0.0
UserB,h12_wi12,PV sys,0.0
UserB,h12_wi12,National Grid EE,0.0
UserB,h12_wi12,Storage EE,3.432416526970758
UserB,h12_wi12,Gas Boiler,0.0
UserB,h12_wi12,HP,0.0
UserB,h12_wi12,AC,0.0
UserB,h12_wi12,Storage HW,0.0
UserB,h12_wi12,Radiators,0.0
UserB,h12_wi12,Floor heating,0.0
UserB,h12_wi12,Induction stove,0.0
UserB,h12_wi12,Gas stove,0.0
UserB,h12_wi12,Gas National Grid,0.0
UserB,h13_wi12,PV sys,0.0
UserB,h13_wi12,National Grid EE,0.0
UserB,h13_wi12,Storage EE,5.7
UserB,h13_wi12,Gas Boiler,0.0
UserB,h13_wi12,HP,0.0
UserB,h13_wi12,AC,0.0
UserB,h13_wi12,Storage HW,0.0
UserB,h13_wi12,Radiators,0.0
UserB,h13_wi12,Floor heating,0.0
UserB,h13_wi12,Induction stove,0.0
UserB,h13_wi12,Gas stove,0.0
UserB,h13_wi12,Gas National Grid,0.0
UserB,h14_wi12,PV sys,0.0
UserB,h14_wi12,National Grid EE,0.0
UserB,h14_wi12,Storage EE,5.2120311165355435
UserB,h14_wi12,Gas Boiler,0.0
UserB,h14_wi12,HP,0.0
UserB,h14_wi12,AC,0.0
UserB,h14_wi12,Storage HW,0.0
UserB,h14_wi12,Radiators,0.0
UserB,h14_wi12,Floor heating,0.0
UserB,h14_wi12,Induction stove,0.0
UserB,h14_wi12,Gas stove,0.0
UserB,h14_wi12,Gas National Grid,0.0
UserB,h15_wi12,PV sys,0.0
UserB,h15_wi12,National Grid EE,0.0
UserB,h15_wi12,Storage EE,5.251715779965552
UserB,h15_wi12,Gas Boiler,0.0
UserB,h15_wi12,HP,0.0
UserB,h15_wi12,AC,0.0
UserB,h15_wi12,Storage HW,0.0
UserB,h15_wi12,Radiators,0.0
UserB,h15_wi12,Floor heating,0.0
UserB,h15_wi12,Induction stove,0.0
UserB,h15_wi12,Gas stove,0.0
UserB,h15_wi12,Gas National Grid,0.0
UserB,h16_wi12,PV sys,0.0
UserB,h16_wi12,National Grid EE,0.0
UserB,h16_wi12,Storage EE,5.7
UserB,h16_wi12,Gas Boiler,0.0
UserB,h16_wi12,HP,0.0
UserB,h16_wi12,AC,0.0
UserB,h16_wi12,Storage HW,0.0
UserB,h16_wi12,Radiators,0.0
UserB,h16_wi12,Floor heating,0.0
UserB,h16_wi12,Induction stove,0.0
UserB,h16_wi12,Gas stove,0.0
UserB,h16_wi12,Gas National Grid,0.0
UserB,h17_wi12,PV sys,0.0
UserB,h17_wi12,National Grid EE,0.0
UserB,h17_wi12,Storage EE,5.7
UserB,h17_wi12,Gas Boiler,0.0
UserB,h17_wi12,HP,0.0
UserB,h17_wi12,AC,0.0
UserB,h17_wi12,Storage HW,0.0
UserB,h17_wi12,Radiators,0.0
UserB,h17_wi12,Floor heating,0.0
UserB,h17_wi12,Induction stove,0.0
UserB,h17_wi12,Gas stove,0.0
UserB,h17_wi12,Gas National Grid,0.0
UserB,h18_wi12,PV sys,0.0
UserB,h18_wi12,National Grid EE,0.0
UserB,h18_wi12,Storage EE,5.7
UserB,h18_wi12,Gas Boiler,0.0
UserB,h18_wi12,HP,0.0
UserB,h18_wi12,AC,0.0
UserB,h18_wi12,Storage HW,0.0
UserB,h18_wi12,Radiators,0.0
UserB,h18_wi12,Floor heating,0.0
UserB,h18_wi12,Induction stove,0.0
UserB,h18_wi12,Gas stove,0.0
UserB,h18_wi12,Gas National Grid,0.0
UserB,h19_wi12,PV sys,0.0
UserB,h19_wi12,National Grid EE,0.0
UserB,h19_wi12,Storage EE,5.7
UserB,h19_wi12,Gas Boiler,0.0
UserB,h19_wi12,HP,0.0
UserB,h19_wi12,AC,0.0
UserB,h19_wi12,Storage HW,0.0
UserB,h19_wi12,Radiators,0.0
UserB,h19_wi12,Floor heating,0.0
UserB,h19_wi12,Induction stove,0.0
UserB,h19_wi12,Gas stove,0.0
UserB,h19_wi12,Gas National Grid,0.0
UserB,h20_wi12,PV sys,0.0
UserB,h20_wi12,National Grid EE,0.0
UserB,h20_wi12,Storage EE,5.7
UserB,h20_wi12,Gas Boiler,0.0
UserB,h20_wi12,HP,0.0
UserB,h20_wi12,AC,0.0
UserB,h20_wi12,Storage HW,0.0
UserB,h20_wi12,Radiators,0.0
UserB,h20_wi12,Floor heating,0.0
UserB,h20_wi12,Induction stove,0.0
UserB,h20_wi12,Gas stove,0.0
UserB,h20_wi12,Gas National Grid,0.0
UserB,h21_wi12,PV sys,0.0
UserB,h21_wi12,National Grid EE,0.0
UserB,h21_wi12,Storage EE,5.7
UserB,h21_wi12,Gas Boiler,0.0
UserB,h21_wi12,HP,0.0
UserB,h21_wi12,AC,0.0
UserB,h21_wi12,Storage HW,0.0
UserB,h21_wi12,Radiators,0.0
UserB,h21_wi12,Floor heating,0.0
UserB,h21_wi12,Induction stove,0.0
UserB,h21_wi12,Gas stove,0.0
UserB,h21_wi12,Gas National Grid,0.0
UserB,h22_wi12,PV sys,0.0
UserB,h22_wi12,National Grid EE,0.0
UserB,h22_wi12,Storage EE,5.7
UserB,h22_wi12,Gas Boiler,0.0
UserB,h22_wi12,HP,0.0
UserB,h22_wi12,AC,0.0
UserB,h22_wi12,Storage HW,0.0
UserB,h22_wi12,Radiators,0.0
UserB,h22_wi12,Floor heating,0.0
UserB,h22_wi12,Induction stove,0.0
UserB,h22_wi12,Gas stove,0.0
UserB,h22_wi12,Gas National Grid,0.0
UserB,h23_wi12,PV sys,0.0
UserB,h23_wi12,National Grid EE,0.0
UserB,h23_wi12,Storage EE,5.7
UserB,h23_wi12,Gas Boiler,0.0
UserB,h23_wi12,HP,0.0
UserB,h23_wi12,AC,0.0
UserB,h23_wi12,Storage HW,0.0
UserB,h23_wi12,Radiators,0.0
UserB,h23_wi12,Floor heating,0.0
UserB,h23_wi12,Induction stove,0.0
UserB,h23_wi12,Gas stove,0.0
UserB,h23_wi12,Gas National Grid,0.0
UserB,h24_wi12,PV sys,0.0
UserB,h24_wi12,National Grid EE,0.0
UserB,h24_wi12,Storage EE,5.7
UserB,h24_wi12,Gas Boiler,0.0
UserB,h24_wi12,HP,0.0
UserB,h24_wi12,AC,0.0
UserB,h24_wi12,Storage HW,0.0
UserB,h24_wi12,Radiators,0.0
UserB,h24_wi12,Floor heating,0.0
UserB,h24_wi12,Induction stove,0.0
UserB,h24_wi12,Gas stove,0.0
UserB,h24_wi12,Gas National Grid,0.0
UserB,h01_wi13,PV sys,0.0
UserB,h01_wi13,National Grid EE,0.0
UserB,h01_wi13,Storage EE,5.3183107782654675
UserB,h01_wi13,Gas Boiler,0.0
UserB,h01_wi13,HP,0.0
UserB,h01_wi13,AC,0.0
UserB,h01_wi13,Storage HW,0.0
UserB,h01_wi13,Radiators,0.0
UserB,h01_wi13,Floor heating,0.0
UserB,h01_wi13,Induction stove,0.0
UserB,h01_wi13,Gas stove,0.0
UserB,h01_wi13,Gas National Grid,0.0
UserB,h02_wi13,PV sys,0.0
UserB,h02_wi13,National Grid EE,0.0
UserB,h02_wi13,Storage EE,5.124293695142305
UserB,h02_wi13,Gas Boiler,0.0
UserB,h02_wi13,HP,0.0
UserB,h02_wi13,AC,0.0
UserB,h02_wi13,Storage HW,0.0
UserB,h02_wi13,Radiators,0.0
UserB,h02_wi13,Floor heating,0.0
UserB,h02_wi13,Induction stove,0.0
UserB,h02_wi13,Gas stove,0.0
UserB,h02_wi13,Gas National Grid,0.0
UserB,h03_wi13,PV sys,0.0
UserB,h03_wi13,National Grid EE,0.0
UserB,h03_wi13,Storage EE,3.765710650196551
UserB,h03_wi13,Gas Boiler,0.0
UserB,h03_wi13,HP,0.0
UserB,h03_wi13,AC,0.0
UserB,h03_wi13,Storage HW,0.0
UserB,h03_wi13,Radiators,0.0
UserB,h03_wi13,Floor heating,0.0
UserB,h03_wi13,Induction stove,0.0
UserB,h03_wi13,Gas stove,0.0
UserB,h03_wi13,Gas National Grid,0.0
UserB,h04_wi13,PV sys,0.0
UserB,h04_wi13,National Grid EE,0.0
UserB,h04_wi13,Storage EE,3.590535385962788
UserB,h04_wi13,Gas Boiler,0.0
UserB,h04_wi13,HP,0.0
UserB,h04_wi13,AC,0.0
UserB,h04_wi13,Storage HW,0.0
UserB,h04_wi13,Radiators,0.0
UserB,h04_wi13,Floor heating,0.0
UserB,h04_wi13,Induction stove,0.0
UserB,h04_wi13,Gas stove,0.0
UserB,h04_wi13,Gas National Grid,0.0
UserB,h05_wi13,PV sys,0.0
UserB,h05_wi13,National Grid EE,0.0
UserB,h05_wi13,Storage EE,3.3656158175917934
UserB,h05_wi13,Gas Boiler,0.0
UserB,h05_wi13,HP,0.0
UserB,h05_wi13,AC,0.0
UserB,h05_wi13,Storage HW,0.0
UserB,h05_wi13,Radiators,0.0
UserB,h05_wi13,Floor heating,0.0
UserB,h05_wi13,Induction stove,0.0
UserB,h05_wi13,Gas stove,0.0
UserB,h05_wi13,Gas National Grid,0.0
UserB,h06_wi13,PV sys,0.0
UserB,h06_wi13,National Grid EE,0.0
UserB,h06_wi13,Storage EE,1.7958718309004835
UserB,h06_wi13,Gas Boiler,0.0
UserB,h06_wi13,HP,0.0
UserB,h06_wi13,AC,0.0
UserB,h06_wi13,Storage HW,0.0
UserB,h06_wi13,Radiators,0.0
UserB,h06_wi13,Floor heating,0.0
UserB,h06_wi13,Induction stove,0.0
UserB,h06_wi13,Gas stove,0.0
UserB,h06_wi13,Gas National Grid,0.0
UserB,h07_wi13,PV sys,0.0
UserB,h07_wi13,National Grid EE,0.0
UserB,h07_wi13,Storage EE,1.5578396121809053
UserB,h07_wi13,Gas Boiler,0.0
UserB,h07_wi13,HP,0.0
UserB,h07_wi13,AC,0.0
UserB,h07_wi13,Storage HW,0.0
UserB,h07_wi13,Radiators,0.0
UserB,h07_wi13,Floor heating,0.0
UserB,h07_wi13,Induction stove,0.0
UserB,h07_wi13,Gas stove,0.0
UserB,h07_wi13,Gas National Grid,0.0
UserB,h08_wi13,PV sys,0.0
UserB,h08_wi13,National Grid EE,0.0
UserB,h08_wi13,Storage EE,0.6335121479716663
UserB,h08_wi13,Gas Boiler,0.0
UserB,h08_wi13,HP,0.0
UserB,h08_wi13,AC,0.0
UserB,h08_wi13,Storage HW,0.0
UserB,h08_wi13,Radiators,0.0
UserB,h08_wi13,Floor heating,0.0
UserB,h08_wi13,Induction stove,0.0
UserB,h08_wi13,Gas stove,0.0
UserB,h08_wi13,Gas National Grid,0.0
UserB,h09_wi13,PV sys,0.0
UserB,h09_wi13,National Grid EE,0.0
UserB,h09_wi13,Storage EE,0.6
UserB,h09_wi13,Gas Boiler,0.0
UserB,h09_wi13,HP,0.0
UserB,h09_wi13,AC,0.0
UserB,h09_wi13,Storage HW,0.0
UserB,h09_wi13,Radiators,0.0
UserB,h09_wi13,Floor heating,0.0
UserB,h09_wi13,Induction stove,0.0
UserB,h09_wi13,Gas stove,0.0
UserB,h09_wi13,Gas National Grid,0.0
UserB,h10_wi13,PV sys,0.0
UserB,h10_wi13,National Grid EE,0.0
UserB,h10_wi13,Storage EE,1.6347447647923579
UserB,h10_wi13,Gas Boiler,0.0
UserB,h10_wi13,HP,0.0
UserB,h10_wi13,AC,0.0
UserB,h10_wi13,Storage HW,0.0
UserB,h10_wi13,Radiators,0.0
UserB,h10_wi13,Floor heating,0.0
UserB,h10_wi13,Induction stove,0.0
UserB,h10_wi13,Gas stove,0.0
UserB,h10_wi13,Gas National Grid,0.0
UserB,h11_wi13,PV sys,0.0
UserB,h11_wi13,National Grid EE,0.0
UserB,h11_wi13,Storage EE,3.3094052793578665
UserB,h11_wi13,Gas Boiler,0.0
UserB,h11_wi13,HP,0.0
UserB,h11_wi13,AC,0.0
UserB,h11_wi13,Storage HW,0.0
UserB,h11_wi13,Radiators,0.0
UserB,h11_wi13,Floor heating,0.0
UserB,h11_wi13,Induction stove,0.0
UserB,h11_wi13,Gas stove,0.0
UserB,h11_wi13,Gas National Grid,0.0
UserB,h12_wi13,PV sys,0.0
UserB,h12_wi13,National Grid EE,0.0
UserB,h12_wi13,Storage EE,4.227446156473336
UserB,h12_wi13,Gas Boiler,0.0
UserB,h12_wi13,HP,0.0
UserB,h12_wi13,AC,0.0
UserB,h12_wi13,Storage HW,0.0
UserB,h12_wi13,Radiators,0.0
UserB,h12_wi13,Floor heating,0.0
UserB,h12_wi13,Induction stove,0.0
UserB,h12_wi13,Gas stove,0.0
UserB,h12_wi13,Gas National Grid,0.0
UserB,h13_wi13,PV sys,0.0
UserB,h13_wi13,National Grid EE,0.0
UserB,h13_wi13,Storage EE,5.300351847935204
UserB,h13_wi13,Gas Boiler,0.0
UserB,h13_wi13,HP,0.0
UserB,h13_wi13,AC,0.0
UserB,h13_wi13,Storage HW,0.0
UserB,h13_wi13,Radiators,0.0
UserB,h13_wi13,Floor heating,0.0
UserB,h13_wi13,Induction stove,0.0
UserB,h13_wi13,Gas stove,0.0
UserB,h13_wi13,Gas National Grid,0.0
UserB,h14_wi13,PV sys,0.0
UserB,h14_wi13,National Grid EE,0.0
UserB,h14_wi13,Storage EE,5.1320142330368475
UserB,h14_wi13,Gas Boiler,0.0
UserB,h14_wi13,HP,0.0
UserB,h14_wi13,AC,0.0
UserB,h14_wi13,Storage HW,0.0
UserB,h14_wi13,Radiators,0.0
UserB,h14_wi13,Floor heating,0.0
UserB,h14_wi13,Induction stove,0.0
UserB,h14_wi13,Gas stove,0.0
UserB,h14_wi13,Gas National Grid,0.0
UserB,h15_wi13,PV sys,0.0
UserB,h15_wi13,National Grid EE,0.0
UserB,h15_wi13,Storage EE,5.7
UserB,h15_wi13,Gas Boiler,0.0
UserB,h15_wi13,HP,0.0
UserB,h15_wi13,AC,0.0
UserB,h15_wi13,Storage HW,0.0
UserB,h15_wi13,Radiators,0.0
UserB,h15_wi13,Floor heating,0.0
UserB,h15_wi13,Induction stove,0.0
UserB,h15_wi13,Gas stove,0.0
UserB,h15_wi13,Gas National Grid,0.0
UserB,h16_wi13,PV sys,0.0
UserB,h16_wi13,National Grid EE,0.0
UserB,h16_wi13,Storage EE,5.7
UserB,h16_wi13,Gas Boiler,0.0
UserB,h16_wi13,HP,0.0
UserB,h16_wi13,AC,0.0
UserB,h16_wi13,Storage HW,0.0
UserB,h16_wi13,Radiators,0.0
UserB,h16_wi13,Floor heating,0.0
UserB,h16_wi13,Induction stove,0.0
UserB,h16_wi13,Gas stove,0.0
UserB,h16_wi13,Gas National Grid,0.0
UserB,h17_wi13,PV sys,0.0
UserB,h17_wi13,National Grid EE,0.0
UserB,h17_wi13,Storage EE,5.7
UserB,h17_wi13,Gas Boiler,0.0
UserB,h17_wi13,HP,0.0
UserB,h17_wi13,AC,0.0
UserB,h17_wi13,Storage HW,0.0
UserB,h17_wi13,Radiators,0.0
UserB,h17_wi13,Floor heating,0.0
UserB,h17_wi13,Induction stove,0.0
UserB,h17_wi13,Gas stove,0.0
UserB,h17_wi13,Gas National Grid,0.0
UserB,h18_wi13,PV sys,0.0
UserB,h18_wi13,National Grid EE,0.0
UserB,h18_wi13,Storage EE,5.7
UserB,h18_wi13,Gas Boiler,0.0
UserB,h18_wi13,HP,0.0
UserB,h18_wi13,AC,0.0
UserB,h18_wi13,Storage HW,0.0
UserB,h18_wi13,Radiators,0.0
UserB,h18_wi13,Floor heating,0.0
UserB,h18_wi13,Induction stove,0.0
UserB,h18_wi13,Gas stove,0.0
UserB,h18_wi13,Gas National Grid,0.0
UserB,h19_wi13,PV sys,0.0
UserB,h19_wi13,National Grid EE,0.0
UserB,h19_wi13,Storage EE,5.7
UserB,h19_wi13,Gas Boiler,0.0
UserB,h19_wi13,HP,0.0
UserB,h19_wi13,AC,0.0
UserB,h19_wi13,Storage HW,0.0
UserB,h19_wi13,Radiators,0.0
UserB,h19_wi13,Floor heating,0.0
UserB,h19_wi13,Induction stove,0.0
UserB,h19_wi13,Gas stove,0.0
UserB,h19_wi13,Gas National Grid,0.0
UserB,h20_wi13,PV sys,0.0
UserB,h20_wi13,National Grid EE,0.0
UserB,h20_wi13,Storage EE,5.7
UserB,h20_wi13,Gas Boiler,0.0
UserB,h20_wi13,HP,0.0
UserB,h20_wi13,AC,0.0
UserB,h20_wi13,Storage HW,0.0
UserB,h20_wi13,Radiators,0.0
UserB,h20_wi13,Floor heating,0.0
UserB,h20_wi13,Induction stove,0.0
UserB,h20_wi13,Gas stove,0.0
UserB,h20_wi13,Gas National Grid,0.0
UserB,h21_wi13,PV sys,0.0
UserB,h21_wi13,National Grid EE,0.0
UserB,h21_wi13,Storage EE,5.7
UserB,h21_wi13,Gas Boiler,0.0
UserB,h21_wi13,HP,0.0
UserB,h21_wi13,AC,0.0
UserB,h21_wi13,Storage HW,0.0
UserB,h21_wi13,Radiators,0.0
UserB,h21_wi13,Floor heating,0.0
UserB,h21_wi13,Induction stove,0.0
UserB,h21_wi13,Gas stove,0.0
UserB,h21_wi13,Gas National Grid,0.0
UserB,h22_wi13,PV sys,0.0
UserB,h22_wi13,National Grid EE,0.0
UserB,h22_wi13,Storage EE,5.7
UserB,h22_wi13,Gas Boiler,0.0
UserB,h22_wi13,HP,0.0
UserB,h22_wi13,AC,0.0
UserB,h22_wi13,Storage HW,0.0
UserB,h22_wi13,Radiators,0.0
UserB,h22_wi13,Floor heating,0.0
UserB,h22_wi13,Induction stove,0.0
UserB,h22_wi13,Gas stove,0.0
UserB,h22_wi13,Gas National Grid,0.0
UserB,h23_wi13,PV sys,0.0
UserB,h23_wi13,National Grid EE,0.0
UserB,h23_wi13,Storage EE,5.7
UserB,h23_wi13,Gas Boiler,0.0
UserB,h23_wi13,HP,0.0
UserB,h23_wi13,AC,0.0
UserB,h23_wi13,Storage HW,0.0
UserB,h23_wi13,Radiators,0.0
UserB,h23_wi13,Floor heating,0.0
UserB,h23_wi13,Induction stove,0.0
UserB,h23_wi13,Gas stove,0.0
UserB,h23_wi13,Gas National Grid,0.0
UserB,h24_wi13,PV sys,0.0
UserB,h24_wi13,National Grid EE,0.0
UserB,h24_wi13,Storage EE,5.7
UserB,h24_wi13,Gas Boiler,0.0
UserB,h24_wi13,HP,0.0
UserB,h24_wi13,AC,0.0
UserB,h24_wi13,Storage HW,0.0
UserB,h24_wi13,Radiators,0.0
UserB,h24_wi13,Floor heating,0.0
UserB,h24_wi13,Induction stove,0.0
UserB,h24_wi13,Gas stove,0.0
UserB,h24_wi13,Gas National Grid,0.0
UserB,h01_wi14,PV sys,0.0
UserB,h01_wi14,National Grid EE,0.0
UserB,h01_wi14,Storage EE,5.372248936953946
UserB,h01_wi14,Gas Boiler,0.0
UserB,h01_wi14,HP,0.0
UserB,h01_wi14,AC,0.0
UserB,h01_wi14,Storage HW,0.0
UserB,h01_wi14,Radiators,0.0
UserB,h01_wi14,Floor heating,0.0
UserB,h01_wi14,Induction stove,0.0
UserB,h01_wi14,Gas stove,0.0
UserB,h01_wi14,Gas National Grid,0.0
UserB,h02_wi14,PV sys,0.0
UserB,h02_wi14,National Grid EE,0.0
UserB,h02_wi14,Storage EE,5.372248936953946
UserB,h02_wi14,Gas Boiler,0.0
UserB,h02_wi14,HP,0.0
UserB,h02_wi14,AC,0.0
UserB,h02_wi14,Storage HW,0.0
UserB,h02_wi14,Radiators,0.0
UserB,h02_wi14,Floor heating,0.0
UserB,h02_wi14,Induction stove,0.0
UserB,h02_wi14,Gas stove,0.0
UserB,h02_wi14,Gas National Grid,0.0
UserB,h03_wi14,PV sys,0.0
UserB,h03_wi14,National Grid EE,0.0
UserB,h03_wi14,Storage EE,5.214345852377953
UserB,h03_wi14,Gas Boiler,0.0
UserB,h03_wi14,HP,0.0
UserB,h03_wi14,AC,0.0
UserB,h03_wi14,Storage HW,0.0
UserB,h03_wi14,Radiators,0.0
UserB,h03_wi14,Floor heating,0.0
UserB,h03_wi14,Induction stove,0.0
UserB,h03_wi14,Gas stove,0.0
UserB,h03_wi14,Gas National Grid,0.0
UserB,h04_wi14,PV sys,0.0
UserB,h04_wi14,National Grid EE,0.0
UserB,h04_wi14,Storage EE,4.976096648803583
UserB,h04_wi14,Gas Boiler,0.0
UserB,h04_wi14,HP,0.0
UserB,h04_wi14,AC,0.0
UserB,h04_wi14,Storage HW,0.0
UserB,h04_wi14,Radiators,0.0
UserB,h04_wi14,Floor heating,0.0
UserB,h04_wi14,Induction stove,0.0
UserB,h04_wi14,Gas stove,0.0
UserB,h04_wi14,Gas National Grid,0.0
UserB,h05_wi14,PV sys,0.0
UserB,h05_wi14,National Grid EE,0.0
UserB,h05_wi14,Storage EE,4.796862063987242
UserB,h05_wi14,Gas Boiler,0.0
UserB,h05_wi14,HP,0.0
UserB,h05_wi14,AC,0.0
UserB,h05_wi14,Storage HW,0.0
UserB,h05_wi14,Radiators,0.0
UserB,h05_wi14,Floor heating,0.0
UserB,h05_wi14,Induction stove,0.0
UserB,h05_wi14,Gas stove,0.0
UserB,h05_wi14,Gas National Grid,0.0
UserB,h06_wi14,PV sys,0.0
UserB,h06_wi14,National Grid EE,0.0
UserB,h06_wi14,Storage EE,4.614370751981973
UserB,h06_wi14,Gas Boiler,0.0
UserB,h06_wi14,HP,0.0
UserB,h06_wi14,AC,0.0
UserB,h06_wi14,Storage HW,0.0
UserB,h06_wi14,Radiators,0.0
UserB,h06_wi14,Floor heating,0.0
UserB,h06_wi14,Induction stove,0.0
UserB,h06_wi14,Gas stove,0.0
UserB,h06_wi14,Gas National Grid,0.0
UserB,h07_wi14,PV sys,0.0
UserB,h07_wi14,National Grid EE,0.0
UserB,h07_wi14,Storage EE,4.6143707519831745
UserB,h07_wi14,Gas Boiler,0.0
UserB,h07_wi14,HP,0.0
UserB,h07_wi14,AC,0.0
UserB,h07_wi14,Storage HW,0.0
UserB,h07_wi14,Radiators,0.0
UserB,h07_wi14,Floor heating,0.0
UserB,h07_wi14,Induction stove,0.0
UserB,h07_wi14,Gas stove,0.0
UserB,h07_wi14,Gas National Grid,0.0
UserB,h08_wi14,PV sys,0.0
UserB,h08_wi14,National Grid EE,0.0
UserB,h08_wi14,Storage EE,4.126028396078474
UserB,h08_wi14,Gas Boiler,0.0
UserB,h08_wi14,HP,0.0
UserB,h08_wi14,AC,0.0
UserB,h08_wi14,Storage HW,0.0
UserB,h08_wi14,Radiators,0.0
UserB,h08_wi14,Floor heating,0.0
UserB,h08_wi14,Induction stove,0.0
UserB,h08_wi14,Gas stove,0.0
UserB,h08_wi14,Gas National Grid,0.0
UserB,h09_wi14,PV sys,0.0
UserB,h09_wi14,National Grid EE,0.0
UserB,h09_wi14,Storage EE,3.578409367956686
UserB,h09_wi14,Gas Boiler,0.0
UserB,h09_wi14,HP,0.0
UserB,h09_wi14,AC,0.0
UserB,h09_wi14,Storage HW,0.0
UserB,h09_wi14,Radiators,0.0
UserB,h09_wi14,Floor heating,0.0
UserB,h09_wi14,Induction stove,0.0
UserB,h09_wi14,Gas stove,0.0
UserB,h09_wi14,Gas National Grid,0.0
UserB,h10_wi14,PV sys,0.0
UserB,h10_wi14,National Grid EE,0.0
UserB,h10_wi14,Storage EE,3.444726700430467
UserB,h10_wi14,Gas Boiler,0.0
UserB,h10_wi14,HP,0.0
UserB,h10_wi14,AC,0.0
UserB,h10_wi14,Storage HW,0.0
UserB,h10_wi14,Radiators,0.0
UserB,h10_wi14,Floor heating,0.0
UserB,h10_wi14,Induction stove,0.0
UserB,h10_wi14,Gas stove,0.0
UserB,h10_wi14,Gas National Grid,0.0
UserB,h11_wi14,PV sys,0.0
UserB,h11_wi14,National Grid EE,0.0
UserB,h11_wi14,Storage EE,3.161502502094058
UserB,h11_wi14,Gas Boiler,0.0
UserB,h11_wi14,HP,0.0
UserB,h11_wi14,AC,0.0
UserB,h11_wi14,Storage HW,0.0
UserB,h11_wi14,Radiators,0.0
UserB,h11_wi14,Floor heating,0.0
UserB,h11_wi14,Induction stove,0.0
UserB,h11_wi14,Gas stove,0.0
UserB,h11_wi14,Gas National Grid,0.0
UserB,h12_wi14,PV sys,0.0
UserB,h12_wi14,National Grid EE,0.0
UserB,h12_wi14,Storage EE,3.1969459456889955
UserB,h12_wi14,Gas Boiler,0.0
UserB,h12_wi14,HP,0.0
UserB,h12_wi14,AC,0.0
UserB,h12_wi14,Storage HW,0.0
UserB,h12_wi14,Radiators,0.0
UserB,h12_wi14,Floor heating,0.0
UserB,h12_wi14,Induction stove,0.0
UserB,h12_wi14,Gas stove,0.0
UserB,h12_wi14,Gas National Grid,0.0
UserB,h13_wi14,PV sys,0.0
UserB,h13_wi14,National Grid EE,0.0
UserB,h13_wi14,Storage EE,3.123410317077814
UserB,h13_wi14,Gas Boiler,0.0
UserB,h13_wi14,HP,0.0
UserB,h13_wi14,AC,0.0
UserB,h13_wi14,Storage HW,0.0
UserB,h13_wi14,Radiators,0.0
UserB,h13_wi14,Floor heating,0.0
UserB,h13_wi14,Induction stove,0.0
UserB,h13_wi14,Gas stove,0.0
UserB,h13_wi14,Gas National Grid,0.0
UserB,h14_wi14,PV sys,0.0
UserB,h14_wi14,National Grid EE,0.0
UserB,h14_wi14,Storage EE,2.9663481952637385
UserB,h14_wi14,Gas Boiler,0.0
UserB,h14_wi14,HP,0.0
UserB,h14_wi14,AC,0.0
UserB,h14_wi14,Storage HW,0.0
UserB,h14_wi14,Radiators,0.0
UserB,h14_wi14,Floor heating,0.0
UserB,h14_wi14,Induction stove,0.0
UserB,h14_wi14,Gas stove,0.0
UserB,h14_wi14,Gas National Grid,0.0
UserB,h15_wi14,PV sys,0.0
UserB,h15_wi14,National Grid EE,0.0
UserB,h15_wi14,Storage EE,2.931119564322536
UserB,h15_wi14,Gas Boiler,0.0
UserB,h15_wi14,HP,0.0
UserB,h15_wi14,AC,0.0
UserB,h15_wi14,Storage HW,0.0
UserB,h15_wi14,Radiators,0.0
UserB,h15_wi14,Floor heating,0.0
UserB,h15_wi14,Induction stove,0.0
UserB,h15_wi14,Gas stove,0.0
UserB,h15_wi14,Gas National Grid,0.0
UserB,h16_wi14,PV sys,0.0
UserB,h16_wi14,National Grid EE,0.0
UserB,h16_wi14,Storage EE,2.77006489546108
UserB,h16_wi14,Gas Boiler,0.0
UserB,h16_wi14,HP,0.0
UserB,h16_wi14,AC,0.0
UserB,h16_wi14,Storage HW,0.0
UserB,h16_wi14,Radiators,0.0
UserB,h16_wi14,Floor heating,0.0
UserB,h16_wi14,Induction stove,0.0
UserB,h16_wi14,Gas stove,0.0
UserB,h16_wi14,Gas National Grid,0.0
UserB,h17_wi14,PV sys,0.0
UserB,h17_wi14,National Grid EE,0.0
UserB,h17_wi14,Storage EE,2.4994599593425724
UserB,h17_wi14,Gas Boiler,0.0
UserB,h17_wi14,HP,0.0
UserB,h17_wi14,AC,0.0
UserB,h17_wi14,Storage HW,0.0
UserB,h17_wi14,Radiators,0.0
UserB,h17_wi14,Floor heating,0.0
UserB,h17_wi14,Induction stove,0.0
UserB,h17_wi14,Gas stove,0.0
UserB,h17_wi14,Gas National Grid,0.0
UserB,h18_wi14,PV sys,0.0
UserB,h18_wi14,National Grid EE,0.0
UserB,h18_wi14,Storage EE,2.219596351305139
UserB,h18_wi14,Gas Boiler,0.0
UserB,h18_wi14,HP,0.0
UserB,h18_wi14,AC,0.0
UserB,h18_wi14,Storage HW,0.0
UserB,h18_wi14,Radiators,0.0
UserB,h18_wi14,Floor heating,0.0
UserB,h18_wi14,Induction stove,0.0
UserB,h18_wi14,Gas stove,0.0
UserB,h18_wi14,Gas National Grid,0.0
UserB,h19_wi14,PV sys,0.0
UserB,h19_wi14,National Grid EE,0.0
UserB,h19_wi14,Storage EE,1.879834550133268
UserB,h19_wi14,Gas Boiler,0.0
UserB,h19_wi14,HP,0.0
UserB,h19_wi14,AC,0.0
UserB,h19_wi14,Storage HW,0.0
UserB,h19_wi14,Radiators,0.0
UserB,h19_wi14,Floor heating,0.0
UserB,h19_wi14,Induction stove,0.0
UserB,h19_wi14,Gas stove,0.0
UserB,h19_wi14,Gas National Grid,0.0
UserB,h20_wi14,PV sys,0.0
UserB,h20_wi14,National Grid EE,0.0
UserB,h20_wi14,Storage EE,1.498061324031302
UserB,h20_wi14,Gas Boiler,0.0
UserB,h20_wi14,HP,0.0
UserB,h20_wi14,AC,0.0
UserB,h20_wi14,Storage HW,0.0
UserB,h20_wi14,Radiators,0.0
UserB,h20_wi14,Floor heating,0.0
UserB,h20_wi14,Induction stove,0.0
UserB,h20_wi14,Gas stove,0.0
UserB,h20_wi14,Gas National Grid,0.0
UserB,h21_wi14,PV sys,0.0
UserB,h21_wi14,National Grid EE,0.0
UserB,h21_wi14,Storage EE,1.498061324031302
UserB,h21_wi14,Gas Boiler,0.0
UserB,h21_wi14,HP,0.0
UserB,h21_wi14,AC,0.0
UserB,h21_wi14,Storage HW,0.0
UserB,h21_wi14,Radiators,0.0
UserB,h21_wi14,Floor heating,0.0
UserB,h21_wi14,Induction stove,0.0
UserB,h21_wi14,Gas stove,0.0
UserB,h21_wi14,Gas National Grid,0.0
UserB,h22_wi14,PV sys,0.0
UserB,h22_wi14,National Grid EE,0.0
UserB,h22_wi14,Storage EE,1.498061324031302
UserB,h22_wi14,Gas Boiler,0.0
UserB,h22_wi14,HP,0.0
UserB,h22_wi14,AC,0.0
UserB,h22_wi14,Storage HW,0.0
UserB,h22_wi14,Radiators,0.0
UserB,h22_wi14,Floor heating,0.0
UserB,h22_wi14,Induction stove,0.0
UserB,h22_wi14,Gas stove,0.0
UserB,h22_wi14,Gas National Grid,0.0
UserB,h23_wi14,PV sys,0.0
UserB,h23_wi14,National Grid EE,0.0
UserB,h23_wi14,Storage EE,0.7029174169755221
UserB,h23_wi14,Gas Boiler,0.0
UserB,h23_wi14,HP,0.0
UserB,h23_wi14,AC,0.0
UserB,h23_wi14,Storage HW,0.0
UserB,h23_wi14,Radiators,0.0
UserB,h23_wi14,Floor heating,0.0
UserB,h23_wi14,Induction stove,0.0
UserB,h23_wi14,Gas stove,0.0
UserB,h23_wi14,Gas National Grid,0.0
UserB,h24_wi14,PV sys,0.0
UserB,h24_wi14,National Grid EE,0.0
UserB,h24_wi14,Storage EE,0.6
UserB,h24_wi14,Gas Boiler,0.0
UserB,h24_wi14,HP,0.0
UserB,h24_wi14,AC,0.0
UserB,h24_wi14,Storage HW,0.0
UserB,h24_wi14,Radiators,0.0
UserB,h24_wi14,Floor heating,0.0
UserB,h24_wi14,Induction stove,0.0
UserB,h24_wi14,Gas stove,0.0
UserB,h24_wi14,Gas National Grid,0.0
UserB,h01_mc01,PV sys,0.0
UserB,h01_mc01,National Grid EE,0.0
UserB,h01_mc01,Storage EE,0.6
UserB,h01_mc01,Gas Boiler,0.0
UserB,h01_mc01,HP,0.0
UserB,h01_mc01,AC,0.0
UserB,h01_mc01,Storage HW,0.0
UserB,h01_mc01,Radiators,0.0
UserB,h01_mc01,Floor heating,0.0
UserB,h01_mc01,Induction stove,0.0
UserB,h01_mc01,Gas stove,0.0
UserB,h01_mc01,Gas National Grid,0.0
UserB,h02_mc01,PV sys,0.0
UserB,h02_mc01,National Grid EE,0.0
UserB,h02_mc01,Storage EE,0.6
UserB,h02_mc01,Gas Boiler,0.0
UserB,h02_mc01,HP,0.0
UserB,h02_mc01,AC,0.0
UserB,h02_mc01,Storage HW,0.0
UserB,h02_mc01,Radiators,0.0
UserB,h02_mc01,Floor heating,0.0
UserB,h02_mc01,Induction stove,0.0
UserB,h02_mc01,Gas stove,0.0
UserB,h02_mc01,Gas National Grid,0.0
UserB,h03_mc01,PV sys,0.0
UserB,h03_mc01,National Grid EE,0.0
UserB,h03_mc01,Storage EE,0.6
UserB,h03_mc01,Gas Boiler,0.0
UserB,h03_mc01,HP,0.0
UserB,h03_mc01,AC,0.0
UserB,h03_mc01,Storage HW,0.0
UserB,h03_mc01,Radiators,0.0
UserB,h03_mc01,Floor heating,0.0
UserB,h03_mc01,Induction stove,0.0
UserB,h03_mc01,Gas stove,0.0
UserB,h03_mc01,Gas National Grid,0.0
UserB,h04_mc01,PV sys,0.0
UserB,h04_mc01,National Grid EE,0.0
UserB,h04_mc01,Storage EE,0.6
UserB,h04_mc01,Gas Boiler,0.0
UserB,h04_mc01,HP,0.0
UserB,h04_mc01,AC,0.0
UserB,h04_mc01,Storage HW,0.0
UserB,h04_mc01,Radiators,0.0
UserB,h04_mc01,Floor heating,0.0
UserB,h04_mc01,Induction stove,0.0
UserB,h04_mc01,Gas stove,0.0
UserB,h04_mc01,Gas National Grid,0.0
UserB,h05_mc01,PV sys,0.0
UserB,h05_mc01,National Grid EE,0.0
UserB,h05_mc01,Storage EE,0.6
UserB,h05_mc01,Gas Boiler,0.0
UserB,h05_mc01,HP,0.0
UserB,h05_mc01,AC,0.0
UserB,h05_mc01,Storage HW,0.0
UserB,h05_mc01,Radiators,0.0
UserB,h05_mc01,Floor heating,0.0
UserB,h05_mc01,Induction stove,0.0
UserB,h05_mc01,Gas stove,0.0
UserB,h05_mc01,Gas National Grid,0.0
UserB,h06_mc01,PV sys,0.0
UserB,h06_mc01,National Grid EE,0.0
UserB,h06_mc01,Storage EE,0.6
UserB,h06_mc01,Gas Boiler,0.0
UserB,h06_mc01,HP,0.0
UserB,h06_mc01,AC,0.0
UserB,h06_mc01,Storage HW,0.0
UserB,h06_mc01,Radiators,0.0
UserB,h06_mc01,Floor heating,0.0
UserB,h06_mc01,Induction stove,0.0
UserB,h06_mc01,Gas stove,0.0
UserB,h06_mc01,Gas National Grid,0.0
UserB,h07_mc01,PV sys,0.0
UserB,h07_mc01,National Grid EE,0.0
UserB,h07_mc01,Storage EE,0.6
UserB,h07_mc01,Gas Boiler,0.0
UserB,h07_mc01,HP,0.0
UserB,h07_mc01,AC,0.0
UserB,h07_mc01,Storage HW,0.0
UserB,h07_mc01,Radiators,0.0
UserB,h07_mc01,Floor heating,0.0
UserB,h07_mc01,Induction stove,0.0
UserB,h07_mc01,Gas stove,0.0
UserB,h07_mc01,Gas National Grid,0.0
UserB,h08_mc01,PV sys,0.0
UserB,h08_mc01,National Grid EE,0.0
UserB,h08_mc01,Storage EE,0.6
UserB,h08_mc01,Gas Boiler,0.0
UserB,h08_mc01,HP,0.0
UserB,h08_mc01,AC,0.0
UserB,h08_mc01,Storage HW,0.0
UserB,h08_mc01,Radiators,0.0
UserB,h08_mc01,Floor heating,0.0
UserB,h08_mc01,Induction stove,0.0
UserB,h08_mc01,Gas stove,0.0
UserB,h08_mc01,Gas National Grid,0.0
UserB,h09_mc01,PV sys,0.0
UserB,h09_mc01,National Grid EE,0.0
UserB,h09_mc01,Storage EE,0.7631725729778425
UserB,h09_mc01,Gas Boiler,0.0
UserB,h09_mc01,HP,0.0
UserB,h09_mc01,AC,0.0
UserB,h09_mc01,Storage HW,0.0
UserB,h09_mc01,Radiators,0.0
UserB,h09_mc01,Floor heating,0.0
UserB,h09_mc01,Induction stove,0.0
UserB,h09_mc01,Gas stove,0.0
UserB,h09_mc01,Gas National Grid,0.0
UserB,h10_mc01,PV sys,0.0
UserB,h10_mc01,National Grid EE,0.0
UserB,h10_mc01,Storage EE,2.0526572558052134
UserB,h10_mc01,Gas Boiler,0.0
UserB,h10_mc01,HP,0.0
UserB,h10_mc01,AC,0.0
UserB,h10_mc01,Storage HW,0.0
UserB,h10_mc01,Radiators,0.0
UserB,h10_mc01,Floor heating,0.0
UserB,h10_mc01,Induction stove,0.0
UserB,h10_mc01,Gas stove,0.0
UserB,h10_mc01,Gas National Grid,0.0
UserB,h11_mc01,PV sys,0.0
UserB,h11_mc01,National Grid EE,0.0
UserB,h11_mc01,Storage EE,1.767317356111974
UserB,h11_mc01,Gas Boiler,0.0
UserB,h11_mc01,HP,0.0
UserB,h11_mc01,AC,0.0
UserB,h11_mc01,Storage HW,0.0
UserB,h11_mc01,Radiators,0.0
UserB,h11_mc01,Floor heating,0.0
UserB,h11_mc01,Induction stove,0.0
UserB,h11_mc01,Gas stove,0.0
UserB,h11_mc01,Gas National Grid,0.0
UserB,h12_mc01,PV sys,0.0
UserB,h12_mc01,National Grid EE,0.0
UserB,h12_mc01,Storage EE,3.7102511695965554
UserB,h12_mc01,Gas Boiler,0.0
UserB,h12_mc01,HP,0.0
UserB,h12_mc01,AC,0.0
UserB,h12_mc01,Storage HW,0.0
UserB,h12_mc01,Radiators,0.0
UserB,h12_mc01,Floor heating,0.0
UserB,h12_mc01,Induction stove,0.0
UserB,h12_mc01,Gas stove,0.0
UserB,h12_mc01,Gas National Grid,0.0
UserB,h13_mc01,PV sys,0.0
UserB,h13_mc01,National Grid EE,0.0
UserB,h13_mc01,Storage EE,5.3953998195272215
UserB,h13_mc01,Gas Boiler,0.0
UserB,h13_mc01,HP,0.0
UserB,h13_mc01,AC,0.0
UserB,h13_mc01,Storage HW,0.0
UserB,h13_mc01,Radiators,0.0
UserB,h13_mc01,Floor heating,0.0
UserB,h13_mc01,Induction stove,0.0
UserB,h13_mc01,Gas stove,0.0
UserB,h13_mc01,Gas National Grid,0.0
UserB,h14_mc01,PV sys,0.0
UserB,h14_mc01,National Grid EE,0.0
UserB,h14_mc01,Storage EE,5.342161159834847
UserB,h14_mc01,Gas Boiler,0.0
UserB,h14_mc01,HP,0.0
UserB,h14_mc01,AC,0.0
UserB,h14_mc01,Storage HW,0.0
UserB,h14_mc01,Radiators,0.0
UserB,h14_mc01,Floor heating,0.0
UserB,h14_mc01,Induction stove,0.0
UserB,h14_mc01,Gas stove,0.0
UserB,h14_mc01,Gas National Grid,0.0
UserB,h15_mc01,PV sys,0.0
UserB,h15_mc01,National Grid EE,0.0
UserB,h15_mc01,Storage EE,5.7
UserB,h15_mc01,Gas Boiler,0.0
UserB,h15_mc01,HP,0.0
UserB,h15_mc01,AC,0.0
UserB,h15_mc01,Storage HW,0.0
UserB,h15_mc01,Radiators,0.0
UserB,h15_mc01,Floor heating,0.0
UserB,h15_mc01,Induction stove,0.0
UserB,h15_mc01,Gas stove,0.0
UserB,h15_mc01,Gas National Grid,0.0
UserB,h16_mc01,PV sys,0.0
UserB,h16_mc01,National Grid EE,0.0
UserB,h16_mc01,Storage EE,5.7
UserB,h16_mc01,Gas Boiler,0.0
UserB,h16_mc01,HP,0.0
UserB,h16_mc01,AC,0.0
UserB,h16_mc01,Storage HW,0.0
UserB,h16_mc01,Radiators,0.0
UserB,h16_mc01,Floor heating,0.0
UserB,h16_mc01,Induction stove,0.0
UserB,h16_mc01,Gas stove,0.0
UserB,h16_mc01,Gas National Grid,0.0
UserB,h17_mc01,PV sys,0.0
UserB,h17_mc01,National Grid EE,0.0
UserB,h17_mc01,Storage EE,5.403504110282717
UserB,h17_mc01,Gas Boiler,0.0
UserB,h17_mc01,HP,0.0
UserB,h17_mc01,AC,0.0
UserB,h17_mc01,Storage HW,0.0
UserB,h17_mc01,Radiators,0.0
UserB,h17_mc01,Floor heating,0.0
UserB,h17_mc01,Induction stove,0.0
UserB,h17_mc01,Gas stove,0.0
UserB,h17_mc01,Gas National Grid,0.0
UserB,h18_mc01,PV sys,0.0
UserB,h18_mc01,National Grid EE,0.0
UserB,h18_mc01,Storage EE,5.1202043407655085
UserB,h18_mc01,Gas Boiler,0.0
UserB,h18_mc01,HP,0.0
UserB,h18_mc01,AC,0.0
UserB,h18_mc01,Storage HW,0.0
UserB,h18_mc01,Radiators,0.0
UserB,h18_mc01,Floor heating,0.0
UserB,h18_mc01,Induction stove,0.0
UserB,h18_mc01,Gas stove,0.0
UserB,h18_mc01,Gas National Grid,0.0
UserB,h19_mc01,PV sys,0.0
UserB,h19_mc01,National Grid EE,0.0
UserB,h19_mc01,Storage EE,4.83022237314681
UserB,h19_mc01,Gas Boiler,0.0
UserB,h19_mc01,HP,0.0
UserB,h19_mc01,AC,0.0
UserB,h19_mc01,Storage HW,0.0
UserB,h19_mc01,Radiators,0.0
UserB,h19_mc01,Floor heating,0.0
UserB,h19_mc01,Induction stove,0.0
UserB,h19_mc01,Gas stove,0.0
UserB,h19_mc01,Gas National Grid,0.0
UserB,h20_mc01,PV sys,0.0
UserB,h20_mc01,National Grid EE,0.0
UserB,h20_mc01,Storage EE,4.430735717353424
UserB,h20_mc01,Gas Boiler,0.0
UserB,h20_mc01,HP,0.0
UserB,h20_mc01,AC,0.0
UserB,h20_mc01,Storage HW,0.0
UserB,h20_mc01,Radiators,0.0
UserB,h20_mc01,Floor heating,0.0
UserB,h20_mc01,Induction stove,0.0
UserB,h20_mc01,Gas stove,0.0
UserB,h20_mc01,Gas National Grid,0.0
UserB,h21_mc01,PV sys,0.0
UserB,h21_mc01,National Grid EE,0.0
UserB,h21_mc01,Storage EE,3.864342522736784
UserB,h21_mc01,Gas Boiler,0.0
UserB,h21_mc01,HP,0.0
UserB,h21_mc01,AC,0.0
UserB,h21_mc01,Storage HW,0.0
UserB,h21_mc01,Radiators,0.0
UserB,h21_mc01,Floor heating,0.0
UserB,h21_mc01,Induction stove,0.0
UserB,h21_mc01,Gas stove,0.0
UserB,h21_mc01,Gas National Grid,0.0
UserB,h22_mc01,PV sys,0.0
UserB,h22_mc01,National Grid EE,0.0
UserB,h22_mc01,Storage EE,3.1577001575056545
UserB,h22_mc01,Gas Boiler,0.0
UserB,h22_mc01,HP,0.0
UserB,h22_mc01,AC,0.0
UserB,h22_mc01,Storage HW,0.0
UserB,h22_mc01,Radiators,0.0
UserB,h22_mc01,Floor heating,0.0
UserB,h22_mc01,Induction stove,0.0
UserB,h22_mc01,Gas stove,0.0
UserB,h22_mc01,Gas National Grid,0.0
UserB,h23_mc01,PV sys,0.0
UserB,h23_mc01,National Grid EE,0.0
UserB,h23_mc01,Storage EE,2.2153553602087874
UserB,h23_mc01,Gas Boiler,0.0
UserB,h23_mc01,HP,0.0
UserB,h23_mc01,AC,0.0
UserB,h23_mc01,Storage HW,0.0
UserB,h23_mc01,Radiators,0.0
UserB,h23_mc01,Floor heating,0.0
UserB,h23_mc01,Induction stove,0.0
UserB,h23_mc01,Gas stove,0.0
UserB,h23_mc01,Gas National Grid,0.0
UserB,h24_mc01,PV sys,0.0
UserB,h24_mc01,National Grid EE,0.0
UserB,h24_mc01,Storage EE,0.6
UserB,h24_mc01,Gas Boiler,0.0
UserB,h24_mc01,HP,0.0
UserB,h24_mc01,AC,0.0
UserB,h24_mc01,Storage HW,0.0
UserB,h24_mc01,Radiators,0.0
UserB,h24_mc01,Floor heating,0.0
UserB,h24_mc01,Induction stove,0.0
UserB,h24_mc01,Gas stove,0.0
UserB,h24_mc01,Gas National Grid,0.0
UserB,h01_mc02,PV sys,0.0
UserB,h01_mc02,National Grid EE,0.0
UserB,h01_mc02,Storage EE,0.6
UserB,h01_mc02,Gas Boiler,0.0
UserB,h01_mc02,HP,0.0
UserB,h01_mc02,AC,0.0
UserB,h01_mc02,Storage HW,0.0
UserB,h01_mc02,Radiators,0.0
UserB,h01_mc02,Floor heating,0.0
UserB,h01_mc02,Induction stove,0.0
UserB,h01_mc02,Gas stove,0.0
UserB,h01_mc02,Gas National Grid,0.0
UserB,h02_mc02,PV sys,0.0
UserB,h02_mc02,National Grid EE,0.0
UserB,h02_mc02,Storage EE,0.6
UserB,h02_mc02,Gas Boiler,0.0
UserB,h02_mc02,HP,0.0
UserB,h02_mc02,AC,0.0
UserB,h02_mc02,Storage HW,0.0
UserB,h02_mc02,Radiators,0.0
UserB,h02_mc02,Floor heating,0.0
UserB,h02_mc02,Induction stove,0.0
UserB,h02_mc02,Gas stove,0.0
UserB,h02_mc02,Gas National Grid,0.0
UserB,h03_mc02,PV sys,0.0
UserB,h03_mc02,National Grid EE,0.0
UserB,h03_mc02,Storage EE,0.6
UserB,h03_mc02,Gas Boiler,0.0
UserB,h03_mc02,HP,0.0
UserB,h03_mc02,AC,0.0
UserB,h03_mc02,Storage HW,0.0
UserB,h03_mc02,Radiators,0.0
UserB,h03_mc02,Floor heating,0.0
UserB,h03_mc02,Induction stove,0.0
UserB,h03_mc02,Gas stove,0.0
UserB,h03_mc02,Gas National Grid,0.0
UserB,h04_mc02,PV sys,0.0
UserB,h04_mc02,National Grid EE,0.0
UserB,h04_mc02,Storage EE,0.6
UserB,h04_mc02,Gas Boiler,0.0
UserB,h04_mc02,HP,0.0
UserB,h04_mc02,AC,0.0
UserB,h04_mc02,Storage HW,0.0
UserB,h04_mc02,Radiators,0.0
UserB,h04_mc02,Floor heating,0.0
UserB,h04_mc02,Induction stove,0.0
UserB,h04_mc02,Gas stove,0.0
UserB,h04_mc02,Gas National Grid,0.0
UserB,h05_mc02,PV sys,0.0
UserB,h05_mc02,National Grid EE,0.0
UserB,h05_mc02,Storage EE,0.6
UserB,h05_mc02,Gas Boiler,0.0
UserB,h05_mc02,HP,0.0
UserB,h05_mc02,AC,0.0
UserB,h05_mc02,Storage HW,0.0
UserB,h05_mc02,Radiators,0.0
UserB,h05_mc02,Floor heating,0.0
UserB,h05_mc02,Induction stove,0.0
UserB,h05_mc02,Gas stove,0.0
UserB,h05_mc02,Gas National Grid,0.0
UserB,h06_mc02,PV sys,0.0
UserB,h06_mc02,National Grid EE,0.0
UserB,h06_mc02,Storage EE,0.6
UserB,h06_mc02,Gas Boiler,0.0
UserB,h06_mc02,HP,0.0
UserB,h06_mc02,AC,0.0
UserB,h06_mc02,Storage HW,0.0
UserB,h06_mc02,Radiators,0.0
UserB,h06_mc02,Floor heating,0.0
UserB,h06_mc02,Induction stove,0.0
UserB,h06_mc02,Gas stove,0.0
UserB,h06_mc02,Gas National Grid,0.0
UserB,h07_mc02,PV sys,0.0
UserB,h07_mc02,National Grid EE,0.0
UserB,h07_mc02,Storage EE,0.6
UserB,h07_mc02,Gas Boiler,0.0
UserB,h07_mc02,HP,0.0
UserB,h07_mc02,AC,0.0
UserB,h07_mc02,Storage HW,0.0
UserB,h07_mc02,Radiators,0.0
UserB,h07_mc02,Floor heating,0.0
UserB,h07_mc02,Induction stove,0.0
UserB,h07_mc02,Gas stove,0.0
UserB,h07_mc02,Gas National Grid,0.0
UserB,h08_mc02,PV sys,0.0
UserB,h08_mc02,National Grid EE,0.0
UserB,h08_mc02,Storage EE,0.7065000000000003
UserB,h08_mc02,Gas Boiler,0.0
UserB,h08_mc02,HP,0.0
UserB,h08_mc02,AC,0.0
UserB,h08_mc02,Storage HW,0.0
UserB,h08_mc02,Radiators,0.0
UserB,h08_mc02,Floor heating,0.0
UserB,h08_mc02,Induction stove,0.0
UserB,h08_mc02,Gas stove,0.0
UserB,h08_mc02,Gas National Grid,0.0
UserB,h09_mc02,PV sys,0.0
UserB,h09_mc02,National Grid EE,0.0
UserB,h09_mc02,Storage EE,0.7695000000000136
UserB,h09_mc02,Gas Boiler,0.0
UserB,h09_mc02,HP,0.0
UserB,h09_mc02,AC,0.0
UserB,h09_mc02,Storage HW,0.0
UserB,h09_mc02,Radiators,0.0
UserB,h09_mc02,Floor heating,0.0
UserB,h09_mc02,Induction stove,0.0
UserB,h09_mc02,Gas stove,0.0
UserB,h09_mc02,Gas National Grid,0.0
UserB,h10_mc02,PV sys,0.0
UserB,h10_mc02,National Grid EE,0.0
UserB,h10_mc02,Storage EE,0.9822500000000579
UserB,h10_mc02,Gas Boiler,0.0
UserB,h10_mc02,HP,0.0
UserB,h10_mc02,AC,0.0
UserB,h10_mc02,Storage HW,0.0
UserB,h10_mc02,Radiators,0.0
UserB,h10_mc02,Floor heating,0.0
UserB,h10_mc02,Induction stove,0.0
UserB,h10_mc02,Gas stove,0.0
UserB,h10_mc02,Gas National Grid,0.0
UserB,h11_mc02,PV sys,0.0
UserB,h11_mc02,National Grid EE,0.0
UserB,h11_mc02,Storage EE,1.1224500000000868
UserB,h11_mc02,Gas Boiler,0.0
UserB,h11_mc02,HP,0.0
UserB,h11_mc02,AC,0.0
UserB,h11_mc02,Storage HW,0.0
UserB,h11_mc02,Radiators,0.0
UserB,h11_mc02,Floor heating,0.0
UserB,h11_mc02,Induction stove,0.0
UserB,h11_mc02,Gas stove,0.0
UserB,h11_mc02,Gas National Grid,0.0
UserB,h12_mc02,PV sys,0.0
UserB,h12_mc02,National Grid EE,0.0
UserB,h12_mc02,Storage EE,1.273000000000125
UserB,h12_mc02,Gas Boiler,0.0
UserB,h12_mc02,HP,0.0
UserB,h12_mc02,AC,0.0
UserB,h12_mc02,Storage HW,0.0
UserB,h12_mc02,Radiators,0.0
UserB,h12_mc02,Floor heating,0.0
UserB,h12_mc02,Induction stove,0.0
UserB,h12_mc02,Gas stove,0.0
UserB,h12_mc02,Gas National Grid,0.0
UserB,h13_mc02,PV sys,0.0
UserB,h13_mc02,National Grid EE,0.0
UserB,h13_mc02,Storage EE,1.4232000000001446
UserB,h13_mc02,Gas Boiler,0.0
UserB,h13_mc02,HP,0.0
UserB,h13_mc02,AC,0.0
UserB,h13_mc02,Storage HW,0.0
UserB,h13_mc02,Radiators,0.0
UserB,h13_mc02,Floor heating,0.0
UserB,h13_mc02,Induction stove,0.0
UserB,h13_mc02,Gas stove,0.0
UserB,h13_mc02,Gas National Grid,0.0
UserB,h14_mc02,PV sys,0.0
UserB,h14_mc02,National Grid EE,0.0
UserB,h14_mc02,Storage EE,1.5914500000002036
UserB,h14_mc02,Gas Boiler,0.0
UserB,h14_mc02,HP,0.0
UserB,h14_mc02,AC,0.0
UserB,h14_mc02,Storage HW,0.0
UserB,h14_mc02,Radiators,0.0
UserB,h14_mc02,Floor heating,0.0
UserB,h14_mc02,Induction stove,0.0
UserB,h14_mc02,Gas stove,0.0
UserB,h14_mc02,Gas National Grid,0.0
UserB,h15_mc02,PV sys,0.0
UserB,h15_mc02,National Grid EE,0.0
UserB,h15_mc02,Storage EE,1.7036500000002495
UserB,h15_mc02,Gas Boiler,0.0
UserB,h15_mc02,HP,0.0
UserB,h15_mc02,AC,0.0
UserB,h15_mc02,Storage HW,0.0
UserB,h15_mc02,Radiators,0.0
UserB,h15_mc02,Floor heating,0.0
UserB,h15_mc02,Induction stove,0.0
UserB,h15_mc02,Gas stove,0.0
UserB,h15_mc02,Gas National Grid,0.0
UserB,h16_mc02,PV sys,0.0
UserB,h16_mc02,National Grid EE,0.0
UserB,h16_mc02,Storage EE,1.8135000000002652
UserB,h16_mc02,Gas Boiler,0.0
UserB,h16_mc02,HP,0.0
UserB,h16_mc02,AC,0.0
UserB,h16_mc02,Storage HW,0.0
UserB,h16_mc02,Radiators,0.0
UserB,h16_mc02,Floor heating,0.0
UserB,h16_mc02,Induction stove,0.0
UserB,h16_mc02,Gas stove,0.0
UserB,h16_mc02,Gas National Grid,0.0
UserB,h17_mc02,PV sys,0.0
UserB,h17_mc02,National Grid EE,0.0
UserB,h17_mc02,Storage EE,1.8135000000002706
UserB,h17_mc02,Gas Boiler,0.0
UserB,h17_mc02,HP,0.0
UserB,h17_mc02,AC,0.0
UserB,h17_mc02,Storage HW,0.0
UserB,h17_mc02,Radiators,0.0
UserB,h17_mc02,Floor heating,0.0
UserB,h17_mc02,Induction stove,0.0
UserB,h17_mc02,Gas stove,0.0
UserB,h17_mc02,Gas National Grid,0.0
UserB,h18_mc02,PV sys,0.0
UserB,h18_mc02,National Grid EE,0.0
UserB,h18_mc02,Storage EE,1.8135000000002706
UserB,h18_mc02,Gas Boiler,0.0
UserB,h18_mc02,HP,0.0
UserB,h18_mc02,AC,0.0
UserB,h18_mc02,Storage HW,0.0
UserB,h18_mc02,Radiators,0.0
UserB,h18_mc02,Floor heating,0.0
UserB,h18_mc02,Induction stove,0.0
UserB,h18_mc02,Gas stove,0.0
UserB,h18_mc02,Gas National Grid,0.0
UserB,h19_mc02,PV sys,0.0
UserB,h19_mc02,National Grid EE,0.0
UserB,h19_mc02,Storage EE,1.8135000000002706
UserB,h19_mc02,Gas Boiler,0.0
UserB,h19_mc02,HP,0.0
UserB,h19_mc02,AC,0.0
UserB,h19_mc02,Storage HW,0.0
UserB,h19_mc02,Radiators,0.0
UserB,h19_mc02,Floor heating,0.0
UserB,h19_mc02,Induction stove,0.0
UserB,h19_mc02,Gas stove,0.0
UserB,h19_mc02,Gas National Grid,0.0
UserB,h20_mc02,PV sys,0.0
UserB,h20_mc02,National Grid EE,0.0
UserB,h20_mc02,Storage EE,1.813500000000318
UserB,h20_mc02,Gas Boiler,0.0
UserB,h20_mc02,HP,0.0
UserB,h20_mc02,AC,0.0
UserB,h20_mc02,Storage HW,0.0
UserB,h20_mc02,Radiators,0.0
UserB,h20_mc02,Floor heating,0.0
UserB,h20_mc02,Induction stove,0.0
UserB,h20_mc02,Gas stove,0.0
UserB,h20_mc02,Gas National Grid,0.0
UserB,h21_mc02,PV sys,0.0
UserB,h21_mc02,National Grid EE,0.0
UserB,h21_mc02,Storage EE,1.813500000000318
UserB,h21_mc02,Gas Boiler,0.0
UserB,h21_mc02,HP,0.0
UserB,h21_mc02,AC,0.0
UserB,h21_mc02,Storage HW,0.0
UserB,h21_mc02,Radiators,0.0
UserB,h21_mc02,Floor heating,0.0
UserB,h21_mc02,Induction stove,0.0
UserB,h21_mc02,Gas stove,0.0
UserB,h21_mc02,Gas National Grid,0.0
UserB,h22_mc02,PV sys,0.0
UserB,h22_mc02,National Grid EE,0.0
UserB,h22_mc02,Storage EE,1.813500000000318
UserB,h22_mc02,Gas Boiler,0.0
UserB,h22_mc02,HP,0.0
UserB,h22_mc02,AC,0.0
UserB,h22_mc02,Storage HW,0.0
UserB,h22_mc02,Radiators,0.0
UserB,h22_mc02,Floor heating,0.0
UserB,h22_mc02,Induction stove,0.0
UserB,h22_mc02,Gas stove,0.0
UserB,h22_mc02,Gas National Grid,0.0
UserB,h23_mc02,PV sys,0.0
UserB,h23_mc02,National Grid EE,0.0
UserB,h23_mc02,Storage EE,1.813500000000318
UserB,h23_mc02,Gas Boiler,0.0
UserB,h23_mc02,HP,0.0
UserB,h23_mc02,AC,0.0
UserB,h23_mc02,Storage HW,0.0
UserB,h23_mc02,Radiators,0.0
UserB,h23_mc02,Floor heating,0.0
UserB,h23_mc02,Induction stove,0.0
UserB,h23_mc02,Gas stove,0.0
UserB,h23_mc02,Gas National Grid,0.0
UserB,h24_mc02,PV sys,0.0
UserB,h24_mc02,National Grid EE,0.0
UserB,h24_mc02,Storage EE,1.813500000000318
UserB,h24_mc02,Gas Boiler,0.0
UserB,h24_mc02,HP,0.0
UserB,h24_mc02,AC,0.0
UserB,h24_mc02,Storage HW,0.0
UserB,h24_mc02,Radiators,0.0
UserB,h24_mc02,Floor heating,0.0
UserB,h24_mc02,Induction stove,0.0
UserB,h24_mc02,Gas stove,0.0
UserB,h24_mc02,Gas National Grid,0.0
UserB,h01_mc03,PV sys,0.0
UserB,h01_mc03,National Grid EE,0.0
UserB,h01_mc03,Storage EE,1.5280274921443653
UserB,h01_mc03,Gas Boiler,0.0
UserB,h01_mc03,HP,0.0
UserB,h01_mc03,AC,0.0
UserB,h01_mc03,Storage HW,0.0
UserB,h01_mc03,Radiators,0.0
UserB,h01_mc03,Floor heating,0.0
UserB,h01_mc03,Induction stove,0.0
UserB,h01_mc03,Gas stove,0.0
UserB,h01_mc03,Gas National Grid,0.0
UserB,h02_mc03,PV sys,0.0
UserB,h02_mc03,National Grid EE,0.0
UserB,h02_mc03,Storage EE,1.3324234963822867
UserB,h02_mc03,Gas Boiler,0.0
UserB,h02_mc03,HP,0.0
UserB,h02_mc03,AC,0.0
UserB,h02_mc03,Storage HW,0.0
UserB,h02_mc03,Radiators,0.0
UserB,h02_mc03,Floor heating,0.0
UserB,h02_mc03,Induction stove,0.0
UserB,h02_mc03,Gas stove,0.0
UserB,h02_mc03,Gas National Grid,0.0
UserB,h03_mc03,PV sys,0.0
UserB,h03_mc03,National Grid EE,0.0
UserB,h03_mc03,Storage EE,1.1483284842264725
UserB,h03_mc03,Gas Boiler,0.0
UserB,h03_mc03,HP,0.0
UserB,h03_mc03,AC,0.0
UserB,h03_mc03,Storage HW,0.0
UserB,h03_mc03,Radiators,0.0
UserB,h03_mc03,Floor heating,0.0
UserB,h03_mc03,Induction stove,0.0
UserB,h03_mc03,Gas stove,0.0
UserB,h03_mc03,Gas National Grid,0.0
UserB,h04_mc03,PV sys,0.0
UserB,h04_mc03,National Grid EE,0.0
UserB,h04_mc03,Storage EE,0.9638159892010439
UserB,h04_mc03,Gas Boiler,0.0
UserB,h04_mc03,HP,0.0
UserB,h04_mc03,AC,0.0
UserB,h04_mc03,Storage HW,0.0
UserB,h04_mc03,Radiators,0.0
UserB,h04_mc03,Floor heating,0.0
UserB,h04_mc03,Induction stove,0.0
UserB,h04_mc03,Gas stove,0.0
UserB,h04_mc03,Gas National Grid,0.0
UserB,h05_mc03,PV sys,0.0
UserB,h05_mc03,National Grid EE,0.0
UserB,h05_mc03,Storage EE,0.7410679230741245
UserB,h05_mc03,Gas Boiler,0.0
UserB,h05_mc03,HP,0.0
UserB,h05_mc03,AC,0.0
UserB,h05_mc03,Storage HW,0.0
UserB,h05_mc03,Radiators,0.0
UserB,h05_mc03,Floor heating,0.0
UserB,h05_mc03,Induction stove,0.0
UserB,h05_mc03,Gas stove,0.0
UserB,h05_mc03,Gas National Grid,0.0
UserB,h06_mc03,PV sys,0.0
UserB,h06_mc03,National Grid EE,0.0
UserB,h06_mc03,Storage EE,0.6
UserB,h06_mc03,Gas Boiler,0.0
UserB,h06_mc03,HP,0.0
UserB,h06_mc03,AC,0.0
UserB,h06_mc03,Storage HW,0.0
UserB,h06_mc03,Radiators,0.0
UserB,h06_mc03,Floor heating,0.0
UserB,h06_mc03,Induction stove,0.0
UserB,h06_mc03,Gas stove,0.0
UserB,h06_mc03,Gas National Grid,0.0
UserB,h07_mc03,PV sys,0.0
UserB,h07_mc03,National Grid EE,0.0
UserB,h07_mc03,Storage EE,0.8330971536355256
UserB,h07_mc03,Gas Boiler,0.0
UserB,h07_mc03,HP,0.0
UserB,h07_mc03,AC,0.0
UserB,h07_mc03,Storage HW,0.0
UserB,h07_mc03,Radiators,0.0
UserB,h07_mc03,Floor heating,0.0
UserB,h07_mc03,Induction stove,0.0
UserB,h07_mc03,Gas stove,0.0
UserB,h07_mc03,Gas National Grid,0.0
UserB,h08_mc03,PV sys,0.0
UserB,h08_mc03,National Grid EE,0.0
UserB,h08_mc03,Storage EE,0.6
UserB,h08_mc03,Gas Boiler,0.0
UserB,h08_mc03,HP,0.0
UserB,h08_mc03,AC,0.0
UserB,h08_mc03,Storage HW,0.0
UserB,h08_mc03,Radiators,0.0
UserB,h08_mc03,Floor heating,0.0
UserB,h08_mc03,Induction stove,0.0
UserB,h08_mc03,Gas stove,0.0
UserB,h08_mc03,Gas National Grid,0.0
UserB,h09_mc03,PV sys,0.0
UserB,h09_mc03,National Grid EE,0.0
UserB,h09_mc03,Storage EE,1.1946141003819815
UserB,h09_mc03,Gas Boiler,0.0
UserB,h09_mc03,HP,0.0
UserB,h09_mc03,AC,0.0
UserB,h09_mc03,Storage HW,0.0
UserB,h09_mc03,Radiators,0.0
UserB,h09_mc03,Floor heating,0.0
UserB,h09_mc03,Induction stove,0.0
UserB,h09_mc03,Gas stove,0.0
UserB,h09_mc03,Gas National Grid,0.0
UserB,h10_mc03,PV sys,0.0
UserB,h10_mc03,National Grid EE,0.0
UserB,h10_mc03,Storage EE,2.6560205359356175
UserB,h10_mc03,Gas Boiler,0.0
UserB,h10_mc03,HP,0.0
UserB,h10_mc03,AC,0.0
UserB,h10_mc03,Storage HW,0.0
UserB,h10_mc03,Radiators,0.0
UserB,h10_mc03,Floor heating,0.0
UserB,h10_mc03,Induction stove,0.0
UserB,h10_mc03,Gas stove,0.0
UserB,h10_mc03,Gas National Grid,0.0
UserB,h11_mc03,PV sys,0.0
UserB,h11_mc03,National Grid EE,0.0
UserB,h11_mc03,Storage EE,1.6974716202557136
UserB,h11_mc03,Gas Boiler,0.0
UserB,h11_mc03,HP,0.0
UserB,h11_mc03,AC,0.0
UserB,h11_mc03,Storage HW,0.0
UserB,h11_mc03,Radiators,0.0
UserB,h11_mc03,Floor heating,0.0
UserB,h11_mc03,Induction stove,0.0
UserB,h11_mc03,Gas stove,0.0
UserB,h11_mc03,Gas National Grid,0.0
UserB,h12_mc03,PV sys,0.0
UserB,h12_mc03,National Grid EE,0.0
UserB,h12_mc03,Storage EE,1.0971089853764457
UserB,h12_mc03,Gas Boiler,0.0
UserB,h12_mc03,HP,0.0
UserB,h12_mc03,AC,0.0
UserB,h12_mc03,Storage HW,0.0
UserB,h12_mc03,Radiators,0.0
UserB,h12_mc03,Floor heating,0.0
UserB,h12_mc03,Induction stove,0.0
UserB,h12_mc03,Gas stove,0.0
UserB,h12_mc03,Gas National Grid,0.0
UserB,h13_mc03,PV sys,0.0
UserB,h13_mc03,National Grid EE,0.0
UserB,h13_mc03,Storage EE,3.479648722050891
UserB,h13_mc03,Gas Boiler,0.0
UserB,h13_mc03,HP,0.0
UserB,h13_mc03,AC,0.0
UserB,h13_mc03,Storage HW,0.0
UserB,h13_mc03,Radiators,0.0
UserB,h13_mc03,Floor heating,0.0
UserB,h13_mc03,Induction stove,0.0
UserB,h13_mc03,Gas stove,0.0
UserB,h13_mc03,Gas National Grid,0.0
UserB,h14_mc03,PV sys,0.0
UserB,h14_mc03,National Grid EE,0.0
UserB,h14_mc03,Storage EE,4.3227399937543485
UserB,h14_mc03,Gas Boiler,0.0
UserB,h14_mc03,HP,0.0
UserB,h14_mc03,AC,0.0
UserB,h14_mc03,Storage HW,0.0
UserB,h14_mc03,Radiators,0.0
UserB,h14_mc03,Floor heating,0.0
UserB,h14_mc03,Induction stove,0.0
UserB,h14_mc03,Gas stove,0.0
UserB,h14_mc03,Gas National Grid,0.0
UserB,h15_mc03,PV sys,0.0
UserB,h15_mc03,National Grid EE,0.0
UserB,h15_mc03,Storage EE,5.7
UserB,h15_mc03,Gas Boiler,0.0
UserB,h15_mc03,HP,0.0
UserB,h15_mc03,AC,0.0
UserB,h15_mc03,Storage HW,0.0
UserB,h15_mc03,Radiators,0.0
UserB,h15_mc03,Floor heating,0.0
UserB,h15_mc03,Induction stove,0.0
UserB,h15_mc03,Gas stove,0.0
UserB,h15_mc03,Gas National Grid,0.0
UserB,h16_mc03,PV sys,0.0
UserB,h16_mc03,National Grid EE,0.0
UserB,h16_mc03,Storage EE,5.7
UserB,h16_mc03,Gas Boiler,0.0
UserB,h16_mc03,HP,0.0
UserB,h16_mc03,AC,0.0
UserB,h16_mc03,Storage HW,0.0
UserB,h16_mc03,Radiators,0.0
UserB,h16_mc03,Floor heating,0.0
UserB,h16_mc03,Induction stove,0.0
UserB,h16_mc03,Gas stove,0.0
UserB,h16_mc03,Gas National Grid,0.0
UserB,h17_mc03,PV sys,0.0
UserB,h17_mc03,National Grid EE,0.0
UserB,h17_mc03,Storage EE,5.570214682736754
UserB,h17_mc03,Gas Boiler,0.0
UserB,h17_mc03,HP,0.0
UserB,h17_mc03,AC,0.0
UserB,h17_mc03,Storage HW,0.0
UserB,h17_mc03,Radiators,0.0
UserB,h17_mc03,Floor heating,0.0
UserB,h17_mc03,Induction stove,0.0
UserB,h17_mc03,Gas stove,0.0
UserB,h17_mc03,Gas National Grid,0.0
UserB,h18_mc03,PV sys,0.0
UserB,h18_mc03,National Grid EE,0.0
UserB,h18_mc03,Storage EE,5.4683477062608965
UserB,h18_mc03,Gas Boiler,0.0
UserB,h18_mc03,HP,0.0
UserB,h18_mc03,AC,0.0
UserB,h18_mc03,Storage HW,0.0
UserB,h18_mc03,Radiators,0.0
UserB,h18_mc03,Floor heating,0.0
UserB,h18_mc03,Induction stove,0.0
UserB,h18_mc03,Gas stove,0.0
UserB,h18_mc03,Gas National Grid,0.0
UserB,h19_mc03,PV sys,0.0
UserB,h19_mc03,National Grid EE,0.0
UserB,h19_mc03,Storage EE,3.3139528048323568
UserB,h19_mc03,Gas Boiler,0.0
UserB,h19_mc03,HP,0.0
UserB,h19_mc03,AC,0.0
UserB,h19_mc03,Storage HW,0.0
UserB,h19_mc03,Radiators,0.0
UserB,h19_mc03,Floor heating,0.0
UserB,h19_mc03,Induction stove,0.0
UserB,h19_mc03,Gas stove,0.0
UserB,h19_mc03,Gas National Grid,0.0
UserB,h20_mc03,PV sys,0.0
UserB,h20_mc03,National Grid EE,0.0
UserB,h20_mc03,Storage EE,2.8686785851069527
UserB,h20_mc03,Gas Boiler,0.0
UserB,h20_mc03,HP,0.0
UserB,h20_mc03,AC,0.0
UserB,h20_mc03,Storage HW,0.0
UserB,h20_mc03,Radiators,0.0
UserB,h20_mc03,Floor heating,0.0
UserB,h20_mc03,Induction stove,0.0
UserB,h20_mc03,Gas stove,0.0
UserB,h20_mc03,Gas National Grid,0.0
UserB,h21_mc03,PV sys,0.0
UserB,h21_mc03,National Grid EE,0.0
UserB,h21_mc03,Storage EE,2.3888801373171695
UserB,h21_mc03,Gas Boiler,0.0
UserB,h21_mc03,HP,0.0
UserB,h21_mc03,AC,0.0
UserB,h21_mc03,Storage HW,0.0
UserB,h21_mc03,Radiators,0.0
UserB,h21_mc03,Floor heating,0.0
UserB,h21_mc03,Induction stove,0.0
UserB,h21_mc03,Gas stove,0.0
UserB,h21_mc03,Gas National Grid,0.0
UserB,h22_mc03,PV sys,0.0
UserB,h22_mc03,National Grid EE,0.0
UserB,h22_mc03,Storage EE,1.8612911510932748
UserB,h22_mc03,Gas Boiler,0.0
UserB,h22_mc03,HP,0.0
UserB,h22_mc03,AC,0.0
UserB,h22_mc03,Storage HW,0.0
UserB,h22_mc03,Radiators,0.0
UserB,h22_mc03,Floor heating,0.0
UserB,h22_mc03,Induction stove,0.0
UserB,h22_mc03,Gas stove,0.0
UserB,h22_mc03,Gas National Grid,0.0
UserB,h23_mc03,PV sys,0.0
UserB,h23_mc03,National Grid EE,0.0
UserB,h23_mc03,Storage EE,1.2422926426966145
UserB,h23_mc03,Gas Boiler,0.0
UserB,h23_mc03,HP,0.0
UserB,h23_mc03,AC,0.0
UserB,h23_mc03,Storage HW,0.0
UserB,h23_mc03,Radiators,0.0
UserB,h23_mc03,Floor heating,0.0
UserB,h23_mc03,Induction stove,0.0
UserB,h23_mc03,Gas stove,0.0
UserB,h23_mc03,Gas National Grid,0.0
UserB,h24_mc03,PV sys,0.0
UserB,h24_mc03,National Grid EE,0.0
UserB,h24_mc03,Storage EE,0.6
UserB,h24_mc03,Gas Boiler,0.0
UserB,h24_mc03,HP,0.0
UserB,h24_mc03,AC,0.0
UserB,h24_mc03,Storage HW,0.0
UserB,h24_mc03,Radiators,0.0
UserB,h24_mc03,Floor heating,0.0
UserB,h24_mc03,Induction stove,0.0
UserB,h24_mc03,Gas stove,0.0
UserB,h24_mc03,Gas National Grid,0.0
UserB,h01_mc04,PV sys,0.0
UserB,h01_mc04,National Grid EE,0.0
UserB,h01_mc04,Storage EE,0.6
UserB,h01_mc04,Gas Boiler,0.0
UserB,h01_mc04,HP,0.0
UserB,h01_mc04,AC,0.0
UserB,h01_mc04,Storage HW,0.0
UserB,h01_mc04,Radiators,0.0
UserB,h01_mc04,Floor heating,0.0
UserB,h01_mc04,Induction stove,0.0
UserB,h01_mc04,Gas stove,0.0
UserB,h01_mc04,Gas National Grid,0.0
UserB,h02_mc04,PV sys,0.0
UserB,h02_mc04,National Grid EE,0.0
UserB,h02_mc04,Storage EE,0.6
UserB,h02_mc04,Gas Boiler,0.0
UserB,h02_mc04,HP,0.0
UserB,h02_mc04,AC,0.0
UserB,h02_mc04,Storage HW,0.0
UserB,h02_mc04,Radiators,0.0
UserB,h02_mc04,Floor heating,0.0
UserB,h02_mc04,Induction stove,0.0
UserB,h02_mc04,Gas stove,0.0
UserB,h02_mc04,Gas National Grid,0.0
UserB,h03_mc04,PV sys,0.0
UserB,h03_mc04,National Grid EE,0.0
UserB,h03_mc04,Storage EE,0.6
UserB,h03_mc04,Gas Boiler,0.0
UserB,h03_mc04,HP,0.0
UserB,h03_mc04,AC,0.0
UserB,h03_mc04,Storage HW,0.0
UserB,h03_mc04,Radiators,0.0
UserB,h03_mc04,Floor heating,0.0
UserB,h03_mc04,Induction stove,0.0
UserB,h03_mc04,Gas stove,0.0
UserB,h03_mc04,Gas National Grid,0.0
UserB,h04_mc04,PV sys,0.0
UserB,h04_mc04,National Grid EE,0.0
UserB,h04_mc04,Storage EE,0.6
UserB,h04_mc04,Gas Boiler,0.0
UserB,h04_mc04,HP,0.0
UserB,h04_mc04,AC,0.0
UserB,h04_mc04,Storage HW,0.0
UserB,h04_mc04,Radiators,0.0
UserB,h04_mc04,Floor heating,0.0
UserB,h04_mc04,Induction stove,0.0
UserB,h04_mc04,Gas stove,0.0
UserB,h04_mc04,Gas National Grid,0.0
UserB,h05_mc04,PV sys,0.0
UserB,h05_mc04,National Grid EE,0.0
UserB,h05_mc04,Storage EE,0.6
UserB,h05_mc04,Gas Boiler,0.0
UserB,h05_mc04,HP,0.0
UserB,h05_mc04,AC,0.0
UserB,h05_mc04,Storage HW,0.0
UserB,h05_mc04,Radiators,0.0
UserB,h05_mc04,Floor heating,0.0
UserB,h05_mc04,Induction stove,0.0
UserB,h05_mc04,Gas stove,0.0
UserB,h05_mc04,Gas National Grid,0.0
UserB,h06_mc04,PV sys,0.0
UserB,h06_mc04,National Grid EE,0.0
UserB,h06_mc04,Storage EE,0.6
UserB,h06_mc04,Gas Boiler,0.0
UserB,h06_mc04,HP,0.0
UserB,h06_mc04,AC,0.0
UserB,h06_mc04,Storage HW,0.0
UserB,h06_mc04,Radiators,0.0
UserB,h06_mc04,Floor heating,0.0
UserB,h06_mc04,Induction stove,0.0
UserB,h06_mc04,Gas stove,0.0
UserB,h06_mc04,Gas National Grid,0.0
UserB,h07_mc04,PV sys,0.0
UserB,h07_mc04,National Grid EE,0.0
UserB,h07_mc04,Storage EE,0.6031250000000004
UserB,h07_mc04,Gas Boiler,0.0
UserB,h07_mc04,HP,0.0
UserB,h07_mc04,AC,0.0
UserB,h07_mc04,Storage HW,0.0
UserB,h07_mc04,Radiators,0.0
UserB,h07_mc04,Floor heating,0.0
UserB,h07_mc04,Induction stove,0.0
UserB,h07_mc04,Gas stove,0.0
UserB,h07_mc04,Gas National Grid,0.0
UserB,h08_mc04,PV sys,0.0
UserB,h08_mc04,National Grid EE,0.0
UserB,h08_mc04,Storage EE,0.8053788202504445
UserB,h08_mc04,Gas Boiler,0.0
UserB,h08_mc04,HP,0.0
UserB,h08_mc04,AC,0.0
UserB,h08_mc04,Storage HW,0.0
UserB,h08_mc04,Radiators,0.0
UserB,h08_mc04,Floor heating,0.0
UserB,h08_mc04,Induction stove,0.0
UserB,h08_mc04,Gas stove,0.0
UserB,h08_mc04,Gas National Grid,0.0
UserB,h09_mc04,PV sys,0.0
UserB,h09_mc04,National Grid EE,0.0
UserB,h09_mc04,Storage EE,0.6
UserB,h09_mc04,Gas Boiler,0.0
UserB,h09_mc04,HP,0.0
UserB,h09_mc04,AC,0.0
UserB,h09_mc04,Storage HW,0.0
UserB,h09_mc04,Radiators,0.0
UserB,h09_mc04,Floor heating,0.0
UserB,h09_mc04,Induction stove,0.0
UserB,h09_mc04,Gas stove,0.0
UserB,h09_mc04,Gas National Grid,0.0
UserB,h10_mc04,PV sys,0.0
UserB,h10_mc04,National Grid EE,0.0
UserB,h10_mc04,Storage EE,0.9112842522223599
UserB,h10_mc04,Gas Boiler,0.0
UserB,h10_mc04,HP,0.0
UserB,h10_mc04,AC,0.0
UserB,h10_mc04,Storage HW,0.0
UserB,h10_mc04,Radiators,0.0
UserB,h10_mc04,Floor heating,0.0
UserB,h10_mc04,Induction stove,0.0
UserB,h10_mc04,Gas stove,0.0
UserB,h10_mc04,Gas National Grid,0.0
UserB,h11_mc04,PV sys,0.0
UserB,h11_mc04,National Grid EE,0.0
UserB,h11_mc04,Storage EE,0.8135290842893028
UserB,h11_mc04,Gas Boiler,0.0
UserB,h11_mc04,HP,0.0
UserB,h11_mc04,AC,0.0
UserB,h11_mc04,Storage HW,0.0
UserB,h11_mc04,Radiators,0.0
UserB,h11_mc04,Floor heating,0.0
UserB,h11_mc04,Induction stove,0.0
UserB,h11_mc04,Gas stove,0.0
UserB,h11_mc04,Gas National Grid,0.0
UserB,h12_mc04,PV sys,0.0
UserB,h12_mc04,National Grid EE,0.0
UserB,h12_mc04,Storage EE,1.4616692612172786
UserB,h12_mc04,Gas Boiler,0.0
UserB,h12_mc04,HP,0.0
UserB,h12_mc04,AC,0.0
UserB,h12_mc04,Storage HW,0.0
UserB,h12_mc04,Radiators,0.0
UserB,h12_mc04,Floor heating,0.0
UserB,h12_mc04,Induction stove,0.0
UserB,h12_mc04,Gas stove,0.0
UserB,h12_mc04,Gas National Grid,0.0
UserB,h13_mc04,PV sys,0.0
UserB,h13_mc04,National Grid EE,0.0
UserB,h13_mc04,Storage EE,3.5442895590009096
UserB,h13_mc04,Gas Boiler,0.0
UserB,h13_mc04,HP,0.0
UserB,h13_mc04,AC,0.0
UserB,h13_mc04,Storage HW,0.0
UserB,h13_mc04,Radiators,0.0
UserB,h13_mc04,Floor heating,0.0
UserB,h13_mc04,Induction stove,0.0
UserB,h13_mc04,Gas stove,0.0
UserB,h13_mc04,Gas National Grid,0.0
UserB,h14_mc04,PV sys,0.0
UserB,h14_mc04,National Grid EE,0.0
UserB,h14_mc04,Storage EE,4.436476529499979
UserB,h14_mc04,Gas Boiler,0.0
UserB,h14_mc04,HP,0.0
UserB,h14_mc04,AC,0.0
UserB,h14_mc04,Storage HW,0.0
UserB,h14_mc04,Radiators,0.0
UserB,h14_mc04,Floor heating,0.0
UserB,h14_mc04,Induction stove,0.0
UserB,h14_mc04,Gas stove,0.0
UserB,h14_mc04,Gas National Grid,0.0
UserB,h15_mc04,PV sys,0.0
UserB,h15_mc04,National Grid EE,0.0
UserB,h15_mc04,Storage EE,5.7
UserB,h15_mc04,Gas Boiler,0.0
UserB,h15_mc04,HP,0.0
UserB,h15_mc04,AC,0.0
UserB,h15_mc04,Storage HW,0.0
UserB,h15_mc04,Radiators,0.0
UserB,h15_mc04,Floor heating,0.0
UserB,h15_mc04,Induction stove,0.0
UserB,h15_mc04,Gas stove,0.0
UserB,h15_mc04,Gas National Grid,0.0
UserB,h16_mc04,PV sys,0.0
UserB,h16_mc04,National Grid EE,0.0
UserB,h16_mc04,Storage EE,5.5615290181748565
UserB,h16_mc04,Gas Boiler,0.0
UserB,h16_mc04,HP,0.0
UserB,h16_mc04,AC,0.0
UserB,h16_mc04,Storage HW,0.0
UserB,h16_mc04,Radiators,0.0
UserB,h16_mc04,Floor heating,0.0
UserB,h16_mc04,Induction stove,0.0
UserB,h16_mc04,Gas stove,0.0
UserB,h16_mc04,Gas National Grid,0.0
UserB,h17_mc04,PV sys,0.0
UserB,h17_mc04,National Grid EE,0.0
UserB,h17_mc04,Storage EE,5.290924349321207
UserB,h17_mc04,Gas Boiler,0.0
UserB,h17_mc04,HP,0.0
UserB,h17_mc04,AC,0.0
UserB,h17_mc04,Storage HW,0.0
UserB,h17_mc04,Radiators,0.0
UserB,h17_mc04,Floor heating,0.0
UserB,h17_mc04,Induction stove,0.0
UserB,h17_mc04,Gas stove,0.0
UserB,h17_mc04,Gas National Grid,0.0
UserB,h18_mc04,PV sys,0.0
UserB,h18_mc04,National Grid EE,0.0
UserB,h18_mc04,Storage EE,5.0041167916162035
UserB,h18_mc04,Gas Boiler,0.0
UserB,h18_mc04,HP,0.0
UserB,h18_mc04,AC,0.0
UserB,h18_mc04,Storage HW,0.0
UserB,h18_mc04,Radiators,0.0
UserB,h18_mc04,Floor heating,0.0
UserB,h18_mc04,Induction stove,0.0
UserB,h18_mc04,Gas stove,0.0
UserB,h18_mc04,Gas National Grid,0.0
UserB,h19_mc04,PV sys,0.0
UserB,h19_mc04,National Grid EE,0.0
UserB,h19_mc04,Storage EE,4.683816226783344
UserB,h19_mc04,Gas Boiler,0.0
UserB,h19_mc04,HP,0.0
UserB,h19_mc04,AC,0.0
UserB,h19_mc04,Storage HW,0.0
UserB,h19_mc04,Radiators,0.0
UserB,h19_mc04,Floor heating,0.0
UserB,h19_mc04,Induction stove,0.0
UserB,h19_mc04,Gas stove,0.0
UserB,h19_mc04,Gas National Grid,0.0
UserB,h20_mc04,PV sys,0.0
UserB,h20_mc04,National Grid EE,0.0
UserB,h20_mc04,Storage EE,4.360539394784883
UserB,h20_mc04,Gas Boiler,0.0
UserB,h20_mc04,HP,0.0
UserB,h20_mc04,AC,0.0
UserB,h20_mc04,Storage HW,0.0
UserB,h20_mc04,Radiators,0.0
UserB,h20_mc04,Floor heating,0.0
UserB,h20_mc04,Induction stove,0.0
UserB,h20_mc04,Gas stove,0.0
UserB,h20_mc04,Gas National Grid,0.0
UserB,h21_mc04,PV sys,0.0
UserB,h21_mc04,National Grid EE,0.0
UserB,h21_mc04,Storage EE,3.971681237313467
UserB,h21_mc04,Gas Boiler,0.0
UserB,h21_mc04,HP,0.0
UserB,h21_mc04,AC,0.0
UserB,h21_mc04,Storage HW,0.0
UserB,h21_mc04,Radiators,0.0
UserB,h21_mc04,Floor heating,0.0
UserB,h21_mc04,Induction stove,0.0
UserB,h21_mc04,Gas stove,0.0
UserB,h21_mc04,Gas National Grid,0.0
UserB,h22_mc04,PV sys,0.0
UserB,h22_mc04,National Grid EE,0.0
UserB,h22_mc04,Storage EE,3.045860631860375
UserB,h22_mc04,Gas Boiler,0.0
UserB,h22_mc04,HP,0.0
UserB,h22_mc04,AC,0.0
UserB,h22_mc04,Storage HW,0.0
UserB,h22_mc04,Radiators,0.0
UserB,h22_mc04,Floor heating,0.0
UserB,h22_mc04,Induction stove,0.0
UserB,h22_mc04,Gas stove,0.0
UserB,h22_mc04,Gas National Grid,0.0
UserB,h23_mc04,PV sys,0.0
UserB,h23_mc04,National Grid EE,0.0
UserB,h23_mc04,Storage EE,1.738944908040574
UserB,h23_mc04,Gas Boiler,0.0
UserB,h23_mc04,HP,0.0
UserB,h23_mc04,AC,0.0
UserB,h23_mc04,Storage HW,0.0
UserB,h23_mc04,Radiators,0.0
UserB,h23_mc04,Floor heating,0.0
UserB,h23_mc04,Induction stove,0.0
UserB,h23_mc04,Gas stove,0.0
UserB,h23_mc04,Gas National Grid,0.0
UserB,h24_mc04,PV sys,0.0
UserB,h24_mc04,National Grid EE,0.0
UserB,h24_mc04,Storage EE,0.6
UserB,h24_mc04,Gas Boiler,0.0
UserB,h24_mc04,HP,0.0
UserB,h24_mc04,AC,0.0
UserB,h24_mc04,Storage HW,0.0
UserB,h24_mc04,Radiators,0.0
UserB,h24_mc04,Floor heating,0.0
UserB,h24_mc04,Induction stove,0.0
UserB,h24_mc04,Gas stove,0.0
UserB,h24_mc04,Gas National Grid,0.0
UserB,h01_mc05,PV sys,0.0
UserB,h01_mc05,National Grid EE,0.0
UserB,h01_mc05,Storage EE,0.6
UserB,h01_mc05,Gas Boiler,0.0
UserB,h01_mc05,HP,0.0
UserB,h01_mc05,AC,0.0
UserB,h01_mc05,Storage HW,0.0
UserB,h01_mc05,Radiators,0.0
UserB,h01_mc05,Floor heating,0.0
UserB,h01_mc05,Induction stove,0.0
UserB,h01_mc05,Gas stove,0.0
UserB,h01_mc05,Gas National Grid,0.0
UserB,h02_mc05,PV sys,0.0
UserB,h02_mc05,National Grid EE,0.0
UserB,h02_mc05,Storage EE,0.6
UserB,h02_mc05,Gas Boiler,0.0
UserB,h02_mc05,HP,0.0
UserB,h02_mc05,AC,0.0
UserB,h02_mc05,Storage HW,0.0
UserB,h02_mc05,Radiators,0.0
UserB,h02_mc05,Floor heating,0.0
UserB,h02_mc05,Induction stove,0.0
UserB,h02_mc05,Gas stove,0.0
UserB,h02_mc05,Gas National Grid,0.0
UserB,h03_mc05,PV sys,0.0
UserB,h03_mc05,National Grid EE,0.0
UserB,h03_mc05,Storage EE,0.6
UserB,h03_mc05,Gas Boiler,0.0
UserB,h03_mc05,HP,0.0
UserB,h03_mc05,AC,0.0
UserB,h03_mc05,Storage HW,0.0
UserB,h03_mc05,Radiators,0.0
UserB,h03_mc05,Floor heating,0.0
UserB,h03_mc05,Induction stove,0.0
UserB,h03_mc05,Gas stove,0.0
UserB,h03_mc05,Gas National Grid,0.0
UserB,h04_mc05,PV sys,0.0
UserB,h04_mc05,National Grid EE,0.0
UserB,h04_mc05,Storage EE,0.6
UserB,h04_mc05,Gas Boiler,0.0
UserB,h04_mc05,HP,0.0
UserB,h04_mc05,AC,0.0
UserB,h04_mc05,Storage HW,0.0
UserB,h04_mc05,Radiators,0.0
UserB,h04_mc05,Floor heating,0.0
UserB,h04_mc05,Induction stove,0.0
UserB,h04_mc05,Gas stove,0.0
UserB,h04_mc05,Gas National Grid,0.0
UserB,h05_mc05,PV sys,0.0
UserB,h05_mc05,National Grid EE,0.0
UserB,h05_mc05,Storage EE,0.6
UserB,h05_mc05,Gas Boiler,0.0
UserB,h05_mc05,HP,0.0
UserB,h05_mc05,AC,0.0
UserB,h05_mc05,Storage HW,0.0
UserB,h05_mc05,Radiators,0.0
UserB,h05_mc05,Floor heating,0.0
UserB,h05_mc05,Induction stove,0.0
UserB,h05_mc05,Gas stove,0.0
UserB,h05_mc05,Gas National Grid,0.0
UserB,h06_mc05,PV sys,0.0
UserB,h06_mc05,National Grid EE,0.0
UserB,h06_mc05,Storage EE,0.6
UserB,h06_mc05,Gas Boiler,0.0
UserB,h06_mc05,HP,0.0
UserB,h06_mc05,AC,0.0
UserB,h06_mc05,Storage HW,0.0
UserB,h06_mc05,Radiators,0.0
UserB,h06_mc05,Floor heating,0.0
UserB,h06_mc05,Induction stove,0.0
UserB,h06_mc05,Gas stove,0.0
UserB,h06_mc05,Gas National Grid,0.0
UserB,h07_mc05,PV sys,0.0
UserB,h07_mc05,National Grid EE,0.0
UserB,h07_mc05,Storage EE,0.6
UserB,h07_mc05,Gas Boiler,0.0
UserB,h07_mc05,HP,0.0
UserB,h07_mc05,AC,0.0
UserB,h07_mc05,Storage HW,0.0
UserB,h07_mc05,Radiators,0.0
UserB,h07_mc05,Floor heating,0.0
UserB,h07_mc05,Induction stove,0.0
UserB,h07_mc05,Gas stove,0.0
UserB,h07_mc05,Gas National Grid,0.0
UserB,h08_mc05,PV sys,0.0
UserB,h08_mc05,National Grid EE,0.0
UserB,h08_mc05,Storage EE,1.2748601020554924
UserB,h08_mc05,Gas Boiler,0.0
UserB,h08_mc05,HP,0.0
UserB,h08_mc05,AC,0.0
UserB,h08_mc05,Storage HW,0.0
UserB,h08_mc05,Radiators,0.0
UserB,h08_mc05,Floor heating,0.0
UserB,h08_mc05,Induction stove,0.0
UserB,h08_mc05,Gas stove,0.0
UserB,h08_mc05,Gas National Grid,0.0
UserB,h09_mc05,PV sys,0.0
UserB,h09_mc05,National Grid EE,0.0
UserB,h09_mc05,Storage EE,1.9569708218394593
UserB,h09_mc05,Gas Boiler,0.0
UserB,h09_mc05,HP,0.0
UserB,h09_mc05,AC,0.0
UserB,h09_mc05,Storage HW,0.0
UserB,h09_mc05,Radiators,0.0
UserB,h09_mc05,Floor heating,0.0
UserB,h09_mc05,Induction stove,0.0
UserB,h09_mc05,Gas stove,0.0
UserB,h09_mc05,Gas National Grid,0.0
UserB,h10_mc05,PV sys,0.0
UserB,h10_mc05,National Grid EE,0.0
UserB,h10_mc05,Storage EE,3.355795878657008
UserB,h10_mc05,Gas Boiler,0.0
UserB,h10_mc05,HP,0.0
UserB,h10_mc05,AC,0.0
UserB,h10_mc05,Storage HW,0.0
UserB,h10_mc05,Radiators,0.0
UserB,h10_mc05,Floor heating,0.0
UserB,h10_mc05,Induction stove,0.0
UserB,h10_mc05,Gas stove,0.0
UserB,h10_mc05,Gas National Grid,0.0
UserB,h11_mc05,PV sys,0.0
UserB,h11_mc05,National Grid EE,0.0
UserB,h11_mc05,Storage EE,4.863186722199509
UserB,h11_mc05,Gas Boiler,0.0
UserB,h11_mc05,HP,0.0
UserB,h11_mc05,AC,0.0
UserB,h11_mc05,Storage HW,0.0
UserB,h11_mc05,Radiators,0.0
UserB,h11_mc05,Floor heating,0.0
UserB,h11_mc05,Induction stove,0.0
UserB,h11_mc05,Gas stove,0.0
UserB,h11_mc05,Gas National Grid,0.0
UserB,h12_mc05,PV sys,0.0
UserB,h12_mc05,National Grid EE,0.0
UserB,h12_mc05,Storage EE,4.998921039678846
UserB,h12_mc05,Gas Boiler,0.0
UserB,h12_mc05,HP,0.0
UserB,h12_mc05,AC,0.0
UserB,h12_mc05,Storage HW,0.0
UserB,h12_mc05,Radiators,0.0
UserB,h12_mc05,Floor heating,0.0
UserB,h12_mc05,Induction stove,0.0
UserB,h12_mc05,Gas stove,0.0
UserB,h12_mc05,Gas National Grid,0.0
UserB,h13_mc05,PV sys,0.0
UserB,h13_mc05,National Grid EE,0.0
UserB,h13_mc05,Storage EE,5.662867447396648
UserB,h13_mc05,Gas Boiler,0.0
UserB,h13_mc05,HP,0.0
UserB,h13_mc05,AC,0.0
UserB,h13_mc05,Storage HW,0.0
UserB,h13_mc05,Radiators,0.0
UserB,h13_mc05,Floor heating,0.0
UserB,h13_mc05,Induction stove,0.0
UserB,h13_mc05,Gas stove,0.0
UserB,h13_mc05,Gas National Grid,0.0
UserB,h14_mc05,PV sys,0.0
UserB,h14_mc05,National Grid EE,0.0
UserB,h14_mc05,Storage EE,5.007725106020812
UserB,h14_mc05,Gas Boiler,0.0
UserB,h14_mc05,HP,0.0
UserB,h14_mc05,AC,0.0
UserB,h14_mc05,Storage HW,0.0
UserB,h14_mc05,Radiators,0.0
UserB,h14_mc05,Floor heating,0.0
UserB,h14_mc05,Induction stove,0.0
UserB,h14_mc05,Gas stove,0.0
UserB,h14_mc05,Gas National Grid,0.0
UserB,h15_mc05,PV sys,0.0
UserB,h15_mc05,National Grid EE,0.0
UserB,h15_mc05,Storage EE,5.474400876453961
UserB,h15_mc05,Gas Boiler,0.0
UserB,h15_mc05,HP,0.0
UserB,h15_mc05,AC,0.0
UserB,h15_mc05,Storage HW,0.0
UserB,h15_mc05,Radiators,0.0
UserB,h15_mc05,Floor heating,0.0
UserB,h15_mc05,Induction stove,0.0
UserB,h15_mc05,Gas stove,0.0
UserB,h15_mc05,Gas National Grid,0.0
UserB,h16_mc05,PV sys,0.0
UserB,h16_mc05,National Grid EE,0.0
UserB,h16_mc05,Storage EE,5.693193276739215
UserB,h16_mc05,Gas Boiler,0.0
UserB,h16_mc05,HP,0.0
UserB,h16_mc05,AC,0.0
UserB,h16_mc05,Storage HW,0.0
UserB,h16_mc05,Radiators,0.0
UserB,h16_mc05,Floor heating,0.0
UserB,h16_mc05,Induction stove,0.0
UserB,h16_mc05,Gas stove,0.0
UserB,h16_mc05,Gas National Grid,0.0
UserB,h17_mc05,PV sys,0.0
UserB,h17_mc05,National Grid EE,0.0
UserB,h17_mc05,Storage EE,5.7
UserB,h17_mc05,Gas Boiler,0.0
UserB,h17_mc05,HP,0.0
UserB,h17_mc05,AC,0.0
UserB,h17_mc05,Storage HW,0.0
UserB,h17_mc05,Radiators,0.0
UserB,h17_mc05,Floor heating,0.0
UserB,h17_mc05,Induction stove,0.0
UserB,h17_mc05,Gas stove,0.0
UserB,h17_mc05,Gas National Grid,0.0
UserB,h18_mc05,PV sys,0.0
UserB,h18_mc05,National Grid EE,0.0
UserB,h18_mc05,Storage EE,5.7
UserB,h18_mc05,Gas Boiler,0.0
UserB,h18_mc05,HP,0.0
UserB,h18_mc05,AC,0.0
UserB,h18_mc05,Storage HW,0.0
UserB,h18_mc05,Radiators,0.0
UserB,h18_mc05,Floor heating,0.0
UserB,h18_mc05,Induction stove,0.0
UserB,h18_mc05,Gas stove,0.0
UserB,h18_mc05,Gas National Grid,0.0
UserB,h19_mc05,PV sys,0.0
UserB,h19_mc05,National Grid EE,0.0
UserB,h19_mc05,Storage EE,5.7
UserB,h19_mc05,Gas Boiler,0.0
UserB,h19_mc05,HP,0.0
UserB,h19_mc05,AC,0.0
UserB,h19_mc05,Storage HW,0.0
UserB,h19_mc05,Radiators,0.0
UserB,h19_mc05,Floor heating,0.0
UserB,h19_mc05,Induction stove,0.0
UserB,h19_mc05,Gas stove,0.0
UserB,h19_mc05,Gas National Grid,0.0
UserB,h20_mc05,PV sys,0.0
UserB,h20_mc05,National Grid EE,0.0
UserB,h20_mc05,Storage EE,5.7
UserB,h20_mc05,Gas Boiler,0.0
UserB,h20_mc05,HP,0.0
UserB,h20_mc05,AC,0.0
UserB,h20_mc05,Storage HW,0.0
UserB,h20_mc05,Radiators,0.0
UserB,h20_mc05,Floor heating,0.0
UserB,h20_mc05,Induction stove,0.0
UserB,h20_mc05,Gas stove,0.0
UserB,h20_mc05,Gas National Grid,0.0
UserB,h21_mc05,PV sys,0.0
UserB,h21_mc05,National Grid EE,0.0
UserB,h21_mc05,Storage EE,5.7
UserB,h21_mc05,Gas Boiler,0.0
UserB,h21_mc05,HP,0.0
UserB,h21_mc05,AC,0.0
UserB,h21_mc05,Storage HW,0.0
UserB,h21_mc05,Radiators,0.0
UserB,h21_mc05,Floor heating,0.0
UserB,h21_mc05,Induction stove,0.0
UserB,h21_mc05,Gas stove,0.0
UserB,h21_mc05,Gas National Grid,0.0
UserB,h22_mc05,PV sys,0.0
UserB,h22_mc05,National Grid EE,0.0
UserB,h22_mc05,Storage EE,5.7
UserB,h22_mc05,Gas Boiler,0.0
UserB,h22_mc05,HP,0.0
UserB,h22_mc05,AC,0.0
UserB,h22_mc05,Storage HW,0.0
UserB,h22_mc05,Radiators,0.0
UserB,h22_mc05,Floor heating,0.0
UserB,h22_mc05,Induction stove,0.0
UserB,h22_mc05,Gas stove,0.0
UserB,h22_mc05,Gas National Grid,0.0
UserB,h23_mc05,PV sys,0.0
UserB,h23_mc05,National Grid EE,0.0
UserB,h23_mc05,Storage EE,5.7
UserB,h23_mc05,Gas Boiler,0.0
UserB,h23_mc05,HP,0.0
UserB,h23_mc05,AC,0.0
UserB,h23_mc05,Storage HW,0.0
UserB,h23_mc05,Radiators,0.0
UserB,h23_mc05,Floor heating,0.0
UserB,h23_mc05,Induction stove,0.0
UserB,h23_mc05,Gas stove,0.0
UserB,h23_mc05,Gas National Grid,0.0
UserB,h24_mc05,PV sys,0.0
UserB,h24_mc05,National Grid EE,0.0
UserB,h24_mc05,Storage EE,5.7
UserB,h24_mc05,Gas Boiler,0.0
UserB,h24_mc05,HP,0.0
UserB,h24_mc05,AC,0.0
UserB,h24_mc05,Storage HW,0.0
UserB,h24_mc05,Radiators,0.0
UserB,h24_mc05,Floor heating,0.0
UserB,h24_mc05,Induction stove,0.0
UserB,h24_mc05,Gas stove,0.0
UserB,h24_mc05,Gas National Grid,0.0
UserB,h01_mc06,PV sys,0.0
UserB,h01_mc06,National Grid EE,0.0
UserB,h01_mc06,Storage EE,5.51585913538651
UserB,h01_mc06,Gas Boiler,0.0
UserB,h01_mc06,HP,0.0
UserB,h01_mc06,AC,0.0
UserB,h01_mc06,Storage HW,0.0
UserB,h01_mc06,Radiators,0.0
UserB,h01_mc06,Floor heating,0.0
UserB,h01_mc06,Induction stove,0.0
UserB,h01_mc06,Gas stove,0.0
UserB,h01_mc06,Gas National Grid,0.0
UserB,h02_mc06,PV sys,0.0
UserB,h02_mc06,National Grid EE,0.0
UserB,h02_mc06,Storage EE,5.371369321444409
UserB,h02_mc06,Gas Boiler,0.0
UserB,h02_mc06,HP,0.0
UserB,h02_mc06,AC,0.0
UserB,h02_mc06,Storage HW,0.0
UserB,h02_mc06,Radiators,0.0
UserB,h02_mc06,Floor heating,0.0
UserB,h02_mc06,Induction stove,0.0
UserB,h02_mc06,Gas stove,0.0
UserB,h02_mc06,Gas National Grid,0.0
UserB,h03_mc06,PV sys,0.0
UserB,h03_mc06,National Grid EE,0.0
UserB,h03_mc06,Storage EE,4.072686139854426
UserB,h03_mc06,Gas Boiler,0.0
UserB,h03_mc06,HP,0.0
UserB,h03_mc06,AC,0.0
UserB,h03_mc06,Storage HW,0.0
UserB,h03_mc06,Radiators,0.0
UserB,h03_mc06,Floor heating,0.0
UserB,h03_mc06,Induction stove,0.0
UserB,h03_mc06,Gas stove,0.0
UserB,h03_mc06,Gas National Grid,0.0
UserB,h04_mc06,PV sys,0.0
UserB,h04_mc06,National Grid EE,0.0
UserB,h04_mc06,Storage EE,2.3830294651651425
UserB,h04_mc06,Gas Boiler,0.0
UserB,h04_mc06,HP,0.0
UserB,h04_mc06,AC,0.0
UserB,h04_mc06,Storage HW,0.0
UserB,h04_mc06,Radiators,0.0
UserB,h04_mc06,Floor heating,0.0
UserB,h04_mc06,Induction stove,0.0
UserB,h04_mc06,Gas stove,0.0
UserB,h04_mc06,Gas National Grid,0.0
UserB,h05_mc06,PV sys,0.0
UserB,h05_mc06,National Grid EE,0.0
UserB,h05_mc06,Storage EE,1.0760637692794808
UserB,h05_mc06,Gas Boiler,0.0
UserB,h05_mc06,HP,0.0
UserB,h05_mc06,AC,0.0
UserB,h05_mc06,Storage HW,0.0
UserB,h05_mc06,Radiators,0.0
UserB,h05_mc06,Floor heating,0.0
UserB,h05_mc06,Induction stove,0.0
UserB,h05_mc06,Gas stove,0.0
UserB,h05_mc06,Gas National Grid,0.0
UserB,h06_mc06,PV sys,0.0
UserB,h06_mc06,National Grid EE,0.0
UserB,h06_mc06,Storage EE,0.8380318846367716
UserB,h06_mc06,Gas Boiler,0.0
UserB,h06_mc06,HP,0.0
UserB,h06_mc06,AC,0.0
UserB,h06_mc06,Storage HW,0.0
UserB,h06_mc06,Radiators,0.0
UserB,h06_mc06,Floor heating,0.0
UserB,h06_mc06,Induction stove,0.0
UserB,h06_mc06,Gas stove,0.0
UserB,h06_mc06,Gas National Grid,0.0
UserB,h07_mc06,PV sys,0.0
UserB,h07_mc06,National Grid EE,0.0
UserB,h07_mc06,Storage EE,0.6
UserB,h07_mc06,Gas Boiler,0.0
UserB,h07_mc06,HP,0.0
UserB,h07_mc06,AC,0.0
UserB,h07_mc06,Storage HW,0.0
UserB,h07_mc06,Radiators,0.0
UserB,h07_mc06,Floor heating,0.0
UserB,h07_mc06,Induction stove,0.0
UserB,h07_mc06,Gas stove,0.0
UserB,h07_mc06,Gas National Grid,0.0
UserB,h08_mc06,PV sys,0.0
UserB,h08_mc06,National Grid EE,0.0
UserB,h08_mc06,Storage EE,0.6
UserB,h08_mc06,Gas Boiler,0.0
UserB,h08_mc06,HP,0.0
UserB,h08_mc06,AC,0.0
UserB,h08_mc06,Storage HW,0.0
UserB,h08_mc06,Radiators,0.0
UserB,h08_mc06,Floor heating,0.0
UserB,h08_mc06,Induction stove,0.0
UserB,h08_mc06,Gas stove,0.0
UserB,h08_mc06,Gas National Grid,0.0
UserB,h09_mc06,PV sys,0.0
UserB,h09_mc06,National Grid EE,0.0
UserB,h09_mc06,Storage EE,1.0514333347884526
UserB,h09_mc06,Gas Boiler,0.0
UserB,h09_mc06,HP,0.0
UserB,h09_mc06,AC,0.0
UserB,h09_mc06,Storage HW,0.0
UserB,h09_mc06,Radiators,0.0
UserB,h09_mc06,Floor heating,0.0
UserB,h09_mc06,Induction stove,0.0
UserB,h09_mc06,Gas stove,0.0
UserB,h09_mc06,Gas National Grid,0.0
UserB,h10_mc06,PV sys,0.0
UserB,h10_mc06,National Grid EE,0.0
UserB,h10_mc06,Storage EE,2.1629177119595484
UserB,h10_mc06,Gas Boiler,0.0
UserB,h10_mc06,HP,0.0
UserB,h10_mc06,AC,0.0
UserB,h10_mc06,Storage HW,0.0
UserB,h10_mc06,Radiators,0.0
UserB,h10_mc06,Floor heating,0.0
UserB,h10_mc06,Induction stove,0.0
UserB,h10_mc06,Gas stove,0.0
UserB,h10_mc06,Gas National Grid,0.0
UserB,h11_mc06,PV sys,0.0
UserB,h11_mc06,National Grid EE,0.0
UserB,h11_mc06,Storage EE,3.8331307370836782
UserB,h11_mc06,Gas Boiler,0.0
UserB,h11_mc06,HP,0.0
UserB,h11_mc06,AC,0.0
UserB,h11_mc06,Storage HW,0.0
UserB,h11_mc06,Radiators,0.0
UserB,h11_mc06,Floor heating,0.0
UserB,h11_mc06,Induction stove,0.0
UserB,h11_mc06,Gas stove,0.0
UserB,h11_mc06,Gas National Grid,0.0
UserB,h12_mc06,PV sys,0.0
UserB,h12_mc06,National Grid EE,0.0
UserB,h12_mc06,Storage EE,5.7
UserB,h12_mc06,Gas Boiler,0.0
UserB,h12_mc06,HP,0.0
UserB,h12_mc06,AC,0.0
UserB,h12_mc06,Storage HW,0.0
UserB,h12_mc06,Radiators,0.0
UserB,h12_mc06,Floor heating,0.0
UserB,h12_mc06,Induction stove,0.0
UserB,h12_mc06,Gas stove,0.0
UserB,h12_mc06,Gas National Grid,0.0
UserB,h13_mc06,PV sys,0.0
UserB,h13_mc06,National Grid EE,0.0
UserB,h13_mc06,Storage EE,5.7
UserB,h13_mc06,Gas Boiler,0.0
UserB,h13_mc06,HP,0.0
UserB,h13_mc06,AC,0.0
UserB,h13_mc06,Storage HW,0.0
UserB,h13_mc06,Radiators,0.0
UserB,h13_mc06,Floor heating,0.0
UserB,h13_mc06,Induction stove,0.0
UserB,h13_mc06,Gas stove,0.0
UserB,h13_mc06,Gas National Grid,0.0
UserB,h14_mc06,PV sys,0.0
UserB,h14_mc06,National Grid EE,0.0
UserB,h14_mc06,Storage EE,5.7
UserB,h14_mc06,Gas Boiler,0.0
UserB,h14_mc06,HP,0.0
UserB,h14_mc06,AC,0.0
UserB,h14_mc06,Storage HW,0.0
UserB,h14_mc06,Radiators,0.0
UserB,h14_mc06,Floor heating,0.0
UserB,h14_mc06,Induction stove,0.0
UserB,h14_mc06,Gas stove,0.0
UserB,h14_mc06,Gas National Grid,0.0
UserB,h15_mc06,PV sys,0.0
UserB,h15_mc06,National Grid EE,0.0
UserB,h15_mc06,Storage EE,5.7
UserB,h15_mc06,Gas Boiler,0.0
UserB,h15_mc06,HP,0.0
UserB,h15_mc06,AC,0.0
UserB,h15_mc06,Storage HW,0.0
UserB,h15_mc06,Radiators,0.0
UserB,h15_mc06,Floor heating,0.0
UserB,h15_mc06,Induction stove,0.0
UserB,h15_mc06,Gas stove,0.0
UserB,h15_mc06,Gas National Grid,0.0
UserB,h16_mc06,PV sys,0.0
UserB,h16_mc06,National Grid EE,0.0
UserB,h16_mc06,Storage EE,5.087413146590367
UserB,h16_mc06,Gas Boiler,0.0
UserB,h16_mc06,HP,0.0
UserB,h16_mc06,AC,0.0
UserB,h16_mc06,Storage HW,0.0
UserB,h16_mc06,Radiators,0.0
UserB,h16_mc06,Floor heating,0.0
UserB,h16_mc06,Induction stove,0.0
UserB,h16_mc06,Gas stove,0.0
UserB,h16_mc06,Gas National Grid,0.0
UserB,h17_mc06,PV sys,0.0
UserB,h17_mc06,National Grid EE,0.0
UserB,h17_mc06,Storage EE,4.803779364051224
UserB,h17_mc06,Gas Boiler,0.0
UserB,h17_mc06,HP,0.0
UserB,h17_mc06,AC,0.0
UserB,h17_mc06,Storage HW,0.0
UserB,h17_mc06,Radiators,0.0
UserB,h17_mc06,Floor heating,0.0
UserB,h17_mc06,Induction stove,0.0
UserB,h17_mc06,Gas stove,0.0
UserB,h17_mc06,Gas National Grid,0.0
UserB,h18_mc06,PV sys,0.0
UserB,h18_mc06,National Grid EE,0.0
UserB,h18_mc06,Storage EE,4.532375008289187
UserB,h18_mc06,Gas Boiler,0.0
UserB,h18_mc06,HP,0.0
UserB,h18_mc06,AC,0.0
UserB,h18_mc06,Storage HW,0.0
UserB,h18_mc06,Radiators,0.0
UserB,h18_mc06,Floor heating,0.0
UserB,h18_mc06,Induction stove,0.0
UserB,h18_mc06,Gas stove,0.0
UserB,h18_mc06,Gas National Grid,0.0
UserB,h19_mc06,PV sys,0.0
UserB,h19_mc06,National Grid EE,0.0
UserB,h19_mc06,Storage EE,4.08140616387177
UserB,h19_mc06,Gas Boiler,0.0
UserB,h19_mc06,HP,0.0
UserB,h19_mc06,AC,0.0
UserB,h19_mc06,Storage HW,0.0
UserB,h19_mc06,Radiators,0.0
UserB,h19_mc06,Floor heating,0.0
UserB,h19_mc06,Induction stove,0.0
UserB,h19_mc06,Gas stove,0.0
UserB,h19_mc06,Gas National Grid,0.0
UserB,h20_mc06,PV sys,0.0
UserB,h20_mc06,National Grid EE,0.0
UserB,h20_mc06,Storage EE,3.6660152520356712
UserB,h20_mc06,Gas Boiler,0.0
UserB,h20_mc06,HP,0.0
UserB,h20_mc06,AC,0.0
UserB,h20_mc06,Storage HW,0.0
UserB,h20_mc06,Radiators,0.0
UserB,h20_mc06,Floor heating,0.0
UserB,h20_mc06,Induction stove,0.0
UserB,h20_mc06,Gas stove,0.0
UserB,h20_mc06,Gas National Grid,0.0
UserB,h21_mc06,PV sys,0.0
UserB,h21_mc06,National Grid EE,0.0
UserB,h21_mc06,Storage EE,2.9075823928506894
UserB,h21_mc06,Gas Boiler,0.0
UserB,h21_mc06,HP,0.0
UserB,h21_mc06,AC,0.0
UserB,h21_mc06,Storage HW,0.0
UserB,h21_mc06,Radiators,0.0
UserB,h21_mc06,Floor heating,0.0
UserB,h21_mc06,Induction stove,0.0
UserB,h21_mc06,Gas stove,0.0
UserB,h21_mc06,Gas National Grid,0.0
UserB,h22_mc06,PV sys,0.0
UserB,h22_mc06,National Grid EE,0.0
UserB,h22_mc06,Storage EE,2.2758033762865697
UserB,h22_mc06,Gas Boiler,0.0
UserB,h22_mc06,HP,0.0
UserB,h22_mc06,AC,0.0
UserB,h22_mc06,Storage HW,0.0
UserB,h22_mc06,Radiators,0.0
UserB,h22_mc06,Floor heating,0.0
UserB,h22_mc06,Induction stove,0.0
UserB,h22_mc06,Gas stove,0.0
UserB,h22_mc06,Gas National Grid,0.0
UserB,h23_mc06,PV sys,0.0
UserB,h23_mc06,National Grid EE,0.0
UserB,h23_mc06,Storage EE,0.8966023468821627
UserB,h23_mc06,Gas Boiler,0.0
UserB,h23_mc06,HP,0.0
UserB,h23_mc06,AC,0.0
UserB,h23_mc06,Storage HW,0.0
UserB,h23_mc06,Radiators,0.0
UserB,h23_mc06,Floor heating,0.0
UserB,h23_mc06,Induction stove,0.0
UserB,h23_mc06,Gas stove,0.0
UserB,h23_mc06,Gas National Grid,0.0
UserB,h24_mc06,PV sys,0.0
UserB,h24_mc06,National Grid EE,0.0
UserB,h24_mc06,Storage EE,0.6
UserB,h24_mc06,Gas Boiler,0.0
UserB,h24_mc06,HP,0.0
UserB,h24_mc06,AC,0.0
UserB,h24_mc06,Storage HW,0.0
UserB,h24_mc06,Radiators,0.0
UserB,h24_mc06,Floor heating,0.0
UserB,h24_mc06,Induction stove,0.0
UserB,h24_mc06,Gas stove,0.0
UserB,h24_mc06,Gas National Grid,0.0
UserB,h01_mc07,PV sys,0.0
UserB,h01_mc07,National Grid EE,0.0
UserB,h01_mc07,Storage EE,0.6
UserB,h01_mc07,Gas Boiler,0.0
UserB,h01_mc07,HP,0.0
UserB,h01_mc07,AC,0.0
UserB,h01_mc07,Storage HW,0.0
UserB,h01_mc07,Radiators,0.0
UserB,h01_mc07,Floor heating,0.0
UserB,h01_mc07,Induction stove,0.0
UserB,h01_mc07,Gas stove,0.0
UserB,h01_mc07,Gas National Grid,0.0
UserB,h02_mc07,PV sys,0.0
UserB,h02_mc07,National Grid EE,0.0
UserB,h02_mc07,Storage EE,0.6
UserB,h02_mc07,Gas Boiler,0.0
UserB,h02_mc07,HP,0.0
UserB,h02_mc07,AC,0.0
UserB,h02_mc07,Storage HW,0.0
UserB,h02_mc07,Radiators,0.0
UserB,h02_mc07,Floor heating,0.0
UserB,h02_mc07,Induction stove,0.0
UserB,h02_mc07,Gas stove,0.0
UserB,h02_mc07,Gas National Grid,0.0
UserB,h03_mc07,PV sys,0.0
UserB,h03_mc07,National Grid EE,0.0
UserB,h03_mc07,Storage EE,0.6
UserB,h03_mc07,Gas Boiler,0.0
UserB,h03_mc07,HP,0.0
UserB,h03_mc07,AC,0.0
UserB,h03_mc07,Storage HW,0.0
UserB,h03_mc07,Radiators,0.0
UserB,h03_mc07,Floor heating,0.0
UserB,h03_mc07,Induction stove,0.0
UserB,h03_mc07,Gas stove,0.0
UserB,h03_mc07,Gas National Grid,0.0
UserB,h04_mc07,PV sys,0.0
UserB,h04_mc07,National Grid EE,0.0
UserB,h04_mc07,Storage EE,0.6
UserB,h04_mc07,Gas Boiler,0.0
UserB,h04_mc07,HP,0.0
UserB,h04_mc07,AC,0.0
UserB,h04_mc07,Storage HW,0.0
UserB,h04_mc07,Radiators,0.0
UserB,h04_mc07,Floor heating,0.0
UserB,h04_mc07,Induction stove,0.0
UserB,h04_mc07,Gas stove,0.0
UserB,h04_mc07,Gas National Grid,0.0
UserB,h05_mc07,PV sys,0.0
UserB,h05_mc07,National Grid EE,0.0
UserB,h05_mc07,Storage EE,0.6
UserB,h05_mc07,Gas Boiler,0.0
UserB,h05_mc07,HP,0.0
UserB,h05_mc07,AC,0.0
UserB,h05_mc07,Storage HW,0.0
UserB,h05_mc07,Radiators,0.0
UserB,h05_mc07,Floor heating,0.0
UserB,h05_mc07,Induction stove,0.0
UserB,h05_mc07,Gas stove,0.0
UserB,h05_mc07,Gas National Grid,0.0
UserB,h06_mc07,PV sys,0.0
UserB,h06_mc07,National Grid EE,0.0
UserB,h06_mc07,Storage EE,0.6
UserB,h06_mc07,Gas Boiler,0.0
UserB,h06_mc07,HP,0.0
UserB,h06_mc07,AC,0.0
UserB,h06_mc07,Storage HW,0.0
UserB,h06_mc07,Radiators,0.0
UserB,h06_mc07,Floor heating,0.0
UserB,h06_mc07,Induction stove,0.0
UserB,h06_mc07,Gas stove,0.0
UserB,h06_mc07,Gas National Grid,0.0
UserB,h07_mc07,PV sys,0.0
UserB,h07_mc07,National Grid EE,0.0
UserB,h07_mc07,Storage EE,0.6
UserB,h07_mc07,Gas Boiler,0.0
UserB,h07_mc07,HP,0.0
UserB,h07_mc07,AC,0.0
UserB,h07_mc07,Storage HW,0.0
UserB,h07_mc07,Radiators,0.0
UserB,h07_mc07,Floor heating,0.0
UserB,h07_mc07,Induction stove,0.0
UserB,h07_mc07,Gas stove,0.0
UserB,h07_mc07,Gas National Grid,0.0
UserB,h08_mc07,PV sys,0.0
UserB,h08_mc07,National Grid EE,0.0
UserB,h08_mc07,Storage EE,0.6813978078669998
UserB,h08_mc07,Gas Boiler,0.0
UserB,h08_mc07,HP,0.0
UserB,h08_mc07,AC,0.0
UserB,h08_mc07,Storage HW,0.0
UserB,h08_mc07,Radiators,0.0
UserB,h08_mc07,Floor heating,0.0
UserB,h08_mc07,Induction stove,0.0
UserB,h08_mc07,Gas stove,0.0
UserB,h08_mc07,Gas National Grid,0.0
UserB,h09_mc07,PV sys,0.0
UserB,h09_mc07,National Grid EE,0.0
UserB,h09_mc07,Storage EE,0.6
UserB,h09_mc07,Gas Boiler,0.0
UserB,h09_mc07,HP,0.0
UserB,h09_mc07,AC,0.0
UserB,h09_mc07,Storage HW,0.0
UserB,h09_mc07,Radiators,0.0
UserB,h09_mc07,Floor heating,0.0
UserB,h09_mc07,Induction stove,0.0
UserB,h09_mc07,Gas stove,0.0
UserB,h09_mc07,Gas National Grid,0.0
UserB,h10_mc07,PV sys,0.0
UserB,h10_mc07,National Grid EE,0.0
UserB,h10_mc07,Storage EE,0.7767363702902024
UserB,h10_mc07,Gas Boiler,0.0
UserB,h10_mc07,HP,0.0
UserB,h10_mc07,AC,0.0
UserB,h10_mc07,Storage HW,0.0
UserB,h10_mc07,Radiators,0.0
UserB,h10_mc07,Floor heating,0.0
UserB,h10_mc07,Induction stove,0.0
UserB,h10_mc07,Gas stove,0.0
UserB,h10_mc07,Gas National Grid,0.0
UserB,h11_mc07,PV sys,0.0
UserB,h11_mc07,National Grid EE,0.0
UserB,h11_mc07,Storage EE,2.0139579215782217
UserB,h11_mc07,Gas Boiler,0.0
UserB,h11_mc07,HP,0.0
UserB,h11_mc07,AC,0.0
UserB,h11_mc07,Storage HW,0.0
UserB,h11_mc07,Radiators,0.0
UserB,h11_mc07,Floor heating,0.0
UserB,h11_mc07,Induction stove,0.0
UserB,h11_mc07,Gas stove,0.0
UserB,h11_mc07,Gas National Grid,0.0
UserB,h12_mc07,PV sys,0.0
UserB,h12_mc07,National Grid EE,0.0
UserB,h12_mc07,Storage EE,2.716638051913168
UserB,h12_mc07,Gas Boiler,0.0
UserB,h12_mc07,HP,0.0
UserB,h12_mc07,AC,0.0
UserB,h12_mc07,Storage HW,0.0
UserB,h12_mc07,Radiators,0.0
UserB,h12_mc07,Floor heating,0.0
UserB,h12_mc07,Induction stove,0.0
UserB,h12_mc07,Gas stove,0.0
UserB,h12_mc07,Gas National Grid,0.0
UserB,h13_mc07,PV sys,0.0
UserB,h13_mc07,National Grid EE,0.0
UserB,h13_mc07,Storage EE,4.56220082406997
UserB,h13_mc07,Gas Boiler,0.0
UserB,h13_mc07,HP,0.0
UserB,h13_mc07,AC,0.0
UserB,h13_mc07,Storage HW,0.0
UserB,h13_mc07,Radiators,0.0
UserB,h13_mc07,Floor heating,0.0
UserB,h13_mc07,Induction stove,0.0
UserB,h13_mc07,Gas stove,0.0
UserB,h13_mc07,Gas National Grid,0.0
UserB,h14_mc07,PV sys,0.0
UserB,h14_mc07,National Grid EE,0.0
UserB,h14_mc07,Storage EE,5.397263215789013
UserB,h14_mc07,Gas Boiler,0.0
UserB,h14_mc07,HP,0.0
UserB,h14_mc07,AC,0.0
UserB,h14_mc07,Storage HW,0.0
UserB,h14_mc07,Radiators,0.0
UserB,h14_mc07,Floor heating,0.0
UserB,h14_mc07,Induction stove,0.0
UserB,h14_mc07,Gas stove,0.0
UserB,h14_mc07,Gas National Grid,0.0
UserB,h15_mc07,PV sys,0.0
UserB,h15_mc07,National Grid EE,0.0
UserB,h15_mc07,Storage EE,5.7
UserB,h15_mc07,Gas Boiler,0.0
UserB,h15_mc07,HP,0.0
UserB,h15_mc07,AC,0.0
UserB,h15_mc07,Storage HW,0.0
UserB,h15_mc07,Radiators,0.0
UserB,h15_mc07,Floor heating,0.0
UserB,h15_mc07,Induction stove,0.0
UserB,h15_mc07,Gas stove,0.0
UserB,h15_mc07,Gas National Grid,0.0
UserB,h16_mc07,PV sys,0.0
UserB,h16_mc07,National Grid EE,0.0
UserB,h16_mc07,Storage EE,5.7
UserB,h16_mc07,Gas Boiler,0.0
UserB,h16_mc07,HP,0.0
UserB,h16_mc07,AC,0.0
UserB,h16_mc07,Storage HW,0.0
UserB,h16_mc07,Radiators,0.0
UserB,h16_mc07,Floor heating,0.0
UserB,h16_mc07,Induction stove,0.0
UserB,h16_mc07,Gas stove,0.0
UserB,h16_mc07,Gas National Grid,0.0
UserB,h17_mc07,PV sys,0.0
UserB,h17_mc07,National Grid EE,0.0
UserB,h17_mc07,Storage EE,5.7
UserB,h17_mc07,Gas Boiler,0.0
UserB,h17_mc07,HP,0.0
UserB,h17_mc07,AC,0.0
UserB,h17_mc07,Storage HW,0.0
UserB,h17_mc07,Radiators,0.0
UserB,h17_mc07,Floor heating,0.0
UserB,h17_mc07,Induction stove,0.0
UserB,h17_mc07,Gas stove,0.0
UserB,h17_mc07,Gas National Grid,0.0
UserB,h18_mc07,PV sys,0.0
UserB,h18_mc07,National Grid EE,0.0
UserB,h18_mc07,Storage EE,5.7
UserB,h18_mc07,Gas Boiler,0.0
UserB,h18_mc07,HP,0.0
UserB,h18_mc07,AC,0.0
UserB,h18_mc07,Storage HW,0.0
UserB,h18_mc07,Radiators,0.0
UserB,h18_mc07,Floor heating,0.0
UserB,h18_mc07,Induction stove,0.0
UserB,h18_mc07,Gas stove,0.0
UserB,h18_mc07,Gas National Grid,0.0
UserB,h19_mc07,PV sys,0.0
UserB,h19_mc07,National Grid EE,0.0
UserB,h19_mc07,Storage EE,5.7
UserB,h19_mc07,Gas Boiler,0.0
UserB,h19_mc07,HP,0.0
UserB,h19_mc07,AC,0.0
UserB,h19_mc07,Storage HW,0.0
UserB,h19_mc07,Radiators,0.0
UserB,h19_mc07,Floor heating,0.0
UserB,h19_mc07,Induction stove,0.0
UserB,h19_mc07,Gas stove,0.0
UserB,h19_mc07,Gas National Grid,0.0
UserB,h20_mc07,PV sys,0.0
UserB,h20_mc07,National Grid EE,0.0
UserB,h20_mc07,Storage EE,5.7
UserB,h20_mc07,Gas Boiler,0.0
UserB,h20_mc07,HP,0.0
UserB,h20_mc07,AC,0.0
UserB,h20_mc07,Storage HW,0.0
UserB,h20_mc07,Radiators,0.0
UserB,h20_mc07,Floor heating,0.0
UserB,h20_mc07,Induction stove,0.0
UserB,h20_mc07,Gas stove,0.0
UserB,h20_mc07,Gas National Grid,0.0
UserB,h21_mc07,PV sys,0.0
UserB,h21_mc07,National Grid EE,0.0
UserB,h21_mc07,Storage EE,5.7
UserB,h21_mc07,Gas Boiler,0.0
UserB,h21_mc07,HP,0.0
UserB,h21_mc07,AC,0.0
UserB,h21_mc07,Storage HW,0.0
UserB,h21_mc07,Radiators,0.0
UserB,h21_mc07,Floor heating,0.0
UserB,h21_mc07,Induction stove,0.0
UserB,h21_mc07,Gas stove,0.0
UserB,h21_mc07,Gas National Grid,0.0
UserB,h22_mc07,PV sys,0.0
UserB,h22_mc07,National Grid EE,0.0
UserB,h22_mc07,Storage EE,5.7
UserB,h22_mc07,Gas Boiler,0.0
UserB,h22_mc07,HP,0.0
UserB,h22_mc07,AC,0.0
UserB,h22_mc07,Storage HW,0.0
UserB,h22_mc07,Radiators,0.0
UserB,h22_mc07,Floor heating,0.0
UserB,h22_mc07,Induction stove,0.0
UserB,h22_mc07,Gas stove,0.0
UserB,h22_mc07,Gas National Grid,0.0
UserB,h23_mc07,PV sys,0.0
UserB,h23_mc07,National Grid EE,0.0
UserB,h23_mc07,Storage EE,5.7
UserB,h23_mc07,Gas Boiler,0.0
UserB,h23_mc07,HP,0.0
UserB,h23_mc07,AC,0.0
UserB,h23_mc07,Storage HW,0.0
UserB,h23_mc07,Radiators,0.0
UserB,h23_mc07,Floor heating,0.0
UserB,h23_mc07,Induction stove,0.0
UserB,h23_mc07,Gas stove,0.0
UserB,h23_mc07,Gas National Grid,0.0
UserB,h24_mc07,PV sys,0.0
UserB,h24_mc07,National Grid EE,0.0
UserB,h24_mc07,Storage EE,5.7
UserB,h24_mc07,Gas Boiler,0.0
UserB,h24_mc07,HP,0.0
UserB,h24_mc07,AC,0.0
UserB,h24_mc07,Storage HW,0.0
UserB,h24_mc07,Radiators,0.0
UserB,h24_mc07,Floor heating,0.0
UserB,h24_mc07,Induction stove,0.0
UserB,h24_mc07,Gas stove,0.0
UserB,h24_mc07,Gas National Grid,0.0
UserB,h01_mc08,PV sys,0.0
UserB,h01_mc08,National Grid EE,0.0
UserB,h01_mc08,Storage EE,5.426543141232741
UserB,h01_mc08,Gas Boiler,0.0
UserB,h01_mc08,HP,0.0
UserB,h01_mc08,AC,0.0
UserB,h01_mc08,Storage HW,0.0
UserB,h01_mc08,Radiators,0.0
UserB,h01_mc08,Floor heating,0.0
UserB,h01_mc08,Induction stove,0.0
UserB,h01_mc08,Gas stove,0.0
UserB,h01_mc08,Gas National Grid,0.0
UserB,h02_mc08,PV sys,0.0
UserB,h02_mc08,National Grid EE,0.0
UserB,h02_mc08,Storage EE,5.426543141232741
UserB,h02_mc08,Gas Boiler,0.0
UserB,h02_mc08,HP,0.0
UserB,h02_mc08,AC,0.0
UserB,h02_mc08,Storage HW,0.0
UserB,h02_mc08,Radiators,0.0
UserB,h02_mc08,Floor heating,0.0
UserB,h02_mc08,Induction stove,0.0
UserB,h02_mc08,Gas stove,0.0
UserB,h02_mc08,Gas National Grid,0.0
UserB,h03_mc08,PV sys,0.0
UserB,h03_mc08,National Grid EE,0.0
UserB,h03_mc08,Storage EE,5.1846016705837
UserB,h03_mc08,Gas Boiler,0.0
UserB,h03_mc08,HP,0.0
UserB,h03_mc08,AC,0.0
UserB,h03_mc08,Storage HW,0.0
UserB,h03_mc08,Radiators,0.0
UserB,h03_mc08,Floor heating,0.0
UserB,h03_mc08,Induction stove,0.0
UserB,h03_mc08,Gas stove,0.0
UserB,h03_mc08,Gas National Grid,0.0
UserB,h04_mc08,PV sys,0.0
UserB,h04_mc08,National Grid EE,0.0
UserB,h04_mc08,Storage EE,5.1846016705837
UserB,h04_mc08,Gas Boiler,0.0
UserB,h04_mc08,HP,0.0
UserB,h04_mc08,AC,0.0
UserB,h04_mc08,Storage HW,0.0
UserB,h04_mc08,Radiators,0.0
UserB,h04_mc08,Floor heating,0.0
UserB,h04_mc08,Induction stove,0.0
UserB,h04_mc08,Gas stove,0.0
UserB,h04_mc08,Gas National Grid,0.0
UserB,h05_mc08,PV sys,0.0
UserB,h05_mc08,National Grid EE,0.0
UserB,h05_mc08,Storage EE,4.943311755843
UserB,h05_mc08,Gas Boiler,0.0
UserB,h05_mc08,HP,0.0
UserB,h05_mc08,AC,0.0
UserB,h05_mc08,Storage HW,0.0
UserB,h05_mc08,Radiators,0.0
UserB,h05_mc08,Floor heating,0.0
UserB,h05_mc08,Induction stove,0.0
UserB,h05_mc08,Gas stove,0.0
UserB,h05_mc08,Gas National Grid,0.0
UserB,h06_mc08,PV sys,0.0
UserB,h06_mc08,National Grid EE,0.0
UserB,h06_mc08,Storage EE,4.700719497663633
UserB,h06_mc08,Gas Boiler,0.0
UserB,h06_mc08,HP,0.0
UserB,h06_mc08,AC,0.0
UserB,h06_mc08,Storage HW,0.0
UserB,h06_mc08,Radiators,0.0
UserB,h06_mc08,Floor heating,0.0
UserB,h06_mc08,Induction stove,0.0
UserB,h06_mc08,Gas stove,0.0
UserB,h06_mc08,Gas National Grid,0.0
UserB,h07_mc08,PV sys,0.0
UserB,h07_mc08,National Grid EE,0.0
UserB,h07_mc08,Storage EE,4.700719497662896
UserB,h07_mc08,Gas Boiler,0.0
UserB,h07_mc08,HP,0.0
UserB,h07_mc08,AC,0.0
UserB,h07_mc08,Storage HW,0.0
UserB,h07_mc08,Radiators,0.0
UserB,h07_mc08,Floor heating,0.0
UserB,h07_mc08,Induction stove,0.0
UserB,h07_mc08,Gas stove,0.0
UserB,h07_mc08,Gas National Grid,0.0
UserB,h08_mc08,PV sys,0.0
UserB,h08_mc08,National Grid EE,0.0
UserB,h08_mc08,Storage EE,4.868094497669348
UserB,h08_mc08,Gas Boiler,0.0
UserB,h08_mc08,HP,0.0
UserB,h08_mc08,AC,0.0
UserB,h08_mc08,Storage HW,0.0
UserB,h08_mc08,Radiators,0.0
UserB,h08_mc08,Floor heating,0.0
UserB,h08_mc08,Induction stove,0.0
UserB,h08_mc08,Gas stove,0.0
UserB,h08_mc08,Gas National Grid,0.0
UserB,h09_mc08,PV sys,0.0
UserB,h09_mc08,National Grid EE,0.0
UserB,h09_mc08,Storage EE,5.167069497669348
UserB,h09_mc08,Gas Boiler,0.0
UserB,h09_mc08,HP,0.0
UserB,h09_mc08,AC,0.0
UserB,h09_mc08,Storage HW,0.0
UserB,h09_mc08,Radiators,0.0
UserB,h09_mc08,Floor heating,0.0
UserB,h09_mc08,Induction stove,0.0
UserB,h09_mc08,Gas stove,0.0
UserB,h09_mc08,Gas National Grid,0.0
UserB,h10_mc08,PV sys,0.0
UserB,h10_mc08,National Grid EE,0.0
UserB,h10_mc08,Storage EE,5.268584606311231
UserB,h10_mc08,Gas Boiler,0.0
UserB,h10_mc08,HP,0.0
UserB,h10_mc08,AC,0.0
UserB,h10_mc08,Storage HW,0.0
UserB,h10_mc08,Radiators,0.0
UserB,h10_mc08,Floor heating,0.0
UserB,h10_mc08,Induction stove,0.0
UserB,h10_mc08,Gas stove,0.0
UserB,h10_mc08,Gas National Grid,0.0
UserB,h11_mc08,PV sys,0.0
UserB,h11_mc08,National Grid EE,0.0
UserB,h11_mc08,Storage EE,5.611429594382857
UserB,h11_mc08,Gas Boiler,0.0
UserB,h11_mc08,HP,0.0
UserB,h11_mc08,AC,0.0
UserB,h11_mc08,Storage HW,0.0
UserB,h11_mc08,Radiators,0.0
UserB,h11_mc08,Floor heating,0.0
UserB,h11_mc08,Induction stove,0.0
UserB,h11_mc08,Gas stove,0.0
UserB,h11_mc08,Gas National Grid,0.0
UserB,h12_mc08,PV sys,0.0
UserB,h12_mc08,National Grid EE,0.0
UserB,h12_mc08,Storage EE,5.7
UserB,h12_mc08,Gas Boiler,0.0
UserB,h12_mc08,HP,0.0
UserB,h12_mc08,AC,0.0
UserB,h12_mc08,Storage HW,0.0
UserB,h12_mc08,Radiators,0.0
UserB,h12_mc08,Floor heating,0.0
UserB,h12_mc08,Induction stove,0.0
UserB,h12_mc08,Gas stove,0.0
UserB,h12_mc08,Gas National Grid,0.0
UserB,h13_mc08,PV sys,0.0
UserB,h13_mc08,National Grid EE,0.0
UserB,h13_mc08,Storage EE,5.644606480806929
UserB,h13_mc08,Gas Boiler,0.0
UserB,h13_mc08,HP,0.0
UserB,h13_mc08,AC,0.0
UserB,h13_mc08,Storage HW,0.0
UserB,h13_mc08,Radiators,0.0
UserB,h13_mc08,Floor heating,0.0
UserB,h13_mc08,Induction stove,0.0
UserB,h13_mc08,Gas stove,0.0
UserB,h13_mc08,Gas National Grid,0.0
UserB,h14_mc08,PV sys,0.0
UserB,h14_mc08,National Grid EE,0.0
UserB,h14_mc08,Storage EE,4.508983511205671
UserB,h14_mc08,Gas Boiler,0.0
UserB,h14_mc08,HP,0.0
UserB,h14_mc08,AC,0.0
UserB,h14_mc08,Storage HW,0.0
UserB,h14_mc08,Radiators,0.0
UserB,h14_mc08,Floor heating,0.0
UserB,h14_mc08,Induction stove,0.0
UserB,h14_mc08,Gas stove,0.0
UserB,h14_mc08,Gas National Grid,0.0
UserB,h15_mc08,PV sys,0.0
UserB,h15_mc08,National Grid EE,0.0
UserB,h15_mc08,Storage EE,4.5193529069287015
UserB,h15_mc08,Gas Boiler,0.0
UserB,h15_mc08,HP,0.0
UserB,h15_mc08,AC,0.0
UserB,h15_mc08,Storage HW,0.0
UserB,h15_mc08,Radiators,0.0
UserB,h15_mc08,Floor heating,0.0
UserB,h15_mc08,Induction stove,0.0
UserB,h15_mc08,Gas stove,0.0
UserB,h15_mc08,Gas National Grid,0.0
UserB,h16_mc08,PV sys,0.0
UserB,h16_mc08,National Grid EE,0.0
UserB,h16_mc08,Storage EE,4.467673238074934
UserB,h16_mc08,Gas Boiler,0.0
UserB,h16_mc08,HP,0.0
UserB,h16_mc08,AC,0.0
UserB,h16_mc08,Storage HW,0.0
UserB,h16_mc08,Radiators,0.0
UserB,h16_mc08,Floor heating,0.0
UserB,h16_mc08,Induction stove,0.0
UserB,h16_mc08,Gas stove,0.0
UserB,h16_mc08,Gas National Grid,0.0
UserB,h17_mc08,PV sys,0.0
UserB,h17_mc08,National Grid EE,0.0
UserB,h17_mc08,Storage EE,4.171177348361301
UserB,h17_mc08,Gas Boiler,0.0
UserB,h17_mc08,HP,0.0
UserB,h17_mc08,AC,0.0
UserB,h17_mc08,Storage HW,0.0
UserB,h17_mc08,Radiators,0.0
UserB,h17_mc08,Floor heating,0.0
UserB,h17_mc08,Induction stove,0.0
UserB,h17_mc08,Gas stove,0.0
UserB,h17_mc08,Gas National Grid,0.0
UserB,h18_mc08,PV sys,0.0
UserB,h18_mc08,National Grid EE,0.0
UserB,h18_mc08,Storage EE,3.8878775788423297
UserB,h18_mc08,Gas Boiler,0.0
UserB,h18_mc08,HP,0.0
UserB,h18_mc08,AC,0.0
UserB,h18_mc08,Storage HW,0.0
UserB,h18_mc08,Radiators,0.0
UserB,h18_mc08,Floor heating,0.0
UserB,h18_mc08,Induction stove,0.0
UserB,h18_mc08,Gas stove,0.0
UserB,h18_mc08,Gas National Grid,0.0
UserB,h19_mc08,PV sys,0.0
UserB,h19_mc08,National Grid EE,0.0
UserB,h19_mc08,Storage EE,3.8878775788420046
UserB,h19_mc08,Gas Boiler,0.0
UserB,h19_mc08,HP,0.0
UserB,h19_mc08,AC,0.0
UserB,h19_mc08,Storage HW,0.0
UserB,h19_mc08,Radiators,0.0
UserB,h19_mc08,Floor heating,0.0
UserB,h19_mc08,Induction stove,0.0
UserB,h19_mc08,Gas stove,0.0
UserB,h19_mc08,Gas National Grid,0.0
UserB,h20_mc08,PV sys,0.0
UserB,h20_mc08,National Grid EE,0.0
UserB,h20_mc08,Storage EE,3.488390921889314
UserB,h20_mc08,Gas Boiler,0.0
UserB,h20_mc08,HP,0.0
UserB,h20_mc08,AC,0.0
UserB,h20_mc08,Storage HW,0.0
UserB,h20_mc08,Radiators,0.0
UserB,h20_mc08,Floor heating,0.0
UserB,h20_mc08,Induction stove,0.0
UserB,h20_mc08,Gas stove,0.0
UserB,h20_mc08,Gas National Grid,0.0
UserB,h21_mc08,PV sys,0.0
UserB,h21_mc08,National Grid EE,0.0
UserB,h21_mc08,Storage EE,2.9219977272707545
UserB,h21_mc08,Gas Boiler,0.0
UserB,h21_mc08,HP,0.0
UserB,h21_mc08,AC,0.0
UserB,h21_mc08,Storage HW,0.0
UserB,h21_mc08,Radiators,0.0
UserB,h21_mc08,Floor heating,0.0
UserB,h21_mc08,Induction stove,0.0
UserB,h21_mc08,Gas stove,0.0
UserB,h21_mc08,Gas National Grid,0.0
UserB,h22_mc08,PV sys,0.0
UserB,h22_mc08,National Grid EE,0.0
UserB,h22_mc08,Storage EE,2.215355361130871
UserB,h22_mc08,Gas Boiler,0.0
UserB,h22_mc08,HP,0.0
UserB,h22_mc08,AC,0.0
UserB,h22_mc08,Storage HW,0.0
UserB,h22_mc08,Radiators,0.0
UserB,h22_mc08,Floor heating,0.0
UserB,h22_mc08,Induction stove,0.0
UserB,h22_mc08,Gas stove,0.0
UserB,h22_mc08,Gas National Grid,0.0
UserB,h23_mc08,PV sys,0.0
UserB,h23_mc08,National Grid EE,0.0
UserB,h23_mc08,Storage EE,2.2153553611347636
UserB,h23_mc08,Gas Boiler,0.0
UserB,h23_mc08,HP,0.0
UserB,h23_mc08,AC,0.0
UserB,h23_mc08,Storage HW,0.0
UserB,h23_mc08,Radiators,0.0
UserB,h23_mc08,Floor heating,0.0
UserB,h23_mc08,Induction stove,0.0
UserB,h23_mc08,Gas stove,0.0
UserB,h23_mc08,Gas National Grid,0.0
UserB,h24_mc08,PV sys,0.0
UserB,h24_mc08,National Grid EE,0.0
UserB,h24_mc08,Storage EE,0.6
UserB,h24_mc08,Gas Boiler,0.0
UserB,h24_mc08,HP,0.0
UserB,h24_mc08,AC,0.0
UserB,h24_mc08,Storage HW,0.0
UserB,h24_mc08,Radiators,0.0
UserB,h24_mc08,Floor heating,0.0
UserB,h24_mc08,Induction stove,0.0
UserB,h24_mc08,Gas stove,0.0
UserB,h24_mc08,Gas National Grid,0.0
UserB,h01_mc09,PV sys,0.0
UserB,h01_mc09,National Grid EE,0.0
UserB,h01_mc09,Storage EE,0.6
UserB,h01_mc09,Gas Boiler,0.0
UserB,h01_mc09,HP,0.0
UserB,h01_mc09,AC,0.0
UserB,h01_mc09,Storage HW,0.0
UserB,h01_mc09,Radiators,0.0
UserB,h01_mc09,Floor heating,0.0
UserB,h01_mc09,Induction stove,0.0
UserB,h01_mc09,Gas stove,0.0
UserB,h01_mc09,Gas National Grid,0.0
UserB,h02_mc09,PV sys,0.0
UserB,h02_mc09,National Grid EE,0.0
UserB,h02_mc09,Storage EE,0.6
UserB,h02_mc09,Gas Boiler,0.0
UserB,h02_mc09,HP,0.0
UserB,h02_mc09,AC,0.0
UserB,h02_mc09,Storage HW,0.0
UserB,h02_mc09,Radiators,0.0
UserB,h02_mc09,Floor heating,0.0
UserB,h02_mc09,Induction stove,0.0
UserB,h02_mc09,Gas stove,0.0
UserB,h02_mc09,Gas National Grid,0.0
UserB,h03_mc09,PV sys,0.0
UserB,h03_mc09,National Grid EE,0.0
UserB,h03_mc09,Storage EE,0.6
UserB,h03_mc09,Gas Boiler,0.0
UserB,h03_mc09,HP,0.0
UserB,h03_mc09,AC,0.0
UserB,h03_mc09,Storage HW,0.0
UserB,h03_mc09,Radiators,0.0
UserB,h03_mc09,Floor heating,0.0
UserB,h03_mc09,Induction stove,0.0
UserB,h03_mc09,Gas stove,0.0
UserB,h03_mc09,Gas National Grid,0.0
UserB,h04_mc09,PV sys,0.0
UserB,h04_mc09,National Grid EE,0.0
UserB,h04_mc09,Storage EE,0.6
UserB,h04_mc09,Gas Boiler,0.0
UserB,h04_mc09,HP,0.0
UserB,h04_mc09,AC,0.0
UserB,h04_mc09,Storage HW,0.0
UserB,h04_mc09,Radiators,0.0
UserB,h04_mc09,Floor heating,0.0
UserB,h04_mc09,Induction stove,0.0
UserB,h04_mc09,Gas stove,0.0
UserB,h04_mc09,Gas National Grid,0.0
UserB,h05_mc09,PV sys,0.0
UserB,h05_mc09,National Grid EE,0.0
UserB,h05_mc09,Storage EE,0.6
UserB,h05_mc09,Gas Boiler,0.0
UserB,h05_mc09,HP,0.0
UserB,h05_mc09,AC,0.0
UserB,h05_mc09,Storage HW,0.0
UserB,h05_mc09,Radiators,0.0
UserB,h05_mc09,Floor heating,0.0
UserB,h05_mc09,Induction stove,0.0
UserB,h05_mc09,Gas stove,0.0
UserB,h05_mc09,Gas National Grid,0.0
UserB,h06_mc09,PV sys,0.0
UserB,h06_mc09,National Grid EE,0.0
UserB,h06_mc09,Storage EE,0.6
UserB,h06_mc09,Gas Boiler,0.0
UserB,h06_mc09,HP,0.0
UserB,h06_mc09,AC,0.0
UserB,h06_mc09,Storage HW,0.0
UserB,h06_mc09,Radiators,0.0
UserB,h06_mc09,Floor heating,0.0
UserB,h06_mc09,Induction stove,0.0
UserB,h06_mc09,Gas stove,0.0
UserB,h06_mc09,Gas National Grid,0.0
UserB,h07_mc09,PV sys,0.0
UserB,h07_mc09,National Grid EE,0.0
UserB,h07_mc09,Storage EE,0.8391932420731041
UserB,h07_mc09,Gas Boiler,0.0
UserB,h07_mc09,HP,0.0
UserB,h07_mc09,AC,0.0
UserB,h07_mc09,Storage HW,0.0
UserB,h07_mc09,Radiators,0.0
UserB,h07_mc09,Floor heating,0.0
UserB,h07_mc09,Induction stove,0.0
UserB,h07_mc09,Gas stove,0.0
UserB,h07_mc09,Gas National Grid,0.0
UserB,h08_mc09,PV sys,0.0
UserB,h08_mc09,National Grid EE,0.0
UserB,h08_mc09,Storage EE,0.6
UserB,h08_mc09,Gas Boiler,0.0
UserB,h08_mc09,HP,0.0
UserB,h08_mc09,AC,0.0
UserB,h08_mc09,Storage HW,0.0
UserB,h08_mc09,Radiators,0.0
UserB,h08_mc09,Floor heating,0.0
UserB,h08_mc09,Induction stove,0.0
UserB,h08_mc09,Gas stove,0.0
UserB,h08_mc09,Gas National Grid,0.0
UserB,h09_mc09,PV sys,0.0
UserB,h09_mc09,National Grid EE,0.0
UserB,h09_mc09,Storage EE,0.9762104431493921
UserB,h09_mc09,Gas Boiler,0.0
UserB,h09_mc09,HP,0.0
UserB,h09_mc09,AC,0.0
UserB,h09_mc09,Storage HW,0.0
UserB,h09_mc09,Radiators,0.0
UserB,h09_mc09,Floor heating,0.0
UserB,h09_mc09,Induction stove,0.0
UserB,h09_mc09,Gas stove,0.0
UserB,h09_mc09,Gas National Grid,0.0
UserB,h10_mc09,PV sys,0.0
UserB,h10_mc09,National Grid EE,0.0
UserB,h10_mc09,Storage EE,2.191925489305205
UserB,h10_mc09,Gas Boiler,0.0
UserB,h10_mc09,HP,0.0
UserB,h10_mc09,AC,0.0
UserB,h10_mc09,Storage HW,0.0
UserB,h10_mc09,Radiators,0.0
UserB,h10_mc09,Floor heating,0.0
UserB,h10_mc09,Induction stove,0.0
UserB,h10_mc09,Gas stove,0.0
UserB,h10_mc09,Gas National Grid,0.0
UserB,h11_mc09,PV sys,0.0
UserB,h11_mc09,National Grid EE,0.0
UserB,h11_mc09,Storage EE,4.219429141454702
UserB,h11_mc09,Gas Boiler,0.0
UserB,h11_mc09,HP,0.0
UserB,h11_mc09,AC,0.0
UserB,h11_mc09,Storage HW,0.0
UserB,h11_mc09,Radiators,0.0
UserB,h11_mc09,Floor heating,0.0
UserB,h11_mc09,Induction stove,0.0
UserB,h11_mc09,Gas stove,0.0
UserB,h11_mc09,Gas National Grid,0.0
UserB,h12_mc09,PV sys,0.0
UserB,h12_mc09,National Grid EE,0.0
UserB,h12_mc09,Storage EE,5.493675364631744
UserB,h12_mc09,Gas Boiler,0.0
UserB,h12_mc09,HP,0.0
UserB,h12_mc09,AC,0.0
UserB,h12_mc09,Storage HW,0.0
UserB,h12_mc09,Radiators,0.0
UserB,h12_mc09,Floor heating,0.0
UserB,h12_mc09,Induction stove,0.0
UserB,h12_mc09,Gas stove,0.0
UserB,h12_mc09,Gas National Grid,0.0
UserB,h13_mc09,PV sys,0.0
UserB,h13_mc09,National Grid EE,0.0
UserB,h13_mc09,Storage EE,4.791275436103697
UserB,h13_mc09,Gas Boiler,0.0
UserB,h13_mc09,HP,0.0
UserB,h13_mc09,AC,0.0
UserB,h13_mc09,Storage HW,0.0
UserB,h13_mc09,Radiators,0.0
UserB,h13_mc09,Floor heating,0.0
UserB,h13_mc09,Induction stove,0.0
UserB,h13_mc09,Gas stove,0.0
UserB,h13_mc09,Gas National Grid,0.0
UserB,h14_mc09,PV sys,0.0
UserB,h14_mc09,National Grid EE,0.0
UserB,h14_mc09,Storage EE,3.8060769779554597
UserB,h14_mc09,Gas Boiler,0.0
UserB,h14_mc09,HP,0.0
UserB,h14_mc09,AC,0.0
UserB,h14_mc09,Storage HW,0.0
UserB,h14_mc09,Radiators,0.0
UserB,h14_mc09,Floor heating,0.0
UserB,h14_mc09,Induction stove,0.0
UserB,h14_mc09,Gas stove,0.0
UserB,h14_mc09,Gas National Grid,0.0
UserB,h15_mc09,PV sys,0.0
UserB,h15_mc09,National Grid EE,0.0
UserB,h15_mc09,Storage EE,5.186594921148651
UserB,h15_mc09,Gas Boiler,0.0
UserB,h15_mc09,HP,0.0
UserB,h15_mc09,AC,0.0
UserB,h15_mc09,Storage HW,0.0
UserB,h15_mc09,Radiators,0.0
UserB,h15_mc09,Floor heating,0.0
UserB,h15_mc09,Induction stove,0.0
UserB,h15_mc09,Gas stove,0.0
UserB,h15_mc09,Gas National Grid,0.0
UserB,h16_mc09,PV sys,0.0
UserB,h16_mc09,National Grid EE,0.0
UserB,h16_mc09,Storage EE,5.7
UserB,h16_mc09,Gas Boiler,0.0
UserB,h16_mc09,HP,0.0
UserB,h16_mc09,AC,0.0
UserB,h16_mc09,Storage HW,0.0
UserB,h16_mc09,Radiators,0.0
UserB,h16_mc09,Floor heating,0.0
UserB,h16_mc09,Induction stove,0.0
UserB,h16_mc09,Gas stove,0.0
UserB,h16_mc09,Gas National Grid,0.0
UserB,h17_mc09,PV sys,0.0
UserB,h17_mc09,National Grid EE,0.0
UserB,h17_mc09,Storage EE,5.161328386330713
UserB,h17_mc09,Gas Boiler,0.0
UserB,h17_mc09,HP,0.0
UserB,h17_mc09,AC,0.0
UserB,h17_mc09,Storage HW,0.0
UserB,h17_mc09,Radiators,0.0
UserB,h17_mc09,Floor heating,0.0
UserB,h17_mc09,Induction stove,0.0
UserB,h17_mc09,Gas stove,0.0
UserB,h17_mc09,Gas National Grid,0.0
UserB,h18_mc09,PV sys,0.0
UserB,h18_mc09,National Grid EE,0.0
UserB,h18_mc09,Storage EE,5.137468435813151
UserB,h18_mc09,Gas Boiler,0.0
UserB,h18_mc09,HP,0.0
UserB,h18_mc09,AC,0.0
UserB,h18_mc09,Storage HW,0.0
UserB,h18_mc09,Radiators,0.0
UserB,h18_mc09,Floor heating,0.0
UserB,h18_mc09,Induction stove,0.0
UserB,h18_mc09,Gas stove,0.0
UserB,h18_mc09,Gas National Grid,0.0
UserB,h19_mc09,PV sys,0.0
UserB,h19_mc09,National Grid EE,0.0
UserB,h19_mc09,Storage EE,4.888586239375712
UserB,h19_mc09,Gas Boiler,0.0
UserB,h19_mc09,HP,0.0
UserB,h19_mc09,AC,0.0
UserB,h19_mc09,Storage HW,0.0
UserB,h19_mc09,Radiators,0.0
UserB,h19_mc09,Floor heating,0.0
UserB,h19_mc09,Induction stove,0.0
UserB,h19_mc09,Gas stove,0.0
UserB,h19_mc09,Gas National Grid,0.0
UserB,h20_mc09,PV sys,0.0
UserB,h20_mc09,National Grid EE,0.0
UserB,h20_mc09,Storage EE,2.8100085657975358
UserB,h20_mc09,Gas Boiler,0.0
UserB,h20_mc09,HP,0.0
UserB,h20_mc09,AC,0.0
UserB,h20_mc09,Storage HW,0.0
UserB,h20_mc09,Radiators,0.0
UserB,h20_mc09,Floor heating,0.0
UserB,h20_mc09,Induction stove,0.0
UserB,h20_mc09,Gas stove,0.0
UserB,h20_mc09,Gas National Grid,0.0
UserB,h21_mc09,PV sys,0.0
UserB,h21_mc09,National Grid EE,0.0
UserB,h21_mc09,Storage EE,2.114300717453692
UserB,h21_mc09,Gas Boiler,0.0
UserB,h21_mc09,HP,0.0
UserB,h21_mc09,AC,0.0
UserB,h21_mc09,Storage HW,0.0
UserB,h21_mc09,Radiators,0.0
UserB,h21_mc09,Floor heating,0.0
UserB,h21_mc09,Induction stove,0.0
UserB,h21_mc09,Gas stove,0.0
UserB,h21_mc09,Gas National Grid,0.0
UserB,h22_mc09,PV sys,0.0
UserB,h22_mc09,National Grid EE,0.0
UserB,h22_mc09,Storage EE,1.6059573867643084
UserB,h22_mc09,Gas Boiler,0.0
UserB,h22_mc09,HP,0.0
UserB,h22_mc09,AC,0.0
UserB,h22_mc09,Storage HW,0.0
UserB,h22_mc09,Radiators,0.0
UserB,h22_mc09,Floor heating,0.0
UserB,h22_mc09,Induction stove,0.0
UserB,h22_mc09,Gas stove,0.0
UserB,h22_mc09,Gas National Grid,0.0
UserB,h23_mc09,PV sys,0.0
UserB,h23_mc09,National Grid EE,0.0
UserB,h23_mc09,Storage EE,0.9755249800957527
UserB,h23_mc09,Gas Boiler,0.0
UserB,h23_mc09,HP,0.0
UserB,h23_mc09,AC,0.0
UserB,h23_mc09,Storage HW,0.0
UserB,h23_mc09,Radiators,0.0
UserB,h23_mc09,Floor heating,0.0
UserB,h23_mc09,Induction stove,0.0
UserB,h23_mc09,Gas stove,0.0
UserB,h23_mc09,Gas National Grid,0.0
UserB,h24_mc09,PV sys,0.0
UserB,h24_mc09,National Grid EE,0.0
UserB,h24_mc09,Storage EE,0.6
UserB,h24_mc09,Gas Boiler,0.0
UserB,h24_mc09,HP,0.0
UserB,h24_mc09,AC,0.0
UserB,h24_mc09,Storage HW,0.0
UserB,h24_mc09,Radiators,0.0
UserB,h24_mc09,Floor heating,0.0
UserB,h24_mc09,Induction stove,0.0
UserB,h24_mc09,Gas stove,0.0
UserB,h24_mc09,Gas National Grid,0.0
UserB,h01_mc10,PV sys,0.0
UserB,h01_mc10,National Grid EE,0.0
UserB,h01_mc10,Storage EE,0.6
UserB,h01_mc10,Gas Boiler,0.0
UserB,h01_mc10,HP,0.0
UserB,h01_mc10,AC,0.0
UserB,h01_mc10,Storage HW,0.0
UserB,h01_mc10,Radiators,0.0
UserB,h01_mc10,Floor heating,0.0
UserB,h01_mc10,Induction stove,0.0
UserB,h01_mc10,Gas stove,0.0
UserB,h01_mc10,Gas National Grid,0.0
UserB,h02_mc10,PV sys,0.0
UserB,h02_mc10,National Grid EE,0.0
UserB,h02_mc10,Storage EE,0.6
UserB,h02_mc10,Gas Boiler,0.0
UserB,h02_mc10,HP,0.0
UserB,h02_mc10,AC,0.0
UserB,h02_mc10,Storage HW,0.0
UserB,h02_mc10,Radiators,0.0
UserB,h02_mc10,Floor heating,0.0
UserB,h02_mc10,Induction stove,0.0
UserB,h02_mc10,Gas stove,0.0
UserB,h02_mc10,Gas National Grid,0.0
UserB,h03_mc10,PV sys,0.0
UserB,h03_mc10,National Grid EE,0.0
UserB,h03_mc10,Storage EE,0.6
UserB,h03_mc10,Gas Boiler,0.0
UserB,h03_mc10,HP,0.0
UserB,h03_mc10,AC,0.0
UserB,h03_mc10,Storage HW,0.0
UserB,h03_mc10,Radiators,0.0
UserB,h03_mc10,Floor heating,0.0
UserB,h03_mc10,Induction stove,0.0
UserB,h03_mc10,Gas stove,0.0
UserB,h03_mc10,Gas National Grid,0.0
UserB,h04_mc10,PV sys,0.0
UserB,h04_mc10,National Grid EE,0.0
UserB,h04_mc10,Storage EE,0.6
UserB,h04_mc10,Gas Boiler,0.0
UserB,h04_mc10,HP,0.0
UserB,h04_mc10,AC,0.0
UserB,h04_mc10,Storage HW,0.0
UserB,h04_mc10,Radiators,0.0
UserB,h04_mc10,Floor heating,0.0
UserB,h04_mc10,Induction stove,0.0
UserB,h04_mc10,Gas stove,0.0
UserB,h04_mc10,Gas National Grid,0.0
UserB,h05_mc10,PV sys,0.0
UserB,h05_mc10,National Grid EE,0.0
UserB,h05_mc10,Storage EE,0.6
UserB,h05_mc10,Gas Boiler,0.0
UserB,h05_mc10,HP,0.0
UserB,h05_mc10,AC,0.0
UserB,h05_mc10,Storage HW,0.0
UserB,h05_mc10,Radiators,0.0
UserB,h05_mc10,Floor heating,0.0
UserB,h05_mc10,Induction stove,0.0
UserB,h05_mc10,Gas stove,0.0
UserB,h05_mc10,Gas National Grid,0.0
UserB,h06_mc10,PV sys,0.0
UserB,h06_mc10,National Grid EE,0.0
UserB,h06_mc10,Storage EE,0.6
UserB,h06_mc10,Gas Boiler,0.0
UserB,h06_mc10,HP,0.0
UserB,h06_mc10,AC,0.0
UserB,h06_mc10,Storage HW,0.0
UserB,h06_mc10,Radiators,0.0
UserB,h06_mc10,Floor heating,0.0
UserB,h06_mc10,Induction stove,0.0
UserB,h06_mc10,Gas stove,0.0
UserB,h06_mc10,Gas National Grid,0.0
UserB,h07_mc10,PV sys,0.0
UserB,h07_mc10,National Grid EE,0.0
UserB,h07_mc10,Storage EE,0.6133471521439048
UserB,h07_mc10,Gas Boiler,0.0
UserB,h07_mc10,HP,0.0
UserB,h07_mc10,AC,0.0
UserB,h07_mc10,Storage HW,0.0
UserB,h07_mc10,Radiators,0.0
UserB,h07_mc10,Floor heating,0.0
UserB,h07_mc10,Induction stove,0.0
UserB,h07_mc10,Gas stove,0.0
UserB,h07_mc10,Gas National Grid,0.0
UserB,h08_mc10,PV sys,0.0
UserB,h08_mc10,National Grid EE,0.0
UserB,h08_mc10,Storage EE,0.6
UserB,h08_mc10,Gas Boiler,0.0
UserB,h08_mc10,HP,0.0
UserB,h08_mc10,AC,0.0
UserB,h08_mc10,Storage HW,0.0
UserB,h08_mc10,Radiators,0.0
UserB,h08_mc10,Floor heating,0.0
UserB,h08_mc10,Induction stove,0.0
UserB,h08_mc10,Gas stove,0.0
UserB,h08_mc10,Gas National Grid,0.0
UserB,h09_mc10,PV sys,0.0
UserB,h09_mc10,National Grid EE,0.0
UserB,h09_mc10,Storage EE,0.7505641016513245
UserB,h09_mc10,Gas Boiler,0.0
UserB,h09_mc10,HP,0.0
UserB,h09_mc10,AC,0.0
UserB,h09_mc10,Storage HW,0.0
UserB,h09_mc10,Radiators,0.0
UserB,h09_mc10,Floor heating,0.0
UserB,h09_mc10,Induction stove,0.0
UserB,h09_mc10,Gas stove,0.0
UserB,h09_mc10,Gas National Grid,0.0
UserB,h10_mc10,PV sys,0.0
UserB,h10_mc10,National Grid EE,0.0
UserB,h10_mc10,Storage EE,0.6
UserB,h10_mc10,Gas Boiler,0.0
UserB,h10_mc10,HP,0.0
UserB,h10_mc10,AC,0.0
UserB,h10_mc10,Storage HW,0.0
UserB,h10_mc10,Radiators,0.0
UserB,h10_mc10,Floor heating,0.0
UserB,h10_mc10,Induction stove,0.0
UserB,h10_mc10,Gas stove,0.0
UserB,h10_mc10,Gas National Grid,0.0
UserB,h11_mc10,PV sys,0.0
UserB,h11_mc10,National Grid EE,0.0
UserB,h11_mc10,Storage EE,0.6
UserB,h11_mc10,Gas Boiler,0.0
UserB,h11_mc10,HP,0.0
UserB,h11_mc10,AC,0.0
UserB,h11_mc10,Storage HW,0.0
UserB,h11_mc10,Radiators,0.0
UserB,h11_mc10,Floor heating,0.0
UserB,h11_mc10,Induction stove,0.0
UserB,h11_mc10,Gas stove,0.0
UserB,h11_mc10,Gas National Grid,0.0
UserB,h12_mc10,PV sys,0.0
UserB,h12_mc10,National Grid EE,0.0
UserB,h12_mc10,Storage EE,2.816137365120731
UserB,h12_mc10,Gas Boiler,0.0
UserB,h12_mc10,HP,0.0
UserB,h12_mc10,AC,0.0
UserB,h12_mc10,Storage HW,0.0
UserB,h12_mc10,Radiators,0.0
UserB,h12_mc10,Floor heating,0.0
UserB,h12_mc10,Induction stove,0.0
UserB,h12_mc10,Gas stove,0.0
UserB,h12_mc10,Gas National Grid,0.0
UserB,h13_mc10,PV sys,0.0
UserB,h13_mc10,National Grid EE,0.0
UserB,h13_mc10,Storage EE,5.092577101795179
UserB,h13_mc10,Gas Boiler,0.0
UserB,h13_mc10,HP,0.0
UserB,h13_mc10,AC,0.0
UserB,h13_mc10,Storage HW,0.0
UserB,h13_mc10,Radiators,0.0
UserB,h13_mc10,Floor heating,0.0
UserB,h13_mc10,Induction stove,0.0
UserB,h13_mc10,Gas stove,0.0
UserB,h13_mc10,Gas National Grid,0.0
UserB,h14_mc10,PV sys,0.0
UserB,h14_mc10,National Grid EE,0.0
UserB,h14_mc10,Storage EE,4.057579331850412
UserB,h14_mc10,Gas Boiler,0.0
UserB,h14_mc10,HP,0.0
UserB,h14_mc10,AC,0.0
UserB,h14_mc10,Storage HW,0.0
UserB,h14_mc10,Radiators,0.0
UserB,h14_mc10,Floor heating,0.0
UserB,h14_mc10,Induction stove,0.0
UserB,h14_mc10,Gas stove,0.0
UserB,h14_mc10,Gas National Grid,0.0
UserB,h15_mc10,PV sys,0.0
UserB,h15_mc10,National Grid EE,0.0
UserB,h15_mc10,Storage EE,5.376089335104498
UserB,h15_mc10,Gas Boiler,0.0
UserB,h15_mc10,HP,0.0
UserB,h15_mc10,AC,0.0
UserB,h15_mc10,Storage HW,0.0
UserB,h15_mc10,Radiators,0.0
UserB,h15_mc10,Floor heating,0.0
UserB,h15_mc10,Induction stove,0.0
UserB,h15_mc10,Gas stove,0.0
UserB,h15_mc10,Gas National Grid,0.0
UserB,h16_mc10,PV sys,0.0
UserB,h16_mc10,National Grid EE,0.0
UserB,h16_mc10,Storage EE,5.7
UserB,h16_mc10,Gas Boiler,0.0
UserB,h16_mc10,HP,0.0
UserB,h16_mc10,AC,0.0
UserB,h16_mc10,Storage HW,0.0
UserB,h16_mc10,Radiators,0.0
UserB,h16_mc10,Floor heating,0.0
UserB,h16_mc10,Induction stove,0.0
UserB,h16_mc10,Gas stove,0.0
UserB,h16_mc10,Gas National Grid,0.0
UserB,h17_mc10,PV sys,0.0
UserB,h17_mc10,National Grid EE,0.0
UserB,h17_mc10,Storage EE,5.7
UserB,h17_mc10,Gas Boiler,0.0
UserB,h17_mc10,HP,0.0
UserB,h17_mc10,AC,0.0
UserB,h17_mc10,Storage HW,0.0
UserB,h17_mc10,Radiators,0.0
UserB,h17_mc10,Floor heating,0.0
UserB,h17_mc10,Induction stove,0.0
UserB,h17_mc10,Gas stove,0.0
UserB,h17_mc10,Gas National Grid,0.0
UserB,h18_mc10,PV sys,0.0
UserB,h18_mc10,National Grid EE,0.0
UserB,h18_mc10,Storage EE,5.7
UserB,h18_mc10,Gas Boiler,0.0
UserB,h18_mc10,HP,0.0
UserB,h18_mc10,AC,0.0
UserB,h18_mc10,Storage HW,0.0
UserB,h18_mc10,Radiators,0.0
UserB,h18_mc10,Floor heating,0.0
UserB,h18_mc10,Induction stove,0.0
UserB,h18_mc10,Gas stove,0.0
UserB,h18_mc10,Gas National Grid,0.0
UserB,h19_mc10,PV sys,0.0
UserB,h19_mc10,National Grid EE,0.0
UserB,h19_mc10,Storage EE,5.7
UserB,h19_mc10,Gas Boiler,0.0
UserB,h19_mc10,HP,0.0
UserB,h19_mc10,AC,0.0
UserB,h19_mc10,Storage HW,0.0
UserB,h19_mc10,Radiators,0.0
UserB,h19_mc10,Floor heating,0.0
UserB,h19_mc10,Induction stove,0.0
UserB,h19_mc10,Gas stove,0.0
UserB,h19_mc10,Gas National Grid,0.0
UserB,h20_mc10,PV sys,0.0
UserB,h20_mc10,National Grid EE,0.0
UserB,h20_mc10,Storage EE,5.7
UserB,h20_mc10,Gas Boiler,0.0
UserB,h20_mc10,HP,0.0
UserB,h20_mc10,AC,0.0
UserB,h20_mc10,Storage HW,0.0
UserB,h20_mc10,Radiators,0.0
UserB,h20_mc10,Floor heating,0.0
UserB,h20_mc10,Induction stove,0.0
UserB,h20_mc10,Gas stove,0.0
UserB,h20_mc10,Gas National Grid,0.0
UserB,h21_mc10,PV sys,0.0
UserB,h21_mc10,National Grid EE,0.0
UserB,h21_mc10,Storage EE,5.7
UserB,h21_mc10,Gas Boiler,0.0
UserB,h21_mc10,HP,0.0
UserB,h21_mc10,AC,0.0
UserB,h21_mc10,Storage HW,0.0
UserB,h21_mc10,Radiators,0.0
UserB,h21_mc10,Floor heating,0.0
UserB,h21_mc10,Induction stove,0.0
UserB,h21_mc10,Gas stove,0.0
UserB,h21_mc10,Gas National Grid,0.0
UserB,h22_mc10,PV sys,0.0
UserB,h22_mc10,National Grid EE,0.0
UserB,h22_mc10,Storage EE,5.7
UserB,h22_mc10,Gas Boiler,0.0
UserB,h22_mc10,HP,0.0
UserB,h22_mc10,AC,0.0
UserB,h22_mc10,Storage HW,0.0
UserB,h22_mc10,Radiators,0.0
UserB,h22_mc10,Floor heating,0.0
UserB,h22_mc10,Induction stove,0.0
UserB,h22_mc10,Gas stove,0.0
UserB,h22_mc10,Gas National Grid,0.0
UserB,h23_mc10,PV sys,0.0
UserB,h23_mc10,National Grid EE,0.0
UserB,h23_mc10,Storage EE,5.7
UserB,h23_mc10,Gas Boiler,0.0
UserB,h23_mc10,HP,0.0
UserB,h23_mc10,AC,0.0
UserB,h23_mc10,Storage HW,0.0
UserB,h23_mc10,Radiators,0.0
UserB,h23_mc10,Floor heating,0.0
UserB,h23_mc10,Induction stove,0.0
UserB,h23_mc10,Gas stove,0.0
UserB,h23_mc10,Gas National Grid,0.0
UserB,h24_mc10,PV sys,0.0
UserB,h24_mc10,National Grid EE,0.0
UserB,h24_mc10,Storage EE,5.7
UserB,h24_mc10,Gas Boiler,0.0
UserB,h24_mc10,HP,0.0
UserB,h24_mc10,AC,0.0
UserB,h24_mc10,Storage HW,0.0
UserB,h24_mc10,Radiators,0.0
UserB,h24_mc10,Floor heating,0.0
UserB,h24_mc10,Induction stove,0.0
UserB,h24_mc10,Gas stove,0.0
UserB,h24_mc10,Gas National Grid,0.0
UserB,h01_mc11,PV sys,0.0
UserB,h01_mc11,National Grid EE,0.0
UserB,h01_mc11,Storage EE,5.401352385569191
UserB,h01_mc11,Gas Boiler,0.0
UserB,h01_mc11,HP,0.0
UserB,h01_mc11,AC,0.0
UserB,h01_mc11,Storage HW,0.0
UserB,h01_mc11,Radiators,0.0
UserB,h01_mc11,Floor heating,0.0
UserB,h01_mc11,Induction stove,0.0
UserB,h01_mc11,Gas stove,0.0
UserB,h01_mc11,Gas National Grid,0.0
UserB,h02_mc11,PV sys,0.0
UserB,h02_mc11,National Grid EE,0.0
UserB,h02_mc11,Storage EE,5.401352385569199
UserB,h02_mc11,Gas Boiler,0.0
UserB,h02_mc11,HP,0.0
UserB,h02_mc11,AC,0.0
UserB,h02_mc11,Storage HW,0.0
UserB,h02_mc11,Radiators,0.0
UserB,h02_mc11,Floor heating,0.0
UserB,h02_mc11,Induction stove,0.0
UserB,h02_mc11,Gas stove,0.0
UserB,h02_mc11,Gas National Grid,0.0
UserB,h03_mc11,PV sys,0.0
UserB,h03_mc11,National Grid EE,0.0
UserB,h03_mc11,Storage EE,5.183982971427613
UserB,h03_mc11,Gas Boiler,0.0
UserB,h03_mc11,HP,0.0
UserB,h03_mc11,AC,0.0
UserB,h03_mc11,Storage HW,0.0
UserB,h03_mc11,Radiators,0.0
UserB,h03_mc11,Floor heating,0.0
UserB,h03_mc11,Induction stove,0.0
UserB,h03_mc11,Gas stove,0.0
UserB,h03_mc11,Gas National Grid,0.0
UserB,h04_mc11,PV sys,0.0
UserB,h04_mc11,National Grid EE,0.0
UserB,h04_mc11,Storage EE,5.183982971427606
UserB,h04_mc11,Gas Boiler,0.0
UserB,h04_mc11,HP,0.0
UserB,h04_mc11,AC,0.0
UserB,h04_mc11,Storage HW,0.0
UserB,h04_mc11,Radiators,0.0
UserB,h04_mc11,Floor heating,0.0
UserB,h04_mc11,Induction stove,0.0
UserB,h04_mc11,Gas stove,0.0
UserB,h04_mc11,Gas National Grid,0.0
UserB,h05_mc11,PV sys,0.0
UserB,h05_mc11,National Grid EE,0.0
UserB,h05_mc11,Storage EE,4.960366514873595
UserB,h05_mc11,Gas Boiler,0.0
UserB,h05_mc11,HP,0.0
UserB,h05_mc11,AC,0.0
UserB,h05_mc11,Storage HW,0.0
UserB,h05_mc11,Radiators,0.0
UserB,h05_mc11,Floor heating,0.0
UserB,h05_mc11,Induction stove,0.0
UserB,h05_mc11,Gas stove,0.0
UserB,h05_mc11,Gas National Grid,0.0
UserB,h06_mc11,PV sys,0.0
UserB,h06_mc11,National Grid EE,0.0
UserB,h06_mc11,Storage EE,4.960366514873595
UserB,h06_mc11,Gas Boiler,0.0
UserB,h06_mc11,HP,0.0
UserB,h06_mc11,AC,0.0
UserB,h06_mc11,Storage HW,0.0
UserB,h06_mc11,Radiators,0.0
UserB,h06_mc11,Floor heating,0.0
UserB,h06_mc11,Induction stove,0.0
UserB,h06_mc11,Gas stove,0.0
UserB,h06_mc11,Gas National Grid,0.0
UserB,h07_mc11,PV sys,0.0
UserB,h07_mc11,National Grid EE,0.0
UserB,h07_mc11,Storage EE,4.960366514873595
UserB,h07_mc11,Gas Boiler,0.0
UserB,h07_mc11,HP,0.0
UserB,h07_mc11,AC,0.0
UserB,h07_mc11,Storage HW,0.0
UserB,h07_mc11,Radiators,0.0
UserB,h07_mc11,Floor heating,0.0
UserB,h07_mc11,Induction stove,0.0
UserB,h07_mc11,Gas stove,0.0
UserB,h07_mc11,Gas National Grid,0.0
UserB,h08_mc11,PV sys,0.0
UserB,h08_mc11,National Grid EE,0.0
UserB,h08_mc11,Storage EE,4.539757876187317
UserB,h08_mc11,Gas Boiler,0.0
UserB,h08_mc11,HP,0.0
UserB,h08_mc11,AC,0.0
UserB,h08_mc11,Storage HW,0.0
UserB,h08_mc11,Radiators,0.0
UserB,h08_mc11,Floor heating,0.0
UserB,h08_mc11,Induction stove,0.0
UserB,h08_mc11,Gas stove,0.0
UserB,h08_mc11,Gas National Grid,0.0
UserB,h09_mc11,PV sys,0.0
UserB,h09_mc11,National Grid EE,0.0
UserB,h09_mc11,Storage EE,4.022154055935825
UserB,h09_mc11,Gas Boiler,0.0
UserB,h09_mc11,HP,0.0
UserB,h09_mc11,AC,0.0
UserB,h09_mc11,Storage HW,0.0
UserB,h09_mc11,Radiators,0.0
UserB,h09_mc11,Floor heating,0.0
UserB,h09_mc11,Induction stove,0.0
UserB,h09_mc11,Gas stove,0.0
UserB,h09_mc11,Gas National Grid,0.0
UserB,h10_mc11,PV sys,0.0
UserB,h10_mc11,National Grid EE,0.0
UserB,h10_mc11,Storage EE,3.8163133081592706
UserB,h10_mc11,Gas Boiler,0.0
UserB,h10_mc11,HP,0.0
UserB,h10_mc11,AC,0.0
UserB,h10_mc11,Storage HW,0.0
UserB,h10_mc11,Radiators,0.0
UserB,h10_mc11,Floor heating,0.0
UserB,h10_mc11,Induction stove,0.0
UserB,h10_mc11,Gas stove,0.0
UserB,h10_mc11,Gas National Grid,0.0
UserB,h11_mc11,PV sys,0.0
UserB,h11_mc11,National Grid EE,0.0
UserB,h11_mc11,Storage EE,4.020796187380857
UserB,h11_mc11,Gas Boiler,0.0
UserB,h11_mc11,HP,0.0
UserB,h11_mc11,AC,0.0
UserB,h11_mc11,Storage HW,0.0
UserB,h11_mc11,Radiators,0.0
UserB,h11_mc11,Floor heating,0.0
UserB,h11_mc11,Induction stove,0.0
UserB,h11_mc11,Gas stove,0.0
UserB,h11_mc11,Gas National Grid,0.0
UserB,h12_mc11,PV sys,0.0
UserB,h12_mc11,National Grid EE,0.0
UserB,h12_mc11,Storage EE,4.064097956440712
UserB,h12_mc11,Gas Boiler,0.0
UserB,h12_mc11,HP,0.0
UserB,h12_mc11,AC,0.0
UserB,h12_mc11,Storage HW,0.0
UserB,h12_mc11,Radiators,0.0
UserB,h12_mc11,Floor heating,0.0
UserB,h12_mc11,Induction stove,0.0
UserB,h12_mc11,Gas stove,0.0
UserB,h12_mc11,Gas National Grid,0.0
UserB,h13_mc11,PV sys,0.0
UserB,h13_mc11,National Grid EE,0.0
UserB,h13_mc11,Storage EE,3.8701432542233625
UserB,h13_mc11,Gas Boiler,0.0
UserB,h13_mc11,HP,0.0
UserB,h13_mc11,AC,0.0
UserB,h13_mc11,Storage HW,0.0
UserB,h13_mc11,Radiators,0.0
UserB,h13_mc11,Floor heating,0.0
UserB,h13_mc11,Induction stove,0.0
UserB,h13_mc11,Gas stove,0.0
UserB,h13_mc11,Gas National Grid,0.0
UserB,h14_mc11,PV sys,0.0
UserB,h14_mc11,National Grid EE,0.0
UserB,h14_mc11,Storage EE,3.89410056392583
UserB,h14_mc11,Gas Boiler,0.0
UserB,h14_mc11,HP,0.0
UserB,h14_mc11,AC,0.0
UserB,h14_mc11,Storage HW,0.0
UserB,h14_mc11,Radiators,0.0
UserB,h14_mc11,Floor heating,0.0
UserB,h14_mc11,Induction stove,0.0
UserB,h14_mc11,Gas stove,0.0
UserB,h14_mc11,Gas National Grid,0.0
UserB,h15_mc11,PV sys,0.0
UserB,h15_mc11,National Grid EE,0.0
UserB,h15_mc11,Storage EE,3.885928628857872
UserB,h15_mc11,Gas Boiler,0.0
UserB,h15_mc11,HP,0.0
UserB,h15_mc11,AC,0.0
UserB,h15_mc11,Storage HW,0.0
UserB,h15_mc11,Radiators,0.0
UserB,h15_mc11,Floor heating,0.0
UserB,h15_mc11,Induction stove,0.0
UserB,h15_mc11,Gas stove,0.0
UserB,h15_mc11,Gas National Grid,0.0
UserB,h16_mc11,PV sys,0.0
UserB,h16_mc11,National Grid EE,0.0
UserB,h16_mc11,Storage EE,3.834248960014472
UserB,h16_mc11,Gas Boiler,0.0
UserB,h16_mc11,HP,0.0
UserB,h16_mc11,AC,0.0
UserB,h16_mc11,Storage HW,0.0
UserB,h16_mc11,Radiators,0.0
UserB,h16_mc11,Floor heating,0.0
UserB,h16_mc11,Induction stove,0.0
UserB,h16_mc11,Gas stove,0.0
UserB,h16_mc11,Gas National Grid,0.0
UserB,h17_mc11,PV sys,0.0
UserB,h17_mc11,National Grid EE,0.0
UserB,h17_mc11,Storage EE,3.563644292973313
UserB,h17_mc11,Gas Boiler,0.0
UserB,h17_mc11,HP,0.0
UserB,h17_mc11,AC,0.0
UserB,h17_mc11,Storage HW,0.0
UserB,h17_mc11,Radiators,0.0
UserB,h17_mc11,Floor heating,0.0
UserB,h17_mc11,Induction stove,0.0
UserB,h17_mc11,Gas stove,0.0
UserB,h17_mc11,Gas National Grid,0.0
UserB,h18_mc11,PV sys,0.0
UserB,h18_mc11,National Grid EE,0.0
UserB,h18_mc11,Storage EE,3.563644292973313
UserB,h18_mc11,Gas Boiler,0.0
UserB,h18_mc11,HP,0.0
UserB,h18_mc11,AC,0.0
UserB,h18_mc11,Storage HW,0.0
UserB,h18_mc11,Radiators,0.0
UserB,h18_mc11,Floor heating,0.0
UserB,h18_mc11,Induction stove,0.0
UserB,h18_mc11,Gas stove,0.0
UserB,h18_mc11,Gas National Grid,0.0
UserB,h19_mc11,PV sys,0.0
UserB,h19_mc11,National Grid EE,0.0
UserB,h19_mc11,Storage EE,3.243343728140483
UserB,h19_mc11,Gas Boiler,0.0
UserB,h19_mc11,HP,0.0
UserB,h19_mc11,AC,0.0
UserB,h19_mc11,Storage HW,0.0
UserB,h19_mc11,Radiators,0.0
UserB,h19_mc11,Floor heating,0.0
UserB,h19_mc11,Induction stove,0.0
UserB,h19_mc11,Gas stove,0.0
UserB,h19_mc11,Gas National Grid,0.0
UserB,h20_mc11,PV sys,0.0
UserB,h20_mc11,National Grid EE,0.0
UserB,h20_mc11,Storage EE,2.9200668961411296
UserB,h20_mc11,Gas Boiler,0.0
UserB,h20_mc11,HP,0.0
UserB,h20_mc11,AC,0.0
UserB,h20_mc11,Storage HW,0.0
UserB,h20_mc11,Radiators,0.0
UserB,h20_mc11,Floor heating,0.0
UserB,h20_mc11,Induction stove,0.0
UserB,h20_mc11,Gas stove,0.0
UserB,h20_mc11,Gas National Grid,0.0
UserB,h21_mc11,PV sys,0.0
UserB,h21_mc11,National Grid EE,0.0
UserB,h21_mc11,Storage EE,2.5312087386779347
UserB,h21_mc11,Gas Boiler,0.0
UserB,h21_mc11,HP,0.0
UserB,h21_mc11,AC,0.0
UserB,h21_mc11,Storage HW,0.0
UserB,h21_mc11,Radiators,0.0
UserB,h21_mc11,Floor heating,0.0
UserB,h21_mc11,Induction stove,0.0
UserB,h21_mc11,Gas stove,0.0
UserB,h21_mc11,Gas National Grid,0.0
UserB,h22_mc11,PV sys,0.0
UserB,h22_mc11,National Grid EE,0.0
UserB,h22_mc11,Storage EE,1.6053881332266369
UserB,h22_mc11,Gas Boiler,0.0
UserB,h22_mc11,HP,0.0
UserB,h22_mc11,AC,0.0
UserB,h22_mc11,Storage HW,0.0
UserB,h22_mc11,Radiators,0.0
UserB,h22_mc11,Floor heating,0.0
UserB,h22_mc11,Induction stove,0.0
UserB,h22_mc11,Gas stove,0.0
UserB,h22_mc11,Gas National Grid,0.0
UserB,h23_mc11,PV sys,0.0
UserB,h23_mc11,National Grid EE,0.0
UserB,h23_mc11,Storage EE,1.0021010321344581
UserB,h23_mc11,Gas Boiler,0.0
UserB,h23_mc11,HP,0.0
UserB,h23_mc11,AC,0.0
UserB,h23_mc11,Storage HW,0.0
UserB,h23_mc11,Radiators,0.0
UserB,h23_mc11,Floor heating,0.0
UserB,h23_mc11,Induction stove,0.0
UserB,h23_mc11,Gas stove,0.0
UserB,h23_mc11,Gas National Grid,0.0
UserB,h24_mc11,PV sys,0.0
UserB,h24_mc11,National Grid EE,0.0
UserB,h24_mc11,Storage EE,0.6
UserB,h24_mc11,Gas Boiler,0.0
UserB,h24_mc11,HP,0.0
UserB,h24_mc11,AC,0.0
UserB,h24_mc11,Storage HW,0.0
UserB,h24_mc11,Radiators,0.0
UserB,h24_mc11,Floor heating,0.0
UserB,h24_mc11,Induction stove,0.0
UserB,h24_mc11,Gas stove,0.0
UserB,h24_mc11,Gas National Grid,0.0
UserB,h01_mc12,PV sys,0.0
UserB,h01_mc12,National Grid EE,0.0
UserB,h01_mc12,Storage EE,0.6
UserB,h01_mc12,Gas Boiler,0.0
UserB,h01_mc12,HP,0.0
UserB,h01_mc12,AC,0.0
UserB,h01_mc12,Storage HW,0.0
UserB,h01_mc12,Radiators,0.0
UserB,h01_mc12,Floor heating,0.0
UserB,h01_mc12,Induction stove,0.0
UserB,h01_mc12,Gas stove,0.0
UserB,h01_mc12,Gas National Grid,0.0
UserB,h02_mc12,PV sys,0.0
UserB,h02_mc12,National Grid EE,0.0
UserB,h02_mc12,Storage EE,0.6
UserB,h02_mc12,Gas Boiler,0.0
UserB,h02_mc12,HP,0.0
UserB,h02_mc12,AC,0.0
UserB,h02_mc12,Storage HW,0.0
UserB,h02_mc12,Radiators,0.0
UserB,h02_mc12,Floor heating,0.0
UserB,h02_mc12,Induction stove,0.0
UserB,h02_mc12,Gas stove,0.0
UserB,h02_mc12,Gas National Grid,0.0
UserB,h03_mc12,PV sys,0.0
UserB,h03_mc12,National Grid EE,0.0
UserB,h03_mc12,Storage EE,0.6
UserB,h03_mc12,Gas Boiler,0.0
UserB,h03_mc12,HP,0.0
UserB,h03_mc12,AC,0.0
UserB,h03_mc12,Storage HW,0.0
UserB,h03_mc12,Radiators,0.0
UserB,h03_mc12,Floor heating,0.0
UserB,h03_mc12,Induction stove,0.0
UserB,h03_mc12,Gas stove,0.0
UserB,h03_mc12,Gas National Grid,0.0
UserB,h04_mc12,PV sys,0.0
UserB,h04_mc12,National Grid EE,0.0
UserB,h04_mc12,Storage EE,0.6
UserB,h04_mc12,Gas Boiler,0.0
UserB,h04_mc12,HP,0.0
UserB,h04_mc12,AC,0.0
UserB,h04_mc12,Storage HW,0.0
UserB,h04_mc12,Radiators,0.0
UserB,h04_mc12,Floor heating,0.0
UserB,h04_mc12,Induction stove,0.0
UserB,h04_mc12,Gas stove,0.0
UserB,h04_mc12,Gas National Grid,0.0
UserB,h05_mc12,PV sys,0.0
UserB,h05_mc12,National Grid EE,0.0
UserB,h05_mc12,Storage EE,0.6
UserB,h05_mc12,Gas Boiler,0.0
UserB,h05_mc12,HP,0.0
UserB,h05_mc12,AC,0.0
UserB,h05_mc12,Storage HW,0.0
UserB,h05_mc12,Radiators,0.0
UserB,h05_mc12,Floor heating,0.0
UserB,h05_mc12,Induction stove,0.0
UserB,h05_mc12,Gas stove,0.0
UserB,h05_mc12,Gas National Grid,0.0
UserB,h06_mc12,PV sys,0.0
UserB,h06_mc12,National Grid EE,0.0
UserB,h06_mc12,Storage EE,0.6
UserB,h06_mc12,Gas Boiler,0.0
UserB,h06_mc12,HP,0.0
UserB,h06_mc12,AC,0.0
UserB,h06_mc12,Storage HW,0.0
UserB,h06_mc12,Radiators,0.0
UserB,h06_mc12,Floor heating,0.0
UserB,h06_mc12,Induction stove,0.0
UserB,h06_mc12,Gas stove,0.0
UserB,h06_mc12,Gas National Grid,0.0
UserB,h07_mc12,PV sys,0.0
UserB,h07_mc12,National Grid EE,0.0
UserB,h07_mc12,Storage EE,0.6
UserB,h07_mc12,Gas Boiler,0.0
UserB,h07_mc12,HP,0.0
UserB,h07_mc12,AC,0.0
UserB,h07_mc12,Storage HW,0.0
UserB,h07_mc12,Radiators,0.0
UserB,h07_mc12,Floor heating,0.0
UserB,h07_mc12,Induction stove,0.0
UserB,h07_mc12,Gas stove,0.0
UserB,h07_mc12,Gas National Grid,0.0
UserB,h08_mc12,PV sys,0.0
UserB,h08_mc12,National Grid EE,0.0
UserB,h08_mc12,Storage EE,1.0173698357650796
UserB,h08_mc12,Gas Boiler,0.0
UserB,h08_mc12,HP,0.0
UserB,h08_mc12,AC,0.0
UserB,h08_mc12,Storage HW,0.0
UserB,h08_mc12,Radiators,0.0
UserB,h08_mc12,Floor heating,0.0
UserB,h08_mc12,Induction stove,0.0
UserB,h08_mc12,Gas stove,0.0
UserB,h08_mc12,Gas National Grid,0.0
UserB,h09_mc12,PV sys,0.0
UserB,h09_mc12,National Grid EE,0.0
UserB,h09_mc12,Storage EE,0.6
UserB,h09_mc12,Gas Boiler,0.0
UserB,h09_mc12,HP,0.0
UserB,h09_mc12,AC,0.0
UserB,h09_mc12,Storage HW,0.0
UserB,h09_mc12,Radiators,0.0
UserB,h09_mc12,Floor heating,0.0
UserB,h09_mc12,Induction stove,0.0
UserB,h09_mc12,Gas stove,0.0
UserB,h09_mc12,Gas National Grid,0.0
UserB,h10_mc12,PV sys,0.0
UserB,h10_mc12,National Grid EE,0.0
UserB,h10_mc12,Storage EE,1.4023290463845797
UserB,h10_mc12,Gas Boiler,0.0
UserB,h10_mc12,HP,0.0
UserB,h10_mc12,AC,0.0
UserB,h10_mc12,Storage HW,0.0
UserB,h10_mc12,Radiators,0.0
UserB,h10_mc12,Floor heating,0.0
UserB,h10_mc12,Induction stove,0.0
UserB,h10_mc12,Gas stove,0.0
UserB,h10_mc12,Gas National Grid,0.0
UserB,h11_mc12,PV sys,0.0
UserB,h11_mc12,National Grid EE,0.0
UserB,h11_mc12,Storage EE,0.6
UserB,h11_mc12,Gas Boiler,0.0
UserB,h11_mc12,HP,0.0
UserB,h11_mc12,AC,0.0
UserB,h11_mc12,Storage HW,0.0
UserB,h11_mc12,Radiators,0.0
UserB,h11_mc12,Floor heating,0.0
UserB,h11_mc12,Induction stove,0.0
UserB,h11_mc12,Gas stove,0.0
UserB,h11_mc12,Gas National Grid,0.0
UserB,h12_mc12,PV sys,0.0
UserB,h12_mc12,National Grid EE,0.0
UserB,h12_mc12,Storage EE,2.620032617015982
UserB,h12_mc12,Gas Boiler,0.0
UserB,h12_mc12,HP,0.0
UserB,h12_mc12,AC,0.0
UserB,h12_mc12,Storage HW,0.0
UserB,h12_mc12,Radiators,0.0
UserB,h12_mc12,Floor heating,0.0
UserB,h12_mc12,Induction stove,0.0
UserB,h12_mc12,Gas stove,0.0
UserB,h12_mc12,Gas National Grid,0.0
UserB,h13_mc12,PV sys,0.0
UserB,h13_mc12,National Grid EE,0.0
UserB,h13_mc12,Storage EE,4.4080461938582856
UserB,h13_mc12,Gas Boiler,0.0
UserB,h13_mc12,HP,0.0
UserB,h13_mc12,AC,0.0
UserB,h13_mc12,Storage HW,0.0
UserB,h13_mc12,Radiators,0.0
UserB,h13_mc12,Floor heating,0.0
UserB,h13_mc12,Induction stove,0.0
UserB,h13_mc12,Gas stove,0.0
UserB,h13_mc12,Gas National Grid,0.0
UserB,h14_mc12,PV sys,0.0
UserB,h14_mc12,National Grid EE,0.0
UserB,h14_mc12,Storage EE,4.839308511648935
UserB,h14_mc12,Gas Boiler,0.0
UserB,h14_mc12,HP,0.0
UserB,h14_mc12,AC,0.0
UserB,h14_mc12,Storage HW,0.0
UserB,h14_mc12,Radiators,0.0
UserB,h14_mc12,Floor heating,0.0
UserB,h14_mc12,Induction stove,0.0
UserB,h14_mc12,Gas stove,0.0
UserB,h14_mc12,Gas National Grid,0.0
UserB,h15_mc12,PV sys,0.0
UserB,h15_mc12,National Grid EE,0.0
UserB,h15_mc12,Storage EE,5.7
UserB,h15_mc12,Gas Boiler,0.0
UserB,h15_mc12,HP,0.0
UserB,h15_mc12,AC,0.0
UserB,h15_mc12,Storage HW,0.0
UserB,h15_mc12,Radiators,0.0
UserB,h15_mc12,Floor heating,0.0
UserB,h15_mc12,Induction stove,0.0
UserB,h15_mc12,Gas stove,0.0
UserB,h15_mc12,Gas National Grid,0.0
UserB,h16_mc12,PV sys,0.0
UserB,h16_mc12,National Grid EE,0.0
UserB,h16_mc12,Storage EE,5.7
UserB,h16_mc12,Gas Boiler,0.0
UserB,h16_mc12,HP,0.0
UserB,h16_mc12,AC,0.0
UserB,h16_mc12,Storage HW,0.0
UserB,h16_mc12,Radiators,0.0
UserB,h16_mc12,Floor heating,0.0
UserB,h16_mc12,Induction stove,0.0
UserB,h16_mc12,Gas stove,0.0
UserB,h16_mc12,Gas National Grid,0.0
UserB,h17_mc12,PV sys,0.0
UserB,h17_mc12,National Grid EE,0.0
UserB,h17_mc12,Storage EE,5.7
UserB,h17_mc12,Gas Boiler,0.0
UserB,h17_mc12,HP,0.0
UserB,h17_mc12,AC,0.0
UserB,h17_mc12,Storage HW,0.0
UserB,h17_mc12,Radiators,0.0
UserB,h17_mc12,Floor heating,0.0
UserB,h17_mc12,Induction stove,0.0
UserB,h17_mc12,Gas stove,0.0
UserB,h17_mc12,Gas National Grid,0.0
UserB,h18_mc12,PV sys,0.0
UserB,h18_mc12,National Grid EE,0.0
UserB,h18_mc12,Storage EE,5.5775168323876985
UserB,h18_mc12,Gas Boiler,0.0
UserB,h18_mc12,HP,0.0
UserB,h18_mc12,AC,0.0
UserB,h18_mc12,Storage HW,0.0
UserB,h18_mc12,Radiators,0.0
UserB,h18_mc12,Floor heating,0.0
UserB,h18_mc12,Induction stove,0.0
UserB,h18_mc12,Gas stove,0.0
UserB,h18_mc12,Gas National Grid,0.0
UserB,h19_mc12,PV sys,0.0
UserB,h19_mc12,National Grid EE,0.0
UserB,h19_mc12,Storage EE,5.577516830890289
UserB,h19_mc12,Gas Boiler,0.0
UserB,h19_mc12,HP,0.0
UserB,h19_mc12,AC,0.0
UserB,h19_mc12,Storage HW,0.0
UserB,h19_mc12,Radiators,0.0
UserB,h19_mc12,Floor heating,0.0
UserB,h19_mc12,Induction stove,0.0
UserB,h19_mc12,Gas stove,0.0
UserB,h19_mc12,Gas National Grid,0.0
UserB,h20_mc12,PV sys,0.0
UserB,h20_mc12,National Grid EE,0.0
UserB,h20_mc12,Storage EE,5.577516832383244
UserB,h20_mc12,Gas Boiler,0.0
UserB,h20_mc12,HP,0.0
UserB,h20_mc12,AC,0.0
UserB,h20_mc12,Storage HW,0.0
UserB,h20_mc12,Radiators,0.0
UserB,h20_mc12,Floor heating,0.0
UserB,h20_mc12,Induction stove,0.0
UserB,h20_mc12,Gas stove,0.0
UserB,h20_mc12,Gas National Grid,0.0
UserB,h21_mc12,PV sys,0.0
UserB,h21_mc12,National Grid EE,0.0
UserB,h21_mc12,Storage EE,5.175052102740845
UserB,h21_mc12,Gas Boiler,0.0
UserB,h21_mc12,HP,0.0
UserB,h21_mc12,AC,0.0
UserB,h21_mc12,Storage HW,0.0
UserB,h21_mc12,Radiators,0.0
UserB,h21_mc12,Floor heating,0.0
UserB,h21_mc12,Induction stove,0.0
UserB,h21_mc12,Gas stove,0.0
UserB,h21_mc12,Gas National Grid,0.0
UserB,h22_mc12,PV sys,0.0
UserB,h22_mc12,National Grid EE,0.0
UserB,h22_mc12,Storage EE,3.0739962055444083
UserB,h22_mc12,Gas Boiler,0.0
UserB,h22_mc12,HP,0.0
UserB,h22_mc12,AC,0.0
UserB,h22_mc12,Storage HW,0.0
UserB,h22_mc12,Radiators,0.0
UserB,h22_mc12,Floor heating,0.0
UserB,h22_mc12,Induction stove,0.0
UserB,h22_mc12,Gas stove,0.0
UserB,h22_mc12,Gas National Grid,0.0
UserB,h23_mc12,PV sys,0.0
UserB,h23_mc12,National Grid EE,0.0
UserB,h23_mc12,Storage EE,1.8909849673994223
UserB,h23_mc12,Gas Boiler,0.0
UserB,h23_mc12,HP,0.0
UserB,h23_mc12,AC,0.0
UserB,h23_mc12,Storage HW,0.0
UserB,h23_mc12,Radiators,0.0
UserB,h23_mc12,Floor heating,0.0
UserB,h23_mc12,Induction stove,0.0
UserB,h23_mc12,Gas stove,0.0
UserB,h23_mc12,Gas National Grid,0.0
UserB,h24_mc12,PV sys,0.0
UserB,h24_mc12,National Grid EE,0.0
UserB,h24_mc12,Storage EE,0.6
UserB,h24_mc12,Gas Boiler,0.0
UserB,h24_mc12,HP,0.0
UserB,h24_mc12,AC,0.0
UserB,h24_mc12,Storage HW,0.0
UserB,h24_mc12,Radiators,0.0
UserB,h24_mc12,Floor heating,0.0
UserB,h24_mc12,Induction stove,0.0
UserB,h24_mc12,Gas stove,0.0
UserB,h24_mc12,Gas National Grid,0.0
UserB,h01_mc13,PV sys,0.0
UserB,h01_mc13,National Grid EE,0.0
UserB,h01_mc13,Storage EE,0.6
UserB,h01_mc13,Gas Boiler,0.0
UserB,h01_mc13,HP,0.0
UserB,h01_mc13,AC,0.0
UserB,h01_mc13,Storage HW,0.0
UserB,h01_mc13,Radiators,0.0
UserB,h01_mc13,Floor heating,0.0
UserB,h01_mc13,Induction stove,0.0
UserB,h01_mc13,Gas stove,0.0
UserB,h01_mc13,Gas National Grid,0.0
UserB,h02_mc13,PV sys,0.0
UserB,h02_mc13,National Grid EE,0.0
UserB,h02_mc13,Storage EE,0.6
UserB,h02_mc13,Gas Boiler,0.0
UserB,h02_mc13,HP,0.0
UserB,h02_mc13,AC,0.0
UserB,h02_mc13,Storage HW,0.0
UserB,h02_mc13,Radiators,0.0
UserB,h02_mc13,Floor heating,0.0
UserB,h02_mc13,Induction stove,0.0
UserB,h02_mc13,Gas stove,0.0
UserB,h02_mc13,Gas National Grid,0.0
UserB,h03_mc13,PV sys,0.0
UserB,h03_mc13,National Grid EE,0.0
UserB,h03_mc13,Storage EE,0.6
UserB,h03_mc13,Gas Boiler,0.0
UserB,h03_mc13,HP,0.0
UserB,h03_mc13,AC,0.0
UserB,h03_mc13,Storage HW,0.0
UserB,h03_mc13,Radiators,0.0
UserB,h03_mc13,Floor heating,0.0
UserB,h03_mc13,Induction stove,0.0
UserB,h03_mc13,Gas stove,0.0
UserB,h03_mc13,Gas National Grid,0.0
UserB,h04_mc13,PV sys,0.0
UserB,h04_mc13,National Grid EE,0.0
UserB,h04_mc13,Storage EE,0.6
UserB,h04_mc13,Gas Boiler,0.0
UserB,h04_mc13,HP,0.0
UserB,h04_mc13,AC,0.0
UserB,h04_mc13,Storage HW,0.0
UserB,h04_mc13,Radiators,0.0
UserB,h04_mc13,Floor heating,0.0
UserB,h04_mc13,Induction stove,0.0
UserB,h04_mc13,Gas stove,0.0
UserB,h04_mc13,Gas National Grid,0.0
UserB,h05_mc13,PV sys,0.0
UserB,h05_mc13,National Grid EE,0.0
UserB,h05_mc13,Storage EE,0.6
UserB,h05_mc13,Gas Boiler,0.0
UserB,h05_mc13,HP,0.0
UserB,h05_mc13,AC,0.0
UserB,h05_mc13,Storage HW,0.0
UserB,h05_mc13,Radiators,0.0
UserB,h05_mc13,Floor heating,0.0
UserB,h05_mc13,Induction stove,0.0
UserB,h05_mc13,Gas stove,0.0
UserB,h05_mc13,Gas National Grid,0.0
UserB,h06_mc13,PV sys,0.0
UserB,h06_mc13,National Grid EE,0.0
UserB,h06_mc13,Storage EE,0.6
UserB,h06_mc13,Gas Boiler,0.0
UserB,h06_mc13,HP,0.0
UserB,h06_mc13,AC,0.0
UserB,h06_mc13,Storage HW,0.0
UserB,h06_mc13,Radiators,0.0
UserB,h06_mc13,Floor heating,0.0
UserB,h06_mc13,Induction stove,0.0
UserB,h06_mc13,Gas stove,0.0
UserB,h06_mc13,Gas National Grid,0.0
UserB,h07_mc13,PV sys,0.0
UserB,h07_mc13,National Grid EE,0.0
UserB,h07_mc13,Storage EE,0.6
UserB,h07_mc13,Gas Boiler,0.0
UserB,h07_mc13,HP,0.0
UserB,h07_mc13,AC,0.0
UserB,h07_mc13,Storage HW,0.0
UserB,h07_mc13,Radiators,0.0
UserB,h07_mc13,Floor heating,0.0
UserB,h07_mc13,Induction stove,0.0
UserB,h07_mc13,Gas stove,0.0
UserB,h07_mc13,Gas National Grid,0.0
UserB,h08_mc13,PV sys,0.0
UserB,h08_mc13,National Grid EE,0.0
UserB,h08_mc13,Storage EE,0.8264077537382226
UserB,h08_mc13,Gas Boiler,0.0
UserB,h08_mc13,HP,0.0
UserB,h08_mc13,AC,0.0
UserB,h08_mc13,Storage HW,0.0
UserB,h08_mc13,Radiators,0.0
UserB,h08_mc13,Floor heating,0.0
UserB,h08_mc13,Induction stove,0.0
UserB,h08_mc13,Gas stove,0.0
UserB,h08_mc13,Gas National Grid,0.0
UserB,h09_mc13,PV sys,0.0
UserB,h09_mc13,National Grid EE,0.0
UserB,h09_mc13,Storage EE,2.1029305265635276
UserB,h09_mc13,Gas Boiler,0.0
UserB,h09_mc13,HP,0.0
UserB,h09_mc13,AC,0.0
UserB,h09_mc13,Storage HW,0.0
UserB,h09_mc13,Radiators,0.0
UserB,h09_mc13,Floor heating,0.0
UserB,h09_mc13,Induction stove,0.0
UserB,h09_mc13,Gas stove,0.0
UserB,h09_mc13,Gas National Grid,0.0
UserB,h10_mc13,PV sys,0.0
UserB,h10_mc13,National Grid EE,0.0
UserB,h10_mc13,Storage EE,3.8319109187977887
UserB,h10_mc13,Gas Boiler,0.0
UserB,h10_mc13,HP,0.0
UserB,h10_mc13,AC,0.0
UserB,h10_mc13,Storage HW,0.0
UserB,h10_mc13,Radiators,0.0
UserB,h10_mc13,Floor heating,0.0
UserB,h10_mc13,Induction stove,0.0
UserB,h10_mc13,Gas stove,0.0
UserB,h10_mc13,Gas National Grid,0.0
UserB,h11_mc13,PV sys,0.0
UserB,h11_mc13,National Grid EE,0.0
UserB,h11_mc13,Storage EE,4.1827239439226975
UserB,h11_mc13,Gas Boiler,0.0
UserB,h11_mc13,HP,0.0
UserB,h11_mc13,AC,0.0
UserB,h11_mc13,Storage HW,0.0
UserB,h11_mc13,Radiators,0.0
UserB,h11_mc13,Floor heating,0.0
UserB,h11_mc13,Induction stove,0.0
UserB,h11_mc13,Gas stove,0.0
UserB,h11_mc13,Gas National Grid,0.0
UserB,h12_mc13,PV sys,0.0
UserB,h12_mc13,National Grid EE,0.0
UserB,h12_mc13,Storage EE,4.540056363321222
UserB,h12_mc13,Gas Boiler,0.0
UserB,h12_mc13,HP,0.0
UserB,h12_mc13,AC,0.0
UserB,h12_mc13,Storage HW,0.0
UserB,h12_mc13,Radiators,0.0
UserB,h12_mc13,Floor heating,0.0
UserB,h12_mc13,Induction stove,0.0
UserB,h12_mc13,Gas stove,0.0
UserB,h12_mc13,Gas National Grid,0.0
UserB,h13_mc13,PV sys,0.0
UserB,h13_mc13,National Grid EE,0.0
UserB,h13_mc13,Storage EE,4.450166474921032
UserB,h13_mc13,Gas Boiler,0.0
UserB,h13_mc13,HP,0.0
UserB,h13_mc13,AC,0.0
UserB,h13_mc13,Storage HW,0.0
UserB,h13_mc13,Radiators,0.0
UserB,h13_mc13,Floor heating,0.0
UserB,h13_mc13,Induction stove,0.0
UserB,h13_mc13,Gas stove,0.0
UserB,h13_mc13,Gas National Grid,0.0
UserB,h14_mc13,PV sys,0.0
UserB,h14_mc13,National Grid EE,0.0
UserB,h14_mc13,Storage EE,5.217288146785421
UserB,h14_mc13,Gas Boiler,0.0
UserB,h14_mc13,HP,0.0
UserB,h14_mc13,AC,0.0
UserB,h14_mc13,Storage HW,0.0
UserB,h14_mc13,Radiators,0.0
UserB,h14_mc13,Floor heating,0.0
UserB,h14_mc13,Induction stove,0.0
UserB,h14_mc13,Gas stove,0.0
UserB,h14_mc13,Gas National Grid,0.0
UserB,h15_mc13,PV sys,0.0
UserB,h15_mc13,National Grid EE,0.0
UserB,h15_mc13,Storage EE,5.7
UserB,h15_mc13,Gas Boiler,0.0
UserB,h15_mc13,HP,0.0
UserB,h15_mc13,AC,0.0
UserB,h15_mc13,Storage HW,0.0
UserB,h15_mc13,Radiators,0.0
UserB,h15_mc13,Floor heating,0.0
UserB,h15_mc13,Induction stove,0.0
UserB,h15_mc13,Gas stove,0.0
UserB,h15_mc13,Gas National Grid,0.0
UserB,h16_mc13,PV sys,0.0
UserB,h16_mc13,National Grid EE,0.0
UserB,h16_mc13,Storage EE,5.5251144638216525
UserB,h16_mc13,Gas Boiler,0.0
UserB,h16_mc13,HP,0.0
UserB,h16_mc13,AC,0.0
UserB,h16_mc13,Storage HW,0.0
UserB,h16_mc13,Radiators,0.0
UserB,h16_mc13,Floor heating,0.0
UserB,h16_mc13,Induction stove,0.0
UserB,h16_mc13,Gas stove,0.0
UserB,h16_mc13,Gas National Grid,0.0
UserB,h17_mc13,PV sys,0.0
UserB,h17_mc13,National Grid EE,0.0
UserB,h17_mc13,Storage EE,4.047880569277698
UserB,h17_mc13,Gas Boiler,0.0
UserB,h17_mc13,HP,0.0
UserB,h17_mc13,AC,0.0
UserB,h17_mc13,Storage HW,0.0
UserB,h17_mc13,Radiators,0.0
UserB,h17_mc13,Floor heating,0.0
UserB,h17_mc13,Induction stove,0.0
UserB,h17_mc13,Gas stove,0.0
UserB,h17_mc13,Gas National Grid,0.0
UserB,h18_mc13,PV sys,0.0
UserB,h18_mc13,National Grid EE,0.0
UserB,h18_mc13,Storage EE,3.8172512135207857
UserB,h18_mc13,Gas Boiler,0.0
UserB,h18_mc13,HP,0.0
UserB,h18_mc13,AC,0.0
UserB,h18_mc13,Storage HW,0.0
UserB,h18_mc13,Radiators,0.0
UserB,h18_mc13,Floor heating,0.0
UserB,h18_mc13,Induction stove,0.0
UserB,h18_mc13,Gas stove,0.0
UserB,h18_mc13,Gas National Grid,0.0
UserB,h19_mc13,PV sys,0.0
UserB,h19_mc13,National Grid EE,0.0
UserB,h19_mc13,Storage EE,3.366282369096068
UserB,h19_mc13,Gas Boiler,0.0
UserB,h19_mc13,HP,0.0
UserB,h19_mc13,AC,0.0
UserB,h19_mc13,Storage HW,0.0
UserB,h19_mc13,Radiators,0.0
UserB,h19_mc13,Floor heating,0.0
UserB,h19_mc13,Induction stove,0.0
UserB,h19_mc13,Gas stove,0.0
UserB,h19_mc13,Gas National Grid,0.0
UserB,h20_mc13,PV sys,0.0
UserB,h20_mc13,National Grid EE,0.0
UserB,h20_mc13,Storage EE,2.9508914572671525
UserB,h20_mc13,Gas Boiler,0.0
UserB,h20_mc13,HP,0.0
UserB,h20_mc13,AC,0.0
UserB,h20_mc13,Storage HW,0.0
UserB,h20_mc13,Radiators,0.0
UserB,h20_mc13,Floor heating,0.0
UserB,h20_mc13,Induction stove,0.0
UserB,h20_mc13,Gas stove,0.0
UserB,h20_mc13,Gas National Grid,0.0
UserB,h21_mc13,PV sys,0.0
UserB,h21_mc13,National Grid EE,0.0
UserB,h21_mc13,Storage EE,2.192458598083605
UserB,h21_mc13,Gas Boiler,0.0
UserB,h21_mc13,HP,0.0
UserB,h21_mc13,AC,0.0
UserB,h21_mc13,Storage HW,0.0
UserB,h21_mc13,Radiators,0.0
UserB,h21_mc13,Floor heating,0.0
UserB,h21_mc13,Induction stove,0.0
UserB,h21_mc13,Gas stove,0.0
UserB,h21_mc13,Gas National Grid,0.0
UserB,h22_mc13,PV sys,0.0
UserB,h22_mc13,National Grid EE,0.0
UserB,h22_mc13,Storage EE,1.56067958150855
UserB,h22_mc13,Gas Boiler,0.0
UserB,h22_mc13,HP,0.0
UserB,h22_mc13,AC,0.0
UserB,h22_mc13,Storage HW,0.0
UserB,h22_mc13,Radiators,0.0
UserB,h22_mc13,Floor heating,0.0
UserB,h22_mc13,Induction stove,0.0
UserB,h22_mc13,Gas stove,0.0
UserB,h22_mc13,Gas National Grid,0.0
UserB,h23_mc13,PV sys,0.0
UserB,h23_mc13,National Grid EE,0.0
UserB,h23_mc13,Storage EE,0.8851071748385057
UserB,h23_mc13,Gas Boiler,0.0
UserB,h23_mc13,HP,0.0
UserB,h23_mc13,AC,0.0
UserB,h23_mc13,Storage HW,0.0
UserB,h23_mc13,Radiators,0.0
UserB,h23_mc13,Floor heating,0.0
UserB,h23_mc13,Induction stove,0.0
UserB,h23_mc13,Gas stove,0.0
UserB,h23_mc13,Gas National Grid,0.0
UserB,h24_mc13,PV sys,0.0
UserB,h24_mc13,National Grid EE,0.0
UserB,h24_mc13,Storage EE,0.6
UserB,h24_mc13,Gas Boiler,0.0
UserB,h24_mc13,HP,0.0
UserB,h24_mc13,AC,0.0
UserB,h24_mc13,Storage HW,0.0
UserB,h24_mc13,Radiators,0.0
UserB,h24_mc13,Floor heating,0.0
UserB,h24_mc13,Induction stove,0.0
UserB,h24_mc13,Gas stove,0.0
UserB,h24_mc13,Gas National Grid,0.0
UserB,h01_mc14,PV sys,0.0
UserB,h01_mc14,National Grid EE,0.0
UserB,h01_mc14,Storage EE,0.6
UserB,h01_mc14,Gas Boiler,0.0
UserB,h01_mc14,HP,0.0
UserB,h01_mc14,AC,0.0
UserB,h01_mc14,Storage HW,0.0
UserB,h01_mc14,Radiators,0.0
UserB,h01_mc14,Floor heating,0.0
UserB,h01_mc14,Induction stove,0.0
UserB,h01_mc14,Gas stove,0.0
UserB,h01_mc14,Gas National Grid,0.0
UserB,h02_mc14,PV sys,0.0
UserB,h02_mc14,National Grid EE,0.0
UserB,h02_mc14,Storage EE,0.6
UserB,h02_mc14,Gas Boiler,0.0
UserB,h02_mc14,HP,0.0
UserB,h02_mc14,AC,0.0
UserB,h02_mc14,Storage HW,0.0
UserB,h02_mc14,Radiators,0.0
UserB,h02_mc14,Floor heating,0.0
UserB,h02_mc14,Induction stove,0.0
UserB,h02_mc14,Gas stove,0.0
UserB,h02_mc14,Gas National Grid,0.0
UserB,h03_mc14,PV sys,0.0
UserB,h03_mc14,National Grid EE,0.0
UserB,h03_mc14,Storage EE,0.6
UserB,h03_mc14,Gas Boiler,0.0
UserB,h03_mc14,HP,0.0
UserB,h03_mc14,AC,0.0
UserB,h03_mc14,Storage HW,0.0
UserB,h03_mc14,Radiators,0.0
UserB,h03_mc14,Floor heating,0.0
UserB,h03_mc14,Induction stove,0.0
UserB,h03_mc14,Gas stove,0.0
UserB,h03_mc14,Gas National Grid,0.0
UserB,h04_mc14,PV sys,0.0
UserB,h04_mc14,National Grid EE,0.0
UserB,h04_mc14,Storage EE,0.6
UserB,h04_mc14,Gas Boiler,0.0
UserB,h04_mc14,HP,0.0
UserB,h04_mc14,AC,0.0
UserB,h04_mc14,Storage HW,0.0
UserB,h04_mc14,Radiators,0.0
UserB,h04_mc14,Floor heating,0.0
UserB,h04_mc14,Induction stove,0.0
UserB,h04_mc14,Gas stove,0.0
UserB,h04_mc14,Gas National Grid,0.0
UserB,h05_mc14,PV sys,0.0
UserB,h05_mc14,National Grid EE,0.0
UserB,h05_mc14,Storage EE,0.6
UserB,h05_mc14,Gas Boiler,0.0
UserB,h05_mc14,HP,0.0
UserB,h05_mc14,AC,0.0
UserB,h05_mc14,Storage HW,0.0
UserB,h05_mc14,Radiators,0.0
UserB,h05_mc14,Floor heating,0.0
UserB,h05_mc14,Induction stove,0.0
UserB,h05_mc14,Gas stove,0.0
UserB,h05_mc14,Gas National Grid,0.0
UserB,h06_mc14,PV sys,0.0
UserB,h06_mc14,National Grid EE,0.0
UserB,h06_mc14,Storage EE,0.6
UserB,h06_mc14,Gas Boiler,0.0
UserB,h06_mc14,HP,0.0
UserB,h06_mc14,AC,0.0
UserB,h06_mc14,Storage HW,0.0
UserB,h06_mc14,Radiators,0.0
UserB,h06_mc14,Floor heating,0.0
UserB,h06_mc14,Induction stove,0.0
UserB,h06_mc14,Gas stove,0.0
UserB,h06_mc14,Gas National Grid,0.0
UserB,h07_mc14,PV sys,0.0
UserB,h07_mc14,National Grid EE,0.0
UserB,h07_mc14,Storage EE,0.8151805690290532
UserB,h07_mc14,Gas Boiler,0.0
UserB,h07_mc14,HP,0.0
UserB,h07_mc14,AC,0.0
UserB,h07_mc14,Storage HW,0.0
UserB,h07_mc14,Radiators,0.0
UserB,h07_mc14,Floor heating,0.0
UserB,h07_mc14,Induction stove,0.0
UserB,h07_mc14,Gas stove,0.0
UserB,h07_mc14,Gas National Grid,0.0
UserB,h08_mc14,PV sys,0.0
UserB,h08_mc14,National Grid EE,0.0
UserB,h08_mc14,Storage EE,0.6
UserB,h08_mc14,Gas Boiler,0.0
UserB,h08_mc14,HP,0.0
UserB,h08_mc14,AC,0.0
UserB,h08_mc14,Storage HW,0.0
UserB,h08_mc14,Radiators,0.0
UserB,h08_mc14,Floor heating,0.0
UserB,h08_mc14,Induction stove,0.0
UserB,h08_mc14,Gas stove,0.0
UserB,h08_mc14,Gas National Grid,0.0
UserB,h09_mc14,PV sys,0.0
UserB,h09_mc14,National Grid EE,0.0
UserB,h09_mc14,Storage EE,1.4158109166581818
UserB,h09_mc14,Gas Boiler,0.0
UserB,h09_mc14,HP,0.0
UserB,h09_mc14,AC,0.0
UserB,h09_mc14,Storage HW,0.0
UserB,h09_mc14,Radiators,0.0
UserB,h09_mc14,Floor heating,0.0
UserB,h09_mc14,Induction stove,0.0
UserB,h09_mc14,Gas stove,0.0
UserB,h09_mc14,Gas National Grid,0.0
UserB,h10_mc14,PV sys,0.0
UserB,h10_mc14,National Grid EE,0.0
UserB,h10_mc14,Storage EE,0.6
UserB,h10_mc14,Gas Boiler,0.0
UserB,h10_mc14,HP,0.0
UserB,h10_mc14,AC,0.0
UserB,h10_mc14,Storage HW,0.0
UserB,h10_mc14,Radiators,0.0
UserB,h10_mc14,Floor heating,0.0
UserB,h10_mc14,Induction stove,0.0
UserB,h10_mc14,Gas stove,0.0
UserB,h10_mc14,Gas National Grid,0.0
UserB,h11_mc14,PV sys,0.0
UserB,h11_mc14,National Grid EE,0.0
UserB,h11_mc14,Storage EE,2.905714149836322
UserB,h11_mc14,Gas Boiler,0.0
UserB,h11_mc14,HP,0.0
UserB,h11_mc14,AC,0.0
UserB,h11_mc14,Storage HW,0.0
UserB,h11_mc14,Radiators,0.0
UserB,h11_mc14,Floor heating,0.0
UserB,h11_mc14,Induction stove,0.0
UserB,h11_mc14,Gas stove,0.0
UserB,h11_mc14,Gas National Grid,0.0
UserB,h12_mc14,PV sys,0.0
UserB,h12_mc14,National Grid EE,0.0
UserB,h12_mc14,Storage EE,5.470194280171376
UserB,h12_mc14,Gas Boiler,0.0
UserB,h12_mc14,HP,0.0
UserB,h12_mc14,AC,0.0
UserB,h12_mc14,Storage HW,0.0
UserB,h12_mc14,Radiators,0.0
UserB,h12_mc14,Floor heating,0.0
UserB,h12_mc14,Induction stove,0.0
UserB,h12_mc14,Gas stove,0.0
UserB,h12_mc14,Gas National Grid,0.0
UserB,h13_mc14,PV sys,0.0
UserB,h13_mc14,National Grid EE,0.0
UserB,h13_mc14,Storage EE,5.7
UserB,h13_mc14,Gas Boiler,0.0
UserB,h13_mc14,HP,0.0
UserB,h13_mc14,AC,0.0
UserB,h13_mc14,Storage HW,0.0
UserB,h13_mc14,Radiators,0.0
UserB,h13_mc14,Floor heating,0.0
UserB,h13_mc14,Induction stove,0.0
UserB,h13_mc14,Gas stove,0.0
UserB,h13_mc14,Gas National Grid,0.0
UserB,h14_mc14,PV sys,0.0
UserB,h14_mc14,National Grid EE,0.0
UserB,h14_mc14,Storage EE,5.7
UserB,h14_mc14,Gas Boiler,0.0
UserB,h14_mc14,HP,0.0
UserB,h14_mc14,AC,0.0
UserB,h14_mc14,Storage HW,0.0
UserB,h14_mc14,Radiators,0.0
UserB,h14_mc14,Floor heating,0.0
UserB,h14_mc14,Induction stove,0.0
UserB,h14_mc14,Gas stove,0.0
UserB,h14_mc14,Gas National Grid,0.0
UserB,h15_mc14,PV sys,0.0
UserB,h15_mc14,National Grid EE,0.0
UserB,h15_mc14,Storage EE,5.13105630978241
UserB,h15_mc14,Gas Boiler,0.0
UserB,h15_mc14,HP,0.0
UserB,h15_mc14,AC,0.0
UserB,h15_mc14,Storage HW,0.0
UserB,h15_mc14,Radiators,0.0
UserB,h15_mc14,Floor heating,0.0
UserB,h15_mc14,Induction stove,0.0
UserB,h15_mc14,Gas stove,0.0
UserB,h15_mc14,Gas National Grid,0.0
UserB,h16_mc14,PV sys,0.0
UserB,h16_mc14,National Grid EE,0.0
UserB,h16_mc14,Storage EE,5.7
UserB,h16_mc14,Gas Boiler,0.0
UserB,h16_mc14,HP,0.0
UserB,h16_mc14,AC,0.0
UserB,h16_mc14,Storage HW,0.0
UserB,h16_mc14,Radiators,0.0
UserB,h16_mc14,Floor heating,0.0
UserB,h16_mc14,Induction stove,0.0
UserB,h16_mc14,Gas stove,0.0
UserB,h16_mc14,Gas National Grid,0.0
UserB,h17_mc14,PV sys,0.0
UserB,h17_mc14,National Grid EE,0.0
UserB,h17_mc14,Storage EE,5.399360991208564
UserB,h17_mc14,Gas Boiler,0.0
UserB,h17_mc14,HP,0.0
UserB,h17_mc14,AC,0.0
UserB,h17_mc14,Storage HW,0.0
UserB,h17_mc14,Radiators,0.0
UserB,h17_mc14,Floor heating,0.0
UserB,h17_mc14,Induction stove,0.0
UserB,h17_mc14,Gas stove,0.0
UserB,h17_mc14,Gas National Grid,0.0
UserB,h18_mc14,PV sys,0.0
UserB,h18_mc14,National Grid EE,0.0
UserB,h18_mc14,Storage EE,3.8127735510132688
UserB,h18_mc14,Gas Boiler,0.0
UserB,h18_mc14,HP,0.0
UserB,h18_mc14,AC,0.0
UserB,h18_mc14,Storage HW,0.0
UserB,h18_mc14,Radiators,0.0
UserB,h18_mc14,Floor heating,0.0
UserB,h18_mc14,Induction stove,0.0
UserB,h18_mc14,Gas stove,0.0
UserB,h18_mc14,Gas National Grid,0.0
UserB,h19_mc14,PV sys,0.0
UserB,h19_mc14,National Grid EE,0.0
UserB,h19_mc14,Storage EE,3.4535517663232493
UserB,h19_mc14,Gas Boiler,0.0
UserB,h19_mc14,HP,0.0
UserB,h19_mc14,AC,0.0
UserB,h19_mc14,Storage HW,0.0
UserB,h19_mc14,Radiators,0.0
UserB,h19_mc14,Floor heating,0.0
UserB,h19_mc14,Induction stove,0.0
UserB,h19_mc14,Gas stove,0.0
UserB,h19_mc14,Gas National Grid,0.0
UserB,h20_mc14,PV sys,0.0
UserB,h20_mc14,National Grid EE,0.0
UserB,h20_mc14,Storage EE,2.9377446234087237
UserB,h20_mc14,Gas Boiler,0.0
UserB,h20_mc14,HP,0.0
UserB,h20_mc14,AC,0.0
UserB,h20_mc14,Storage HW,0.0
UserB,h20_mc14,Radiators,0.0
UserB,h20_mc14,Floor heating,0.0
UserB,h20_mc14,Induction stove,0.0
UserB,h20_mc14,Gas stove,0.0
UserB,h20_mc14,Gas National Grid,0.0
UserB,h21_mc14,PV sys,0.0
UserB,h21_mc14,National Grid EE,0.0
UserB,h21_mc14,Storage EE,2.4504811616371502
UserB,h21_mc14,Gas Boiler,0.0
UserB,h21_mc14,HP,0.0
UserB,h21_mc14,AC,0.0
UserB,h21_mc14,Storage HW,0.0
UserB,h21_mc14,Radiators,0.0
UserB,h21_mc14,Floor heating,0.0
UserB,h21_mc14,Induction stove,0.0
UserB,h21_mc14,Gas stove,0.0
UserB,h21_mc14,Gas National Grid,0.0
UserB,h22_mc14,PV sys,0.0
UserB,h22_mc14,National Grid EE,0.0
UserB,h22_mc14,Storage EE,1.2853876054961177
UserB,h22_mc14,Gas Boiler,0.0
UserB,h22_mc14,HP,0.0
UserB,h22_mc14,AC,0.0
UserB,h22_mc14,Storage HW,0.0
UserB,h22_mc14,Radiators,0.0
UserB,h22_mc14,Floor heating,0.0
UserB,h22_mc14,Induction stove,0.0
UserB,h22_mc14,Gas stove,0.0
UserB,h22_mc14,Gas National Grid,0.0
UserB,h23_mc14,PV sys,0.0
UserB,h23_mc14,National Grid EE,0.0
UserB,h23_mc14,Storage EE,1.0258543090690961
UserB,h23_mc14,Gas Boiler,0.0
UserB,h23_mc14,HP,0.0
UserB,h23_mc14,AC,0.0
UserB,h23_mc14,Storage HW,0.0
UserB,h23_mc14,Radiators,0.0
UserB,h23_mc14,Floor heating,0.0
UserB,h23_mc14,Induction stove,0.0
UserB,h23_mc14,Gas stove,0.0
UserB,h23_mc14,Gas National Grid,0.0
UserB,h24_mc14,PV sys,0.0
UserB,h24_mc14,National Grid EE,0.0
UserB,h24_mc14,Storage EE,0.6
UserB,h24_mc14,Gas Boiler,0.0
UserB,h24_mc14,HP,0.0
UserB,h24_mc14,AC,0.0
UserB,h24_mc14,Storage HW,0.0
UserB,h24_mc14,Radiators,0.0
UserB,h24_mc14,Floor heating,0.0
UserB,h24_mc14,Induction stove,0.0
UserB,h24_mc14,Gas stove,0.0
UserB,h24_mc14,Gas National Grid,0.0
UserB,h01_mw01,PV sys,0.0
UserB,h01_mw01,National Grid EE,0.0
UserB,h01_mw01,Storage EE,0.6
UserB,h01_mw01,Gas Boiler,0.0
UserB,h01_mw01,HP,0.0
UserB,h01_mw01,AC,0.0
UserB,h01_mw01,Storage HW,0.0
UserB,h01_mw01,Radiators,0.0
UserB,h01_mw01,Floor heating,0.0
UserB,h01_mw01,Induction stove,0.0
UserB,h01_mw01,Gas stove,0.0
UserB,h01_mw01,Gas National Grid,0.0
UserB,h02_mw01,PV sys,0.0
UserB,h02_mw01,National Grid EE,0.0
UserB,h02_mw01,Storage EE,0.6
UserB,h02_mw01,Gas Boiler,0.0
UserB,h02_mw01,HP,0.0
UserB,h02_mw01,AC,0.0
UserB,h02_mw01,Storage HW,0.0
UserB,h02_mw01,Radiators,0.0
UserB,h02_mw01,Floor heating,0.0
UserB,h02_mw01,Induction stove,0.0
UserB,h02_mw01,Gas stove,0.0
UserB,h02_mw01,Gas National Grid,0.0
UserB,h03_mw01,PV sys,0.0
UserB,h03_mw01,National Grid EE,0.0
UserB,h03_mw01,Storage EE,0.6
UserB,h03_mw01,Gas Boiler,0.0
UserB,h03_mw01,HP,0.0
UserB,h03_mw01,AC,0.0
UserB,h03_mw01,Storage HW,0.0
UserB,h03_mw01,Radiators,0.0
UserB,h03_mw01,Floor heating,0.0
UserB,h03_mw01,Induction stove,0.0
UserB,h03_mw01,Gas stove,0.0
UserB,h03_mw01,Gas National Grid,0.0
UserB,h04_mw01,PV sys,0.0
UserB,h04_mw01,National Grid EE,0.0
UserB,h04_mw01,Storage EE,0.6
UserB,h04_mw01,Gas Boiler,0.0
UserB,h04_mw01,HP,0.0
UserB,h04_mw01,AC,0.0
UserB,h04_mw01,Storage HW,0.0
UserB,h04_mw01,Radiators,0.0
UserB,h04_mw01,Floor heating,0.0
UserB,h04_mw01,Induction stove,0.0
UserB,h04_mw01,Gas stove,0.0
UserB,h04_mw01,Gas National Grid,0.0
UserB,h05_mw01,PV sys,0.0
UserB,h05_mw01,National Grid EE,0.0
UserB,h05_mw01,Storage EE,0.6
UserB,h05_mw01,Gas Boiler,0.0
UserB,h05_mw01,HP,0.0
UserB,h05_mw01,AC,0.0
UserB,h05_mw01,Storage HW,0.0
UserB,h05_mw01,Radiators,0.0
UserB,h05_mw01,Floor heating,0.0
UserB,h05_mw01,Induction stove,0.0
UserB,h05_mw01,Gas stove,0.0
UserB,h05_mw01,Gas National Grid,0.0
UserB,h06_mw01,PV sys,0.0
UserB,h06_mw01,National Grid EE,0.0
UserB,h06_mw01,Storage EE,0.6
UserB,h06_mw01,Gas Boiler,0.0
UserB,h06_mw01,HP,0.0
UserB,h06_mw01,AC,0.0
UserB,h06_mw01,Storage HW,0.0
UserB,h06_mw01,Radiators,0.0
UserB,h06_mw01,Floor heating,0.0
UserB,h06_mw01,Induction stove,0.0
UserB,h06_mw01,Gas stove,0.0
UserB,h06_mw01,Gas National Grid,0.0
UserB,h07_mw01,PV sys,0.0
UserB,h07_mw01,National Grid EE,0.0
UserB,h07_mw01,Storage EE,0.745300416396681
UserB,h07_mw01,Gas Boiler,0.0
UserB,h07_mw01,HP,0.0
UserB,h07_mw01,AC,0.0
UserB,h07_mw01,Storage HW,0.0
UserB,h07_mw01,Radiators,0.0
UserB,h07_mw01,Floor heating,0.0
UserB,h07_mw01,Induction stove,0.0
UserB,h07_mw01,Gas stove,0.0
UserB,h07_mw01,Gas National Grid,0.0
UserB,h08_mw01,PV sys,0.0
UserB,h08_mw01,National Grid EE,0.0
UserB,h08_mw01,Storage EE,1.119922522407954
UserB,h08_mw01,Gas Boiler,0.0
UserB,h08_mw01,HP,0.0
UserB,h08_mw01,AC,0.0
UserB,h08_mw01,Storage HW,0.0
UserB,h08_mw01,Radiators,0.0
UserB,h08_mw01,Floor heating,0.0
UserB,h08_mw01,Induction stove,0.0
UserB,h08_mw01,Gas stove,0.0
UserB,h08_mw01,Gas National Grid,0.0
UserB,h09_mw01,PV sys,0.0
UserB,h09_mw01,National Grid EE,0.0
UserB,h09_mw01,Storage EE,1.1396560865637104
UserB,h09_mw01,Gas Boiler,0.0
UserB,h09_mw01,HP,0.0
UserB,h09_mw01,AC,0.0
UserB,h09_mw01,Storage HW,0.0
UserB,h09_mw01,Radiators,0.0
UserB,h09_mw01,Floor heating,0.0
UserB,h09_mw01,Induction stove,0.0
UserB,h09_mw01,Gas stove,0.0
UserB,h09_mw01,Gas National Grid,0.0
UserB,h10_mw01,PV sys,0.0
UserB,h10_mw01,National Grid EE,0.0
UserB,h10_mw01,Storage EE,3.1829635984730933
UserB,h10_mw01,Gas Boiler,0.0
UserB,h10_mw01,HP,0.0
UserB,h10_mw01,AC,0.0
UserB,h10_mw01,Storage HW,0.0
UserB,h10_mw01,Radiators,0.0
UserB,h10_mw01,Floor heating,0.0
UserB,h10_mw01,Induction stove,0.0
UserB,h10_mw01,Gas stove,0.0
UserB,h10_mw01,Gas National Grid,0.0
UserB,h11_mw01,PV sys,0.0
UserB,h11_mw01,National Grid EE,0.0
UserB,h11_mw01,Storage EE,5.7
UserB,h11_mw01,Gas Boiler,0.0
UserB,h11_mw01,HP,0.0
UserB,h11_mw01,AC,0.0
UserB,h11_mw01,Storage HW,0.0
UserB,h11_mw01,Radiators,0.0
UserB,h11_mw01,Floor heating,0.0
UserB,h11_mw01,Induction stove,0.0
UserB,h11_mw01,Gas stove,0.0
UserB,h11_mw01,Gas National Grid,0.0
UserB,h12_mw01,PV sys,0.0
UserB,h12_mw01,National Grid EE,0.0
UserB,h12_mw01,Storage EE,5.7
UserB,h12_mw01,Gas Boiler,0.0
UserB,h12_mw01,HP,0.0
UserB,h12_mw01,AC,0.0
UserB,h12_mw01,Storage HW,0.0
UserB,h12_mw01,Radiators,0.0
UserB,h12_mw01,Floor heating,0.0
UserB,h12_mw01,Induction stove,0.0
UserB,h12_mw01,Gas stove,0.0
UserB,h12_mw01,Gas National Grid,0.0
UserB,h13_mw01,PV sys,0.0
UserB,h13_mw01,National Grid EE,0.0
UserB,h13_mw01,Storage EE,4.768863065078218
UserB,h13_mw01,Gas Boiler,0.0
UserB,h13_mw01,HP,0.0
UserB,h13_mw01,AC,0.0
UserB,h13_mw01,Storage HW,0.0
UserB,h13_mw01,Radiators,0.0
UserB,h13_mw01,Floor heating,0.0
UserB,h13_mw01,Induction stove,0.0
UserB,h13_mw01,Gas stove,0.0
UserB,h13_mw01,Gas National Grid,0.0
UserB,h14_mw01,PV sys,0.0
UserB,h14_mw01,National Grid EE,0.0
UserB,h14_mw01,Storage EE,5.7
UserB,h14_mw01,Gas Boiler,0.0
UserB,h14_mw01,HP,0.0
UserB,h14_mw01,AC,0.0
UserB,h14_mw01,Storage HW,0.0
UserB,h14_mw01,Radiators,0.0
UserB,h14_mw01,Floor heating,0.0
UserB,h14_mw01,Induction stove,0.0
UserB,h14_mw01,Gas stove,0.0
UserB,h14_mw01,Gas National Grid,0.0
UserB,h15_mw01,PV sys,0.0
UserB,h15_mw01,National Grid EE,0.0
UserB,h15_mw01,Storage EE,4.993302223140429
UserB,h15_mw01,Gas Boiler,0.0
UserB,h15_mw01,HP,0.0
UserB,h15_mw01,AC,0.0
UserB,h15_mw01,Storage HW,0.0
UserB,h15_mw01,Radiators,0.0
UserB,h15_mw01,Floor heating,0.0
UserB,h15_mw01,Induction stove,0.0
UserB,h15_mw01,Gas stove,0.0
UserB,h15_mw01,Gas National Grid,0.0
UserB,h16_mw01,PV sys,0.0
UserB,h16_mw01,National Grid EE,0.0
UserB,h16_mw01,Storage EE,5.500347554010616
UserB,h16_mw01,Gas Boiler,0.0
UserB,h16_mw01,HP,0.0
UserB,h16_mw01,AC,0.0
UserB,h16_mw01,Storage HW,0.0
UserB,h16_mw01,Radiators,0.0
UserB,h16_mw01,Floor heating,0.0
UserB,h16_mw01,Induction stove,0.0
UserB,h16_mw01,Gas stove,0.0
UserB,h16_mw01,Gas National Grid,0.0
UserB,h17_mw01,PV sys,0.0
UserB,h17_mw01,National Grid EE,0.0
UserB,h17_mw01,Storage EE,5.7
UserB,h17_mw01,Gas Boiler,0.0
UserB,h17_mw01,HP,0.0
UserB,h17_mw01,AC,0.0
UserB,h17_mw01,Storage HW,0.0
UserB,h17_mw01,Radiators,0.0
UserB,h17_mw01,Floor heating,0.0
UserB,h17_mw01,Induction stove,0.0
UserB,h17_mw01,Gas stove,0.0
UserB,h17_mw01,Gas National Grid,0.0
UserB,h18_mw01,PV sys,0.0
UserB,h18_mw01,National Grid EE,0.0
UserB,h18_mw01,Storage EE,5.7
UserB,h18_mw01,Gas Boiler,0.0
UserB,h18_mw01,HP,0.0
UserB,h18_mw01,AC,0.0
UserB,h18_mw01,Storage HW,0.0
UserB,h18_mw01,Radiators,0.0
UserB,h18_mw01,Floor heating,0.0
UserB,h18_mw01,Induction stove,0.0
UserB,h18_mw01,Gas stove,0.0
UserB,h18_mw01,Gas National Grid,0.0
UserB,h19_mw01,PV sys,0.0
UserB,h19_mw01,National Grid EE,0.0
UserB,h19_mw01,Storage EE,5.7
UserB,h19_mw01,Gas Boiler,0.0
UserB,h19_mw01,HP,0.0
UserB,h19_mw01,AC,0.0
UserB,h19_mw01,Storage HW,0.0
UserB,h19_mw01,Radiators,0.0
UserB,h19_mw01,Floor heating,0.0
UserB,h19_mw01,Induction stove,0.0
UserB,h19_mw01,Gas stove,0.0
UserB,h19_mw01,Gas National Grid,0.0
UserB,h20_mw01,PV sys,0.0
UserB,h20_mw01,National Grid EE,0.0
UserB,h20_mw01,Storage EE,5.7
UserB,h20_mw01,Gas Boiler,0.0
UserB,h20_mw01,HP,0.0
UserB,h20_mw01,AC,0.0
UserB,h20_mw01,Storage HW,0.0
UserB,h20_mw01,Radiators,0.0
UserB,h20_mw01,Floor heating,0.0
UserB,h20_mw01,Induction stove,0.0
UserB,h20_mw01,Gas stove,0.0
UserB,h20_mw01,Gas National Grid,0.0
UserB,h21_mw01,PV sys,0.0
UserB,h21_mw01,National Grid EE,0.0
UserB,h21_mw01,Storage EE,5.7
UserB,h21_mw01,Gas Boiler,0.0
UserB,h21_mw01,HP,0.0
UserB,h21_mw01,AC,0.0
UserB,h21_mw01,Storage HW,0.0
UserB,h21_mw01,Radiators,0.0
UserB,h21_mw01,Floor heating,0.0
UserB,h21_mw01,Induction stove,0.0
UserB,h21_mw01,Gas stove,0.0
UserB,h21_mw01,Gas National Grid,0.0
UserB,h22_mw01,PV sys,0.0
UserB,h22_mw01,National Grid EE,0.0
UserB,h22_mw01,Storage EE,5.7
UserB,h22_mw01,Gas Boiler,0.0
UserB,h22_mw01,HP,0.0
UserB,h22_mw01,AC,0.0
UserB,h22_mw01,Storage HW,0.0
UserB,h22_mw01,Radiators,0.0
UserB,h22_mw01,Floor heating,0.0
UserB,h22_mw01,Induction stove,0.0
UserB,h22_mw01,Gas stove,0.0
UserB,h22_mw01,Gas National Grid,0.0
UserB,h23_mw01,PV sys,0.0
UserB,h23_mw01,National Grid EE,0.0
UserB,h23_mw01,Storage EE,5.7
UserB,h23_mw01,Gas Boiler,0.0
UserB,h23_mw01,HP,0.0
UserB,h23_mw01,AC,0.0
UserB,h23_mw01,Storage HW,0.0
UserB,h23_mw01,Radiators,0.0
UserB,h23_mw01,Floor heating,0.0
UserB,h23_mw01,Induction stove,0.0
UserB,h23_mw01,Gas stove,0.0
UserB,h23_mw01,Gas National Grid,0.0
UserB,h24_mw01,PV sys,0.0
UserB,h24_mw01,National Grid EE,0.0
UserB,h24_mw01,Storage EE,5.7
UserB,h24_mw01,Gas Boiler,0.0
UserB,h24_mw01,HP,0.0
UserB,h24_mw01,AC,0.0
UserB,h24_mw01,Storage HW,0.0
UserB,h24_mw01,Radiators,0.0
UserB,h24_mw01,Floor heating,0.0
UserB,h24_mw01,Induction stove,0.0
UserB,h24_mw01,Gas stove,0.0
UserB,h24_mw01,Gas National Grid,0.0
UserB,h01_mw02,PV sys,0.0
UserB,h01_mw02,National Grid EE,0.0
UserB,h01_mw02,Storage EE,5.7
UserB,h01_mw02,Gas Boiler,0.0
UserB,h01_mw02,HP,0.0
UserB,h01_mw02,AC,0.0
UserB,h01_mw02,Storage HW,0.0
UserB,h01_mw02,Radiators,0.0
UserB,h01_mw02,Floor heating,0.0
UserB,h01_mw02,Induction stove,0.0
UserB,h01_mw02,Gas stove,0.0
UserB,h01_mw02,Gas National Grid,0.0
UserB,h02_mw02,PV sys,0.0
UserB,h02_mw02,National Grid EE,0.0
UserB,h02_mw02,Storage EE,5.533711476622461
UserB,h02_mw02,Gas Boiler,0.0
UserB,h02_mw02,HP,0.0
UserB,h02_mw02,AC,0.0
UserB,h02_mw02,Storage HW,0.0
UserB,h02_mw02,Radiators,0.0
UserB,h02_mw02,Floor heating,0.0
UserB,h02_mw02,Induction stove,0.0
UserB,h02_mw02,Gas stove,0.0
UserB,h02_mw02,Gas National Grid,0.0
UserB,h03_mw02,PV sys,0.0
UserB,h03_mw02,National Grid EE,0.0
UserB,h03_mw02,Storage EE,5.533711476622461
UserB,h03_mw02,Gas Boiler,0.0
UserB,h03_mw02,HP,0.0
UserB,h03_mw02,AC,0.0
UserB,h03_mw02,Storage HW,0.0
UserB,h03_mw02,Radiators,0.0
UserB,h03_mw02,Floor heating,0.0
UserB,h03_mw02,Induction stove,0.0
UserB,h03_mw02,Gas stove,0.0
UserB,h03_mw02,Gas National Grid,0.0
UserB,h04_mw02,PV sys,0.0
UserB,h04_mw02,National Grid EE,0.0
UserB,h04_mw02,Storage EE,5.408247459347601
UserB,h04_mw02,Gas Boiler,0.0
UserB,h04_mw02,HP,0.0
UserB,h04_mw02,AC,0.0
UserB,h04_mw02,Storage HW,0.0
UserB,h04_mw02,Radiators,0.0
UserB,h04_mw02,Floor heating,0.0
UserB,h04_mw02,Induction stove,0.0
UserB,h04_mw02,Gas stove,0.0
UserB,h04_mw02,Gas National Grid,0.0
UserB,h05_mw02,PV sys,0.0
UserB,h05_mw02,National Grid EE,0.0
UserB,h05_mw02,Storage EE,5.408247459347602
UserB,h05_mw02,Gas Boiler,0.0
UserB,h05_mw02,HP,0.0
UserB,h05_mw02,AC,0.0
UserB,h05_mw02,Storage HW,0.0
UserB,h05_mw02,Radiators,0.0
UserB,h05_mw02,Floor heating,0.0
UserB,h05_mw02,Induction stove,0.0
UserB,h05_mw02,Gas stove,0.0
UserB,h05_mw02,Gas National Grid,0.0
UserB,h06_mw02,PV sys,0.0
UserB,h06_mw02,National Grid EE,0.0
UserB,h06_mw02,Storage EE,5.408247459347602
UserB,h06_mw02,Gas Boiler,0.0
UserB,h06_mw02,HP,0.0
UserB,h06_mw02,AC,0.0
UserB,h06_mw02,Storage HW,0.0
UserB,h06_mw02,Radiators,0.0
UserB,h06_mw02,Floor heating,0.0
UserB,h06_mw02,Induction stove,0.0
UserB,h06_mw02,Gas stove,0.0
UserB,h06_mw02,Gas National Grid,0.0
UserB,h07_mw02,PV sys,0.0
UserB,h07_mw02,National Grid EE,0.0
UserB,h07_mw02,Storage EE,5.134316963799743
UserB,h07_mw02,Gas Boiler,0.0
UserB,h07_mw02,HP,0.0
UserB,h07_mw02,AC,0.0
UserB,h07_mw02,Storage HW,0.0
UserB,h07_mw02,Radiators,0.0
UserB,h07_mw02,Floor heating,0.0
UserB,h07_mw02,Induction stove,0.0
UserB,h07_mw02,Gas stove,0.0
UserB,h07_mw02,Gas National Grid,0.0
UserB,h08_mw02,PV sys,0.0
UserB,h08_mw02,National Grid EE,0.0
UserB,h08_mw02,Storage EE,5.338801596395478
UserB,h08_mw02,Gas Boiler,0.0
UserB,h08_mw02,HP,0.0
UserB,h08_mw02,AC,0.0
UserB,h08_mw02,Storage HW,0.0
UserB,h08_mw02,Radiators,0.0
UserB,h08_mw02,Floor heating,0.0
UserB,h08_mw02,Induction stove,0.0
UserB,h08_mw02,Gas stove,0.0
UserB,h08_mw02,Gas National Grid,0.0
UserB,h09_mw02,PV sys,0.0
UserB,h09_mw02,National Grid EE,0.0
UserB,h09_mw02,Storage EE,5.014051482317764
UserB,h09_mw02,Gas Boiler,0.0
UserB,h09_mw02,HP,0.0
UserB,h09_mw02,AC,0.0
UserB,h09_mw02,Storage HW,0.0
UserB,h09_mw02,Radiators,0.0
UserB,h09_mw02,Floor heating,0.0
UserB,h09_mw02,Induction stove,0.0
UserB,h09_mw02,Gas stove,0.0
UserB,h09_mw02,Gas National Grid,0.0
UserB,h10_mw02,PV sys,0.0
UserB,h10_mw02,National Grid EE,0.0
UserB,h10_mw02,Storage EE,4.993843193522994
UserB,h10_mw02,Gas Boiler,0.0
UserB,h10_mw02,HP,0.0
UserB,h10_mw02,AC,0.0
UserB,h10_mw02,Storage HW,0.0
UserB,h10_mw02,Radiators,0.0
UserB,h10_mw02,Floor heating,0.0
UserB,h10_mw02,Induction stove,0.0
UserB,h10_mw02,Gas stove,0.0
UserB,h10_mw02,Gas National Grid,0.0
UserB,h11_mw02,PV sys,0.0
UserB,h11_mw02,National Grid EE,0.0
UserB,h11_mw02,Storage EE,5.104907663608025
UserB,h11_mw02,Gas Boiler,0.0
UserB,h11_mw02,HP,0.0
UserB,h11_mw02,AC,0.0
UserB,h11_mw02,Storage HW,0.0
UserB,h11_mw02,Radiators,0.0
UserB,h11_mw02,Floor heating,0.0
UserB,h11_mw02,Induction stove,0.0
UserB,h11_mw02,Gas stove,0.0
UserB,h11_mw02,Gas National Grid,0.0
UserB,h12_mw02,PV sys,0.0
UserB,h12_mw02,National Grid EE,0.0
UserB,h12_mw02,Storage EE,5.264988491321607
UserB,h12_mw02,Gas Boiler,0.0
UserB,h12_mw02,HP,0.0
UserB,h12_mw02,AC,0.0
UserB,h12_mw02,Storage HW,0.0
UserB,h12_mw02,Radiators,0.0
UserB,h12_mw02,Floor heating,0.0
UserB,h12_mw02,Induction stove,0.0
UserB,h12_mw02,Gas stove,0.0
UserB,h12_mw02,Gas National Grid,0.0
UserB,h13_mw02,PV sys,0.0
UserB,h13_mw02,National Grid EE,0.0
UserB,h13_mw02,Storage EE,5.442431734469083
UserB,h13_mw02,Gas Boiler,0.0
UserB,h13_mw02,HP,0.0
UserB,h13_mw02,AC,0.0
UserB,h13_mw02,Storage HW,0.0
UserB,h13_mw02,Radiators,0.0
UserB,h13_mw02,Floor heating,0.0
UserB,h13_mw02,Induction stove,0.0
UserB,h13_mw02,Gas stove,0.0
UserB,h13_mw02,Gas National Grid,0.0
UserB,h14_mw02,PV sys,0.0
UserB,h14_mw02,National Grid EE,0.0
UserB,h14_mw02,Storage EE,5.5773584307600705
UserB,h14_mw02,Gas Boiler,0.0
UserB,h14_mw02,HP,0.0
UserB,h14_mw02,AC,0.0
UserB,h14_mw02,Storage HW,0.0
UserB,h14_mw02,Radiators,0.0
UserB,h14_mw02,Floor heating,0.0
UserB,h14_mw02,Induction stove,0.0
UserB,h14_mw02,Gas stove,0.0
UserB,h14_mw02,Gas National Grid,0.0
UserB,h15_mw02,PV sys,0.0
UserB,h15_mw02,National Grid EE,0.0
UserB,h15_mw02,Storage EE,5.6530746062186905
UserB,h15_mw02,Gas Boiler,0.0
UserB,h15_mw02,HP,0.0
UserB,h15_mw02,AC,0.0
UserB,h15_mw02,Storage HW,0.0
UserB,h15_mw02,Radiators,0.0
UserB,h15_mw02,Floor heating,0.0
UserB,h15_mw02,Induction stove,0.0
UserB,h15_mw02,Gas stove,0.0
UserB,h15_mw02,Gas National Grid,0.0
UserB,h16_mw02,PV sys,0.0
UserB,h16_mw02,National Grid EE,0.0
UserB,h16_mw02,Storage EE,5.7
UserB,h16_mw02,Gas Boiler,0.0
UserB,h16_mw02,HP,0.0
UserB,h16_mw02,AC,0.0
UserB,h16_mw02,Storage HW,0.0
UserB,h16_mw02,Radiators,0.0
UserB,h16_mw02,Floor heating,0.0
UserB,h16_mw02,Induction stove,0.0
UserB,h16_mw02,Gas stove,0.0
UserB,h16_mw02,Gas National Grid,0.0
UserB,h17_mw02,PV sys,0.0
UserB,h17_mw02,National Grid EE,0.0
UserB,h17_mw02,Storage EE,5.590795331146399
UserB,h17_mw02,Gas Boiler,0.0
UserB,h17_mw02,HP,0.0
UserB,h17_mw02,AC,0.0
UserB,h17_mw02,Storage HW,0.0
UserB,h17_mw02,Radiators,0.0
UserB,h17_mw02,Floor heating,0.0
UserB,h17_mw02,Induction stove,0.0
UserB,h17_mw02,Gas stove,0.0
UserB,h17_mw02,Gas National Grid,0.0
UserB,h18_mw02,PV sys,0.0
UserB,h18_mw02,National Grid EE,0.0
UserB,h18_mw02,Storage EE,5.590795331146399
UserB,h18_mw02,Gas Boiler,0.0
UserB,h18_mw02,HP,0.0
UserB,h18_mw02,AC,0.0
UserB,h18_mw02,Storage HW,0.0
UserB,h18_mw02,Radiators,0.0
UserB,h18_mw02,Floor heating,0.0
UserB,h18_mw02,Induction stove,0.0
UserB,h18_mw02,Gas stove,0.0
UserB,h18_mw02,Gas National Grid,0.0
UserB,h19_mw02,PV sys,0.0
UserB,h19_mw02,National Grid EE,0.0
UserB,h19_mw02,Storage EE,5.590795331146399
UserB,h19_mw02,Gas Boiler,0.0
UserB,h19_mw02,HP,0.0
UserB,h19_mw02,AC,0.0
UserB,h19_mw02,Storage HW,0.0
UserB,h19_mw02,Radiators,0.0
UserB,h19_mw02,Floor heating,0.0
UserB,h19_mw02,Induction stove,0.0
UserB,h19_mw02,Gas stove,0.0
UserB,h19_mw02,Gas National Grid,0.0
UserB,h20_mw02,PV sys,0.0
UserB,h20_mw02,National Grid EE,0.0
UserB,h20_mw02,Storage EE,5.310041044896027
UserB,h20_mw02,Gas Boiler,0.0
UserB,h20_mw02,HP,0.0
UserB,h20_mw02,AC,0.0
UserB,h20_mw02,Storage HW,0.0
UserB,h20_mw02,Radiators,0.0
UserB,h20_mw02,Floor heating,0.0
UserB,h20_mw02,Induction stove,0.0
UserB,h20_mw02,Gas stove,0.0
UserB,h20_mw02,Gas National Grid,0.0
UserB,h21_mw02,PV sys,0.0
UserB,h21_mw02,National Grid EE,0.0
UserB,h21_mw02,Storage EE,5.310041044896027
UserB,h21_mw02,Gas Boiler,0.0
UserB,h21_mw02,HP,0.0
UserB,h21_mw02,AC,0.0
UserB,h21_mw02,Storage HW,0.0
UserB,h21_mw02,Radiators,0.0
UserB,h21_mw02,Floor heating,0.0
UserB,h21_mw02,Induction stove,0.0
UserB,h21_mw02,Gas stove,0.0
UserB,h21_mw02,Gas National Grid,0.0
UserB,h22_mw02,PV sys,0.0
UserB,h22_mw02,National Grid EE,0.0
UserB,h22_mw02,Storage EE,5.310041044895764
UserB,h22_mw02,Gas Boiler,0.0
UserB,h22_mw02,HP,0.0
UserB,h22_mw02,AC,0.0
UserB,h22_mw02,Storage HW,0.0
UserB,h22_mw02,Radiators,0.0
UserB,h22_mw02,Floor heating,0.0
UserB,h22_mw02,Induction stove,0.0
UserB,h22_mw02,Gas stove,0.0
UserB,h22_mw02,Gas National Grid,0.0
UserB,h23_mw02,PV sys,0.0
UserB,h23_mw02,National Grid EE,0.0
UserB,h23_mw02,Storage EE,5.310041044895582
UserB,h23_mw02,Gas Boiler,0.0
UserB,h23_mw02,HP,0.0
UserB,h23_mw02,AC,0.0
UserB,h23_mw02,Storage HW,0.0
UserB,h23_mw02,Radiators,0.0
UserB,h23_mw02,Floor heating,0.0
UserB,h23_mw02,Induction stove,0.0
UserB,h23_mw02,Gas stove,0.0
UserB,h23_mw02,Gas National Grid,0.0
UserB,h24_mw02,PV sys,0.0
UserB,h24_mw02,National Grid EE,0.0
UserB,h24_mw02,Storage EE,5.310041044895167
UserB,h24_mw02,Gas Boiler,0.0
UserB,h24_mw02,HP,0.0
UserB,h24_mw02,AC,0.0
UserB,h24_mw02,Storage HW,0.0
UserB,h24_mw02,Radiators,0.0
UserB,h24_mw02,Floor heating,0.0
UserB,h24_mw02,Induction stove,0.0
UserB,h24_mw02,Gas stove,0.0
UserB,h24_mw02,Gas National Grid,0.0
UserB,h01_mw03,PV sys,0.0
UserB,h01_mw03,National Grid EE,0.0
UserB,h01_mw03,Storage EE,5.310041044896625
UserB,h01_mw03,Gas Boiler,0.0
UserB,h01_mw03,HP,0.0
UserB,h01_mw03,AC,0.0
UserB,h01_mw03,Storage HW,0.0
UserB,h01_mw03,Radiators,0.0
UserB,h01_mw03,Floor heating,0.0
UserB,h01_mw03,Induction stove,0.0
UserB,h01_mw03,Gas stove,0.0
UserB,h01_mw03,Gas National Grid,0.0
UserB,h02_mw03,PV sys,0.0
UserB,h02_mw03,National Grid EE,0.0
UserB,h02_mw03,Storage EE,5.310041044896625
UserB,h02_mw03,Gas Boiler,0.0
UserB,h02_mw03,HP,0.0
UserB,h02_mw03,AC,0.0
UserB,h02_mw03,Storage HW,0.0
UserB,h02_mw03,Radiators,0.0
UserB,h02_mw03,Floor heating,0.0
UserB,h02_mw03,Induction stove,0.0
UserB,h02_mw03,Gas stove,0.0
UserB,h02_mw03,Gas National Grid,0.0
UserB,h03_mw03,PV sys,0.0
UserB,h03_mw03,National Grid EE,0.0
UserB,h03_mw03,Storage EE,5.310041044896633
UserB,h03_mw03,Gas Boiler,0.0
UserB,h03_mw03,HP,0.0
UserB,h03_mw03,AC,0.0
UserB,h03_mw03,Storage HW,0.0
UserB,h03_mw03,Radiators,0.0
UserB,h03_mw03,Floor heating,0.0
UserB,h03_mw03,Induction stove,0.0
UserB,h03_mw03,Gas stove,0.0
UserB,h03_mw03,Gas National Grid,0.0
UserB,h04_mw03,PV sys,0.0
UserB,h04_mw03,National Grid EE,0.0
UserB,h04_mw03,Storage EE,5.310041044896626
UserB,h04_mw03,Gas Boiler,0.0
UserB,h04_mw03,HP,0.0
UserB,h04_mw03,AC,0.0
UserB,h04_mw03,Storage HW,0.0
UserB,h04_mw03,Radiators,0.0
UserB,h04_mw03,Floor heating,0.0
UserB,h04_mw03,Induction stove,0.0
UserB,h04_mw03,Gas stove,0.0
UserB,h04_mw03,Gas National Grid,0.0
UserB,h05_mw03,PV sys,0.0
UserB,h05_mw03,National Grid EE,0.0
UserB,h05_mw03,Storage EE,5.310041044896626
UserB,h05_mw03,Gas Boiler,0.0
UserB,h05_mw03,HP,0.0
UserB,h05_mw03,AC,0.0
UserB,h05_mw03,Storage HW,0.0
UserB,h05_mw03,Radiators,0.0
UserB,h05_mw03,Floor heating,0.0
UserB,h05_mw03,Induction stove,0.0
UserB,h05_mw03,Gas stove,0.0
UserB,h05_mw03,Gas National Grid,0.0
UserB,h06_mw03,PV sys,0.0
UserB,h06_mw03,National Grid EE,0.0
UserB,h06_mw03,Storage EE,5.310041044896626
UserB,h06_mw03,Gas Boiler,0.0
UserB,h06_mw03,HP,0.0
UserB,h06_mw03,AC,0.0
UserB,h06_mw03,Storage HW,0.0
UserB,h06_mw03,Radiators,0.0
UserB,h06_mw03,Floor heating,0.0
UserB,h06_mw03,Induction stove,0.0
UserB,h06_mw03,Gas stove,0.0
UserB,h06_mw03,Gas National Grid,0.0
UserB,h07_mw03,PV sys,0.0
UserB,h07_mw03,National Grid EE,0.0
UserB,h07_mw03,Storage EE,5.044352599365158
UserB,h07_mw03,Gas Boiler,0.0
UserB,h07_mw03,HP,0.0
UserB,h07_mw03,AC,0.0
UserB,h07_mw03,Storage HW,0.0
UserB,h07_mw03,Radiators,0.0
UserB,h07_mw03,Floor heating,0.0
UserB,h07_mw03,Induction stove,0.0
UserB,h07_mw03,Gas stove,0.0
UserB,h07_mw03,Gas National Grid,0.0
UserB,h08_mw03,PV sys,0.0
UserB,h08_mw03,National Grid EE,0.0
UserB,h08_mw03,Storage EE,4.7083441185284105
UserB,h08_mw03,Gas Boiler,0.0
UserB,h08_mw03,HP,0.0
UserB,h08_mw03,AC,0.0
UserB,h08_mw03,Storage HW,0.0
UserB,h08_mw03,Radiators,0.0
UserB,h08_mw03,Floor heating,0.0
UserB,h08_mw03,Induction stove,0.0
UserB,h08_mw03,Gas stove,0.0
UserB,h08_mw03,Gas National Grid,0.0
UserB,h09_mw03,PV sys,0.0
UserB,h09_mw03,National Grid EE,0.0
UserB,h09_mw03,Storage EE,3.920375894007963
UserB,h09_mw03,Gas Boiler,0.0
UserB,h09_mw03,HP,0.0
UserB,h09_mw03,AC,0.0
UserB,h09_mw03,Storage HW,0.0
UserB,h09_mw03,Radiators,0.0
UserB,h09_mw03,Floor heating,0.0
UserB,h09_mw03,Induction stove,0.0
UserB,h09_mw03,Gas stove,0.0
UserB,h09_mw03,Gas National Grid,0.0
UserB,h10_mw03,PV sys,0.0
UserB,h10_mw03,National Grid EE,0.0
UserB,h10_mw03,Storage EE,3.731148309971215
UserB,h10_mw03,Gas Boiler,0.0
UserB,h10_mw03,HP,0.0
UserB,h10_mw03,AC,0.0
UserB,h10_mw03,Storage HW,0.0
UserB,h10_mw03,Radiators,0.0
UserB,h10_mw03,Floor heating,0.0
UserB,h10_mw03,Induction stove,0.0
UserB,h10_mw03,Gas stove,0.0
UserB,h10_mw03,Gas National Grid,0.0
UserB,h11_mw03,PV sys,0.0
UserB,h11_mw03,National Grid EE,0.0
UserB,h11_mw03,Storage EE,3.73280221771226
UserB,h11_mw03,Gas Boiler,0.0
UserB,h11_mw03,HP,0.0
UserB,h11_mw03,AC,0.0
UserB,h11_mw03,Storage HW,0.0
UserB,h11_mw03,Radiators,0.0
UserB,h11_mw03,Floor heating,0.0
UserB,h11_mw03,Induction stove,0.0
UserB,h11_mw03,Gas stove,0.0
UserB,h11_mw03,Gas National Grid,0.0
UserB,h12_mw03,PV sys,0.0
UserB,h12_mw03,National Grid EE,0.0
UserB,h12_mw03,Storage EE,3.8824415304311044
UserB,h12_mw03,Gas Boiler,0.0
UserB,h12_mw03,HP,0.0
UserB,h12_mw03,AC,0.0
UserB,h12_mw03,Storage HW,0.0
UserB,h12_mw03,Radiators,0.0
UserB,h12_mw03,Floor heating,0.0
UserB,h12_mw03,Induction stove,0.0
UserB,h12_mw03,Gas stove,0.0
UserB,h12_mw03,Gas National Grid,0.0
UserB,h13_mw03,PV sys,0.0
UserB,h13_mw03,National Grid EE,0.0
UserB,h13_mw03,Storage EE,3.960327445059989
UserB,h13_mw03,Gas Boiler,0.0
UserB,h13_mw03,HP,0.0
UserB,h13_mw03,AC,0.0
UserB,h13_mw03,Storage HW,0.0
UserB,h13_mw03,Radiators,0.0
UserB,h13_mw03,Floor heating,0.0
UserB,h13_mw03,Induction stove,0.0
UserB,h13_mw03,Gas stove,0.0
UserB,h13_mw03,Gas National Grid,0.0
UserB,h14_mw03,PV sys,0.0
UserB,h14_mw03,National Grid EE,0.0
UserB,h14_mw03,Storage EE,4.075626666895255
UserB,h14_mw03,Gas Boiler,0.0
UserB,h14_mw03,HP,0.0
UserB,h14_mw03,AC,0.0
UserB,h14_mw03,Storage HW,0.0
UserB,h14_mw03,Radiators,0.0
UserB,h14_mw03,Floor heating,0.0
UserB,h14_mw03,Induction stove,0.0
UserB,h14_mw03,Gas stove,0.0
UserB,h14_mw03,Gas National Grid,0.0
UserB,h15_mw03,PV sys,0.0
UserB,h15_mw03,National Grid EE,0.0
UserB,h15_mw03,Storage EE,4.1121717975939145
UserB,h15_mw03,Gas Boiler,0.0
UserB,h15_mw03,HP,0.0
UserB,h15_mw03,AC,0.0
UserB,h15_mw03,Storage HW,0.0
UserB,h15_mw03,Radiators,0.0
UserB,h15_mw03,Floor heating,0.0
UserB,h15_mw03,Induction stove,0.0
UserB,h15_mw03,Gas stove,0.0
UserB,h15_mw03,Gas National Grid,0.0
UserB,h16_mw03,PV sys,0.0
UserB,h16_mw03,National Grid EE,0.0
UserB,h16_mw03,Storage EE,4.126607910417267
UserB,h16_mw03,Gas Boiler,0.0
UserB,h16_mw03,HP,0.0
UserB,h16_mw03,AC,0.0
UserB,h16_mw03,Storage HW,0.0
UserB,h16_mw03,Radiators,0.0
UserB,h16_mw03,Floor heating,0.0
UserB,h16_mw03,Induction stove,0.0
UserB,h16_mw03,Gas stove,0.0
UserB,h16_mw03,Gas National Grid,0.0
UserB,h17_mw03,PV sys,0.0
UserB,h17_mw03,National Grid EE,0.0
UserB,h17_mw03,Storage EE,3.988087735771246
UserB,h17_mw03,Gas Boiler,0.0
UserB,h17_mw03,HP,0.0
UserB,h17_mw03,AC,0.0
UserB,h17_mw03,Storage HW,0.0
UserB,h17_mw03,Radiators,0.0
UserB,h17_mw03,Floor heating,0.0
UserB,h17_mw03,Induction stove,0.0
UserB,h17_mw03,Gas stove,0.0
UserB,h17_mw03,Gas National Grid,0.0
UserB,h18_mw03,PV sys,0.0
UserB,h18_mw03,National Grid EE,0.0
UserB,h18_mw03,Storage EE,3.9880877357712388
UserB,h18_mw03,Gas Boiler,0.0
UserB,h18_mw03,HP,0.0
UserB,h18_mw03,AC,0.0
UserB,h18_mw03,Storage HW,0.0
UserB,h18_mw03,Radiators,0.0
UserB,h18_mw03,Floor heating,0.0
UserB,h18_mw03,Induction stove,0.0
UserB,h18_mw03,Gas stove,0.0
UserB,h18_mw03,Gas National Grid,0.0
UserB,h19_mw03,PV sys,0.0
UserB,h19_mw03,National Grid EE,0.0
UserB,h19_mw03,Storage EE,3.2486509200048346
UserB,h19_mw03,Gas Boiler,0.0
UserB,h19_mw03,HP,0.0
UserB,h19_mw03,AC,0.0
UserB,h19_mw03,Storage HW,0.0
UserB,h19_mw03,Radiators,0.0
UserB,h19_mw03,Floor heating,0.0
UserB,h19_mw03,Induction stove,0.0
UserB,h19_mw03,Gas stove,0.0
UserB,h19_mw03,Gas National Grid,0.0
UserB,h20_mw03,PV sys,0.0
UserB,h20_mw03,National Grid EE,0.0
UserB,h20_mw03,Storage EE,2.346343822832398
UserB,h20_mw03,Gas Boiler,0.0
UserB,h20_mw03,HP,0.0
UserB,h20_mw03,AC,0.0
UserB,h20_mw03,Storage HW,0.0
UserB,h20_mw03,Radiators,0.0
UserB,h20_mw03,Floor heating,0.0
UserB,h20_mw03,Induction stove,0.0
UserB,h20_mw03,Gas stove,0.0
UserB,h20_mw03,Gas National Grid,0.0
UserB,h21_mw03,PV sys,0.0
UserB,h21_mw03,National Grid EE,0.0
UserB,h21_mw03,Storage EE,2.346343822832398
UserB,h21_mw03,Gas Boiler,0.0
UserB,h21_mw03,HP,0.0
UserB,h21_mw03,AC,0.0
UserB,h21_mw03,Storage HW,0.0
UserB,h21_mw03,Radiators,0.0
UserB,h21_mw03,Floor heating,0.0
UserB,h21_mw03,Induction stove,0.0
UserB,h21_mw03,Gas stove,0.0
UserB,h21_mw03,Gas National Grid,0.0
UserB,h22_mw03,PV sys,0.0
UserB,h22_mw03,National Grid EE,0.0
UserB,h22_mw03,Storage EE,1.6996683199184917
UserB,h22_mw03,Gas Boiler,0.0
UserB,h22_mw03,HP,0.0
UserB,h22_mw03,AC,0.0
UserB,h22_mw03,Storage HW,0.0
UserB,h22_mw03,Radiators,0.0
UserB,h22_mw03,Floor heating,0.0
UserB,h22_mw03,Induction stove,0.0
UserB,h22_mw03,Gas stove,0.0
UserB,h22_mw03,Gas National Grid,0.0
UserB,h23_mw03,PV sys,0.0
UserB,h23_mw03,National Grid EE,0.0
UserB,h23_mw03,Storage EE,1.0253273148239155
UserB,h23_mw03,Gas Boiler,0.0
UserB,h23_mw03,HP,0.0
UserB,h23_mw03,AC,0.0
UserB,h23_mw03,Storage HW,0.0
UserB,h23_mw03,Radiators,0.0
UserB,h23_mw03,Floor heating,0.0
UserB,h23_mw03,Induction stove,0.0
UserB,h23_mw03,Gas stove,0.0
UserB,h23_mw03,Gas National Grid,0.0
UserB,h24_mw03,PV sys,0.0
UserB,h24_mw03,National Grid EE,0.0
UserB,h24_mw03,Storage EE,0.6
UserB,h24_mw03,Gas Boiler,0.0
UserB,h24_mw03,HP,0.0
UserB,h24_mw03,AC,0.0
UserB,h24_mw03,Storage HW,0.0
UserB,h24_mw03,Radiators,0.0
UserB,h24_mw03,Floor heating,0.0
UserB,h24_mw03,Induction stove,0.0
UserB,h24_mw03,Gas stove,0.0
UserB,h24_mw03,Gas National Grid,0.0
UserB,h01_mw04,PV sys,0.0
UserB,h01_mw04,National Grid EE,0.0
UserB,h01_mw04,Storage EE,0.6
UserB,h01_mw04,Gas Boiler,0.0
UserB,h01_mw04,HP,0.0
UserB,h01_mw04,AC,0.0
UserB,h01_mw04,Storage HW,0.0
UserB,h01_mw04,Radiators,0.0
UserB,h01_mw04,Floor heating,0.0
UserB,h01_mw04,Induction stove,0.0
UserB,h01_mw04,Gas stove,0.0
UserB,h01_mw04,Gas National Grid,0.0
UserB,h02_mw04,PV sys,0.0
UserB,h02_mw04,National Grid EE,0.0
UserB,h02_mw04,Storage EE,0.6
UserB,h02_mw04,Gas Boiler,0.0
UserB,h02_mw04,HP,0.0
UserB,h02_mw04,AC,0.0
UserB,h02_mw04,Storage HW,0.0
UserB,h02_mw04,Radiators,0.0
UserB,h02_mw04,Floor heating,0.0
UserB,h02_mw04,Induction stove,0.0
UserB,h02_mw04,Gas stove,0.0
UserB,h02_mw04,Gas National Grid,0.0
UserB,h03_mw04,PV sys,0.0
UserB,h03_mw04,National Grid EE,0.0
UserB,h03_mw04,Storage EE,0.6
UserB,h03_mw04,Gas Boiler,0.0
UserB,h03_mw04,HP,0.0
UserB,h03_mw04,AC,0.0
UserB,h03_mw04,Storage HW,0.0
UserB,h03_mw04,Radiators,0.0
UserB,h03_mw04,Floor heating,0.0
UserB,h03_mw04,Induction stove,0.0
UserB,h03_mw04,Gas stove,0.0
UserB,h03_mw04,Gas National Grid,0.0
UserB,h04_mw04,PV sys,0.0
UserB,h04_mw04,National Grid EE,0.0
UserB,h04_mw04,Storage EE,0.6
UserB,h04_mw04,Gas Boiler,0.0
UserB,h04_mw04,HP,0.0
UserB,h04_mw04,AC,0.0
UserB,h04_mw04,Storage HW,0.0
UserB,h04_mw04,Radiators,0.0
UserB,h04_mw04,Floor heating,0.0
UserB,h04_mw04,Induction stove,0.0
UserB,h04_mw04,Gas stove,0.0
UserB,h04_mw04,Gas National Grid,0.0
UserB,h05_mw04,PV sys,0.0
UserB,h05_mw04,National Grid EE,0.0
UserB,h05_mw04,Storage EE,0.6
UserB,h05_mw04,Gas Boiler,0.0
UserB,h05_mw04,HP,0.0
UserB,h05_mw04,AC,0.0
UserB,h05_mw04,Storage HW,0.0
UserB,h05_mw04,Radiators,0.0
UserB,h05_mw04,Floor heating,0.0
UserB,h05_mw04,Induction stove,0.0
UserB,h05_mw04,Gas stove,0.0
UserB,h05_mw04,Gas National Grid,0.0
UserB,h06_mw04,PV sys,0.0
UserB,h06_mw04,National Grid EE,0.0
UserB,h06_mw04,Storage EE,0.6
UserB,h06_mw04,Gas Boiler,0.0
UserB,h06_mw04,HP,0.0
UserB,h06_mw04,AC,0.0
UserB,h06_mw04,Storage HW,0.0
UserB,h06_mw04,Radiators,0.0
UserB,h06_mw04,Floor heating,0.0
UserB,h06_mw04,Induction stove,0.0
UserB,h06_mw04,Gas stove,0.0
UserB,h06_mw04,Gas National Grid,0.0
UserB,h07_mw04,PV sys,0.0
UserB,h07_mw04,National Grid EE,0.0
UserB,h07_mw04,Storage EE,0.6
UserB,h07_mw04,Gas Boiler,0.0
UserB,h07_mw04,HP,0.0
UserB,h07_mw04,AC,0.0
UserB,h07_mw04,Storage HW,0.0
UserB,h07_mw04,Radiators,0.0
UserB,h07_mw04,Floor heating,0.0
UserB,h07_mw04,Induction stove,0.0
UserB,h07_mw04,Gas stove,0.0
UserB,h07_mw04,Gas National Grid,0.0
UserB,h08_mw04,PV sys,0.0
UserB,h08_mw04,National Grid EE,0.0
UserB,h08_mw04,Storage EE,0.6
UserB,h08_mw04,Gas Boiler,0.0
UserB,h08_mw04,HP,0.0
UserB,h08_mw04,AC,0.0
UserB,h08_mw04,Storage HW,0.0
UserB,h08_mw04,Radiators,0.0
UserB,h08_mw04,Floor heating,0.0
UserB,h08_mw04,Induction stove,0.0
UserB,h08_mw04,Gas stove,0.0
UserB,h08_mw04,Gas National Grid,0.0
UserB,h09_mw04,PV sys,0.0
UserB,h09_mw04,National Grid EE,0.0
UserB,h09_mw04,Storage EE,0.6624685561372248
UserB,h09_mw04,Gas Boiler,0.0
UserB,h09_mw04,HP,0.0
UserB,h09_mw04,AC,0.0
UserB,h09_mw04,Storage HW,0.0
UserB,h09_mw04,Radiators,0.0
UserB,h09_mw04,Floor heating,0.0
UserB,h09_mw04,Induction stove,0.0
UserB,h09_mw04,Gas stove,0.0
UserB,h09_mw04,Gas National Grid,0.0
UserB,h10_mw04,PV sys,0.0
UserB,h10_mw04,National Grid EE,0.0
UserB,h10_mw04,Storage EE,1.7062699552770895
UserB,h10_mw04,Gas Boiler,0.0
UserB,h10_mw04,HP,0.0
UserB,h10_mw04,AC,0.0
UserB,h10_mw04,Storage HW,0.0
UserB,h10_mw04,Radiators,0.0
UserB,h10_mw04,Floor heating,0.0
UserB,h10_mw04,Induction stove,0.0
UserB,h10_mw04,Gas stove,0.0
UserB,h10_mw04,Gas National Grid,0.0
UserB,h11_mw04,PV sys,0.0
UserB,h11_mw04,National Grid EE,0.0
UserB,h11_mw04,Storage EE,3.242723444022592
UserB,h11_mw04,Gas Boiler,0.0
UserB,h11_mw04,HP,0.0
UserB,h11_mw04,AC,0.0
UserB,h11_mw04,Storage HW,0.0
UserB,h11_mw04,Radiators,0.0
UserB,h11_mw04,Floor heating,0.0
UserB,h11_mw04,Induction stove,0.0
UserB,h11_mw04,Gas stove,0.0
UserB,h11_mw04,Gas National Grid,0.0
UserB,h12_mw04,PV sys,0.0
UserB,h12_mw04,National Grid EE,0.0
UserB,h12_mw04,Storage EE,2.4001107060332023
UserB,h12_mw04,Gas Boiler,0.0
UserB,h12_mw04,HP,0.0
UserB,h12_mw04,AC,0.0
UserB,h12_mw04,Storage HW,0.0
UserB,h12_mw04,Radiators,0.0
UserB,h12_mw04,Floor heating,0.0
UserB,h12_mw04,Induction stove,0.0
UserB,h12_mw04,Gas stove,0.0
UserB,h12_mw04,Gas National Grid,0.0
UserB,h13_mw04,PV sys,0.0
UserB,h13_mw04,National Grid EE,0.0
UserB,h13_mw04,Storage EE,4.578771500240885
UserB,h13_mw04,Gas Boiler,0.0
UserB,h13_mw04,HP,0.0
UserB,h13_mw04,AC,0.0
UserB,h13_mw04,Storage HW,0.0
UserB,h13_mw04,Radiators,0.0
UserB,h13_mw04,Floor heating,0.0
UserB,h13_mw04,Induction stove,0.0
UserB,h13_mw04,Gas stove,0.0
UserB,h13_mw04,Gas National Grid,0.0
UserB,h14_mw04,PV sys,0.0
UserB,h14_mw04,National Grid EE,0.0
UserB,h14_mw04,Storage EE,3.57200611039643
UserB,h14_mw04,Gas Boiler,0.0
UserB,h14_mw04,HP,0.0
UserB,h14_mw04,AC,0.0
UserB,h14_mw04,Storage HW,0.0
UserB,h14_mw04,Radiators,0.0
UserB,h14_mw04,Floor heating,0.0
UserB,h14_mw04,Induction stove,0.0
UserB,h14_mw04,Gas stove,0.0
UserB,h14_mw04,Gas National Grid,0.0
UserB,h15_mw04,PV sys,0.0
UserB,h15_mw04,National Grid EE,0.0
UserB,h15_mw04,Storage EE,5.275241231989919
UserB,h15_mw04,Gas Boiler,0.0
UserB,h15_mw04,HP,0.0
UserB,h15_mw04,AC,0.0
UserB,h15_mw04,Storage HW,0.0
UserB,h15_mw04,Radiators,0.0
UserB,h15_mw04,Floor heating,0.0
UserB,h15_mw04,Induction stove,0.0
UserB,h15_mw04,Gas stove,0.0
UserB,h15_mw04,Gas National Grid,0.0
UserB,h16_mw04,PV sys,0.0
UserB,h16_mw04,National Grid EE,0.0
UserB,h16_mw04,Storage EE,5.7
UserB,h16_mw04,Gas Boiler,0.0
UserB,h16_mw04,HP,0.0
UserB,h16_mw04,AC,0.0
UserB,h16_mw04,Storage HW,0.0
UserB,h16_mw04,Radiators,0.0
UserB,h16_mw04,Floor heating,0.0
UserB,h16_mw04,Induction stove,0.0
UserB,h16_mw04,Gas stove,0.0
UserB,h16_mw04,Gas National Grid,0.0
UserB,h17_mw04,PV sys,0.0
UserB,h17_mw04,National Grid EE,0.0
UserB,h17_mw04,Storage EE,5.7
UserB,h17_mw04,Gas Boiler,0.0
UserB,h17_mw04,HP,0.0
UserB,h17_mw04,AC,0.0
UserB,h17_mw04,Storage HW,0.0
UserB,h17_mw04,Radiators,0.0
UserB,h17_mw04,Floor heating,0.0
UserB,h17_mw04,Induction stove,0.0
UserB,h17_mw04,Gas stove,0.0
UserB,h17_mw04,Gas National Grid,0.0
UserB,h18_mw04,PV sys,0.0
UserB,h18_mw04,National Grid EE,0.0
UserB,h18_mw04,Storage EE,5.429394596170763
UserB,h18_mw04,Gas Boiler,0.0
UserB,h18_mw04,HP,0.0
UserB,h18_mw04,AC,0.0
UserB,h18_mw04,Storage HW,0.0
UserB,h18_mw04,Radiators,0.0
UserB,h18_mw04,Floor heating,0.0
UserB,h18_mw04,Induction stove,0.0
UserB,h18_mw04,Gas stove,0.0
UserB,h18_mw04,Gas National Grid,0.0
UserB,h19_mw04,PV sys,0.0
UserB,h19_mw04,National Grid EE,0.0
UserB,h19_mw04,Storage EE,4.986817623251381
UserB,h19_mw04,Gas Boiler,0.0
UserB,h19_mw04,HP,0.0
UserB,h19_mw04,AC,0.0
UserB,h19_mw04,Storage HW,0.0
UserB,h19_mw04,Radiators,0.0
UserB,h19_mw04,Floor heating,0.0
UserB,h19_mw04,Induction stove,0.0
UserB,h19_mw04,Gas stove,0.0
UserB,h19_mw04,Gas National Grid,0.0
UserB,h20_mw04,PV sys,0.0
UserB,h20_mw04,National Grid EE,0.0
UserB,h20_mw04,Storage EE,4.076024510544725
UserB,h20_mw04,Gas Boiler,0.0
UserB,h20_mw04,HP,0.0
UserB,h20_mw04,AC,0.0
UserB,h20_mw04,Storage HW,0.0
UserB,h20_mw04,Radiators,0.0
UserB,h20_mw04,Floor heating,0.0
UserB,h20_mw04,Induction stove,0.0
UserB,h20_mw04,Gas stove,0.0
UserB,h20_mw04,Gas National Grid,0.0
UserB,h21_mw04,PV sys,0.0
UserB,h21_mw04,National Grid EE,0.0
UserB,h21_mw04,Storage EE,3.4775684043565787
UserB,h21_mw04,Gas Boiler,0.0
UserB,h21_mw04,HP,0.0
UserB,h21_mw04,AC,0.0
UserB,h21_mw04,Storage HW,0.0
UserB,h21_mw04,Radiators,0.0
UserB,h21_mw04,Floor heating,0.0
UserB,h21_mw04,Induction stove,0.0
UserB,h21_mw04,Gas stove,0.0
UserB,h21_mw04,Gas National Grid,0.0
UserB,h22_mw04,PV sys,0.0
UserB,h22_mw04,National Grid EE,0.0
UserB,h22_mw04,Storage EE,2.871834368896821
UserB,h22_mw04,Gas Boiler,0.0
UserB,h22_mw04,HP,0.0
UserB,h22_mw04,AC,0.0
UserB,h22_mw04,Storage HW,0.0
UserB,h22_mw04,Radiators,0.0
UserB,h22_mw04,Floor heating,0.0
UserB,h22_mw04,Induction stove,0.0
UserB,h22_mw04,Gas stove,0.0
UserB,h22_mw04,Gas National Grid,0.0
UserB,h23_mw04,PV sys,0.0
UserB,h23_mw04,National Grid EE,0.0
UserB,h23_mw04,Storage EE,2.0526748487120283
UserB,h23_mw04,Gas Boiler,0.0
UserB,h23_mw04,HP,0.0
UserB,h23_mw04,AC,0.0
UserB,h23_mw04,Storage HW,0.0
UserB,h23_mw04,Radiators,0.0
UserB,h23_mw04,Floor heating,0.0
UserB,h23_mw04,Induction stove,0.0
UserB,h23_mw04,Gas stove,0.0
UserB,h23_mw04,Gas National Grid,0.0
UserB,h24_mw04,PV sys,0.0
UserB,h24_mw04,National Grid EE,0.0
UserB,h24_mw04,Storage EE,1.5586497279454359
UserB,h24_mw04,Gas Boiler,0.0
UserB,h24_mw04,HP,0.0
UserB,h24_mw04,AC,0.0
UserB,h24_mw04,Storage HW,0.0
UserB,h24_mw04,Radiators,0.0
UserB,h24_mw04,Floor heating,0.0
UserB,h24_mw04,Induction stove,0.0
UserB,h24_mw04,Gas stove,0.0
UserB,h24_mw04,Gas National Grid,0.0
UserB,h01_mw05,PV sys,0.0
UserB,h01_mw05,National Grid EE,0.0
UserB,h01_mw05,Storage EE,1.5586496246130612
UserB,h01_mw05,Gas Boiler,0.0
UserB,h01_mw05,HP,0.0
UserB,h01_mw05,AC,0.0
UserB,h01_mw05,Storage HW,0.0
UserB,h01_mw05,Radiators,0.0
UserB,h01_mw05,Floor heating,0.0
UserB,h01_mw05,Induction stove,0.0
UserB,h01_mw05,Gas stove,0.0
UserB,h01_mw05,Gas National Grid,0.0
UserB,h02_mw05,PV sys,0.0
UserB,h02_mw05,National Grid EE,0.0
UserB,h02_mw05,Storage EE,1.5586496246191743
UserB,h02_mw05,Gas Boiler,0.0
UserB,h02_mw05,HP,0.0
UserB,h02_mw05,AC,0.0
UserB,h02_mw05,Storage HW,0.0
UserB,h02_mw05,Radiators,0.0
UserB,h02_mw05,Floor heating,0.0
UserB,h02_mw05,Induction stove,0.0
UserB,h02_mw05,Gas stove,0.0
UserB,h02_mw05,Gas National Grid,0.0
UserB,h03_mw05,PV sys,0.0
UserB,h03_mw05,National Grid EE,0.0
UserB,h03_mw05,Storage EE,1.5586496246191743
UserB,h03_mw05,Gas Boiler,0.0
UserB,h03_mw05,HP,0.0
UserB,h03_mw05,AC,0.0
UserB,h03_mw05,Storage HW,0.0
UserB,h03_mw05,Radiators,0.0
UserB,h03_mw05,Floor heating,0.0
UserB,h03_mw05,Induction stove,0.0
UserB,h03_mw05,Gas stove,0.0
UserB,h03_mw05,Gas National Grid,0.0
UserB,h04_mw05,PV sys,0.0
UserB,h04_mw05,National Grid EE,0.0
UserB,h04_mw05,Storage EE,1.5586496246191743
UserB,h04_mw05,Gas Boiler,0.0
UserB,h04_mw05,HP,0.0
UserB,h04_mw05,AC,0.0
UserB,h04_mw05,Storage HW,0.0
UserB,h04_mw05,Radiators,0.0
UserB,h04_mw05,Floor heating,0.0
UserB,h04_mw05,Induction stove,0.0
UserB,h04_mw05,Gas stove,0.0
UserB,h04_mw05,Gas National Grid,0.0
UserB,h05_mw05,PV sys,0.0
UserB,h05_mw05,National Grid EE,0.0
UserB,h05_mw05,Storage EE,1.5586496231220321
UserB,h05_mw05,Gas Boiler,0.0
UserB,h05_mw05,HP,0.0
UserB,h05_mw05,AC,0.0
UserB,h05_mw05,Storage HW,0.0
UserB,h05_mw05,Radiators,0.0
UserB,h05_mw05,Floor heating,0.0
UserB,h05_mw05,Induction stove,0.0
UserB,h05_mw05,Gas stove,0.0
UserB,h05_mw05,Gas National Grid,0.0
UserB,h06_mw05,PV sys,0.0
UserB,h06_mw05,National Grid EE,0.0
UserB,h06_mw05,Storage EE,1.3649003472310113
UserB,h06_mw05,Gas Boiler,0.0
UserB,h06_mw05,HP,0.0
UserB,h06_mw05,AC,0.0
UserB,h06_mw05,Storage HW,0.0
UserB,h06_mw05,Radiators,0.0
UserB,h06_mw05,Floor heating,0.0
UserB,h06_mw05,Induction stove,0.0
UserB,h06_mw05,Gas stove,0.0
UserB,h06_mw05,Gas National Grid,0.0
UserB,h07_mw05,PV sys,0.0
UserB,h07_mw05,National Grid EE,0.0
UserB,h07_mw05,Storage EE,1.5378003457333191
UserB,h07_mw05,Gas Boiler,0.0
UserB,h07_mw05,HP,0.0
UserB,h07_mw05,AC,0.0
UserB,h07_mw05,Storage HW,0.0
UserB,h07_mw05,Radiators,0.0
UserB,h07_mw05,Floor heating,0.0
UserB,h07_mw05,Induction stove,0.0
UserB,h07_mw05,Gas stove,0.0
UserB,h07_mw05,Gas National Grid,0.0
UserB,h08_mw05,PV sys,0.0
UserB,h08_mw05,National Grid EE,0.0
UserB,h08_mw05,Storage EE,1.087788287195457
UserB,h08_mw05,Gas Boiler,0.0
UserB,h08_mw05,HP,0.0
UserB,h08_mw05,AC,0.0
UserB,h08_mw05,Storage HW,0.0
UserB,h08_mw05,Radiators,0.0
UserB,h08_mw05,Floor heating,0.0
UserB,h08_mw05,Induction stove,0.0
UserB,h08_mw05,Gas stove,0.0
UserB,h08_mw05,Gas National Grid,0.0
UserB,h09_mw05,PV sys,0.0
UserB,h09_mw05,National Grid EE,0.0
UserB,h09_mw05,Storage EE,0.6
UserB,h09_mw05,Gas Boiler,0.0
UserB,h09_mw05,HP,0.0
UserB,h09_mw05,AC,0.0
UserB,h09_mw05,Storage HW,0.0
UserB,h09_mw05,Radiators,0.0
UserB,h09_mw05,Floor heating,0.0
UserB,h09_mw05,Induction stove,0.0
UserB,h09_mw05,Gas stove,0.0
UserB,h09_mw05,Gas National Grid,0.0
UserB,h10_mw05,PV sys,0.0
UserB,h10_mw05,National Grid EE,0.0
UserB,h10_mw05,Storage EE,0.8784777666357186
UserB,h10_mw05,Gas Boiler,0.0
UserB,h10_mw05,HP,0.0
UserB,h10_mw05,AC,0.0
UserB,h10_mw05,Storage HW,0.0
UserB,h10_mw05,Radiators,0.0
UserB,h10_mw05,Floor heating,0.0
UserB,h10_mw05,Induction stove,0.0
UserB,h10_mw05,Gas stove,0.0
UserB,h10_mw05,Gas National Grid,0.0
UserB,h11_mw05,PV sys,0.0
UserB,h11_mw05,National Grid EE,0.0
UserB,h11_mw05,Storage EE,1.29344381552754
UserB,h11_mw05,Gas Boiler,0.0
UserB,h11_mw05,HP,0.0
UserB,h11_mw05,AC,0.0
UserB,h11_mw05,Storage HW,0.0
UserB,h11_mw05,Radiators,0.0
UserB,h11_mw05,Floor heating,0.0
UserB,h11_mw05,Induction stove,0.0
UserB,h11_mw05,Gas stove,0.0
UserB,h11_mw05,Gas National Grid,0.0
UserB,h12_mw05,PV sys,0.0
UserB,h12_mw05,National Grid EE,0.0
UserB,h12_mw05,Storage EE,1.9796602427248953
UserB,h12_mw05,Gas Boiler,0.0
UserB,h12_mw05,HP,0.0
UserB,h12_mw05,AC,0.0
UserB,h12_mw05,Storage HW,0.0
UserB,h12_mw05,Radiators,0.0
UserB,h12_mw05,Floor heating,0.0
UserB,h12_mw05,Induction stove,0.0
UserB,h12_mw05,Gas stove,0.0
UserB,h12_mw05,Gas National Grid,0.0
UserB,h13_mw05,PV sys,0.0
UserB,h13_mw05,National Grid EE,0.0
UserB,h13_mw05,Storage EE,2.4724854230558457
UserB,h13_mw05,Gas Boiler,0.0
UserB,h13_mw05,HP,0.0
UserB,h13_mw05,AC,0.0
UserB,h13_mw05,Storage HW,0.0
UserB,h13_mw05,Radiators,0.0
UserB,h13_mw05,Floor heating,0.0
UserB,h13_mw05,Induction stove,0.0
UserB,h13_mw05,Gas stove,0.0
UserB,h13_mw05,Gas National Grid,0.0
UserB,h14_mw05,PV sys,0.0
UserB,h14_mw05,National Grid EE,0.0
UserB,h14_mw05,Storage EE,1.6292209493025458
UserB,h14_mw05,Gas Boiler,0.0
UserB,h14_mw05,HP,0.0
UserB,h14_mw05,AC,0.0
UserB,h14_mw05,Storage HW,0.0
UserB,h14_mw05,Radiators,0.0
UserB,h14_mw05,Floor heating,0.0
UserB,h14_mw05,Induction stove,0.0
UserB,h14_mw05,Gas stove,0.0
UserB,h14_mw05,Gas National Grid,0.0
UserB,h15_mw05,PV sys,0.0
UserB,h15_mw05,National Grid EE,0.0
UserB,h15_mw05,Storage EE,2.2565701521884427
UserB,h15_mw05,Gas Boiler,0.0
UserB,h15_mw05,HP,0.0
UserB,h15_mw05,AC,0.0
UserB,h15_mw05,Storage HW,0.0
UserB,h15_mw05,Radiators,0.0
UserB,h15_mw05,Floor heating,0.0
UserB,h15_mw05,Induction stove,0.0
UserB,h15_mw05,Gas stove,0.0
UserB,h15_mw05,Gas National Grid,0.0
UserB,h16_mw05,PV sys,0.0
UserB,h16_mw05,National Grid EE,0.0
UserB,h16_mw05,Storage EE,2.827408204913458
UserB,h16_mw05,Gas Boiler,0.0
UserB,h16_mw05,HP,0.0
UserB,h16_mw05,AC,0.0
UserB,h16_mw05,Storage HW,0.0
UserB,h16_mw05,Radiators,0.0
UserB,h16_mw05,Floor heating,0.0
UserB,h16_mw05,Induction stove,0.0
UserB,h16_mw05,Gas stove,0.0
UserB,h16_mw05,Gas National Grid,0.0
UserB,h17_mw05,PV sys,0.0
UserB,h17_mw05,National Grid EE,0.0
UserB,h17_mw05,Storage EE,3.2005715335150677
UserB,h17_mw05,Gas Boiler,0.0
UserB,h17_mw05,HP,0.0
UserB,h17_mw05,AC,0.0
UserB,h17_mw05,Storage HW,0.0
UserB,h17_mw05,Radiators,0.0
UserB,h17_mw05,Floor heating,0.0
UserB,h17_mw05,Induction stove,0.0
UserB,h17_mw05,Gas stove,0.0
UserB,h17_mw05,Gas National Grid,0.0
UserB,h18_mw05,PV sys,0.0
UserB,h18_mw05,National Grid EE,0.0
UserB,h18_mw05,Storage EE,2.9099617473757746
UserB,h18_mw05,Gas Boiler,0.0
UserB,h18_mw05,HP,0.0
UserB,h18_mw05,AC,0.0
UserB,h18_mw05,Storage HW,0.0
UserB,h18_mw05,Radiators,0.0
UserB,h18_mw05,Floor heating,0.0
UserB,h18_mw05,Induction stove,0.0
UserB,h18_mw05,Gas stove,0.0
UserB,h18_mw05,Gas National Grid,0.0
UserB,h19_mw05,PV sys,0.0
UserB,h19_mw05,National Grid EE,0.0
UserB,h19_mw05,Storage EE,2.9099617473748394
UserB,h19_mw05,Gas Boiler,0.0
UserB,h19_mw05,HP,0.0
UserB,h19_mw05,AC,0.0
UserB,h19_mw05,Storage HW,0.0
UserB,h19_mw05,Radiators,0.0
UserB,h19_mw05,Floor heating,0.0
UserB,h19_mw05,Induction stove,0.0
UserB,h19_mw05,Gas stove,0.0
UserB,h19_mw05,Gas National Grid,0.0
UserB,h20_mw05,PV sys,0.0
UserB,h20_mw05,National Grid EE,0.0
UserB,h20_mw05,Storage EE,2.5698583753071023
UserB,h20_mw05,Gas Boiler,0.0
UserB,h20_mw05,HP,0.0
UserB,h20_mw05,AC,0.0
UserB,h20_mw05,Storage HW,0.0
UserB,h20_mw05,Radiators,0.0
UserB,h20_mw05,Floor heating,0.0
UserB,h20_mw05,Induction stove,0.0
UserB,h20_mw05,Gas stove,0.0
UserB,h20_mw05,Gas National Grid,0.0
UserB,h21_mw05,PV sys,0.0
UserB,h21_mw05,National Grid EE,0.0
UserB,h21_mw05,Storage EE,2.0576356015822213
UserB,h21_mw05,Gas Boiler,0.0
UserB,h21_mw05,HP,0.0
UserB,h21_mw05,AC,0.0
UserB,h21_mw05,Storage HW,0.0
UserB,h21_mw05,Radiators,0.0
UserB,h21_mw05,Floor heating,0.0
UserB,h21_mw05,Induction stove,0.0
UserB,h21_mw05,Gas stove,0.0
UserB,h21_mw05,Gas National Grid,0.0
UserB,h22_mw05,PV sys,0.0
UserB,h22_mw05,National Grid EE,0.0
UserB,h22_mw05,Storage EE,2.0576356015822213
UserB,h22_mw05,Gas Boiler,0.0
UserB,h22_mw05,HP,0.0
UserB,h22_mw05,AC,0.0
UserB,h22_mw05,Storage HW,0.0
UserB,h22_mw05,Radiators,0.0
UserB,h22_mw05,Floor heating,0.0
UserB,h22_mw05,Induction stove,0.0
UserB,h22_mw05,Gas stove,0.0
UserB,h22_mw05,Gas National Grid,0.0
UserB,h23_mw05,PV sys,0.0
UserB,h23_mw05,National Grid EE,0.0
UserB,h23_mw05,Storage EE,2.0576356015822213
UserB,h23_mw05,Gas Boiler,0.0
UserB,h23_mw05,HP,0.0
UserB,h23_mw05,AC,0.0
UserB,h23_mw05,Storage HW,0.0
UserB,h23_mw05,Radiators,0.0
UserB,h23_mw05,Floor heating,0.0
UserB,h23_mw05,Induction stove,0.0
UserB,h23_mw05,Gas stove,0.0
UserB,h23_mw05,Gas National Grid,0.0
UserB,h24_mw05,PV sys,0.0
UserB,h24_mw05,National Grid EE,0.0
UserB,h24_mw05,Storage EE,1.6857367277953221
UserB,h24_mw05,Gas Boiler,0.0
UserB,h24_mw05,HP,0.0
UserB,h24_mw05,AC,0.0
UserB,h24_mw05,Storage HW,0.0
UserB,h24_mw05,Radiators,0.0
UserB,h24_mw05,Floor heating,0.0
UserB,h24_mw05,Induction stove,0.0
UserB,h24_mw05,Gas stove,0.0
UserB,h24_mw05,Gas National Grid,0.0
UserB,h01_mw06,PV sys,0.0
UserB,h01_mw06,National Grid EE,0.0
UserB,h01_mw06,Storage EE,1.3167765158238742
UserB,h01_mw06,Gas Boiler,0.0
UserB,h01_mw06,HP,0.0
UserB,h01_mw06,AC,0.0
UserB,h01_mw06,Storage HW,0.0
UserB,h01_mw06,Radiators,0.0
UserB,h01_mw06,Floor heating,0.0
UserB,h01_mw06,Induction stove,0.0
UserB,h01_mw06,Gas stove,0.0
UserB,h01_mw06,Gas National Grid,0.0
UserB,h02_mw06,PV sys,0.0
UserB,h02_mw06,National Grid EE,0.0
UserB,h02_mw06,Storage EE,1.1594071223315408
UserB,h02_mw06,Gas Boiler,0.0
UserB,h02_mw06,HP,0.0
UserB,h02_mw06,AC,0.0
UserB,h02_mw06,Storage HW,0.0
UserB,h02_mw06,Radiators,0.0
UserB,h02_mw06,Floor heating,0.0
UserB,h02_mw06,Induction stove,0.0
UserB,h02_mw06,Gas stove,0.0
UserB,h02_mw06,Gas National Grid,0.0
UserB,h03_mw06,PV sys,0.0
UserB,h03_mw06,National Grid EE,0.0
UserB,h03_mw06,Storage EE,0.9667097380883751
UserB,h03_mw06,Gas Boiler,0.0
UserB,h03_mw06,HP,0.0
UserB,h03_mw06,AC,0.0
UserB,h03_mw06,Storage HW,0.0
UserB,h03_mw06,Radiators,0.0
UserB,h03_mw06,Floor heating,0.0
UserB,h03_mw06,Induction stove,0.0
UserB,h03_mw06,Gas stove,0.0
UserB,h03_mw06,Gas National Grid,0.0
UserB,h04_mw06,PV sys,0.0
UserB,h04_mw06,National Grid EE,0.0
UserB,h04_mw06,Storage EE,0.8167078740832454
UserB,h04_mw06,Gas Boiler,0.0
UserB,h04_mw06,HP,0.0
UserB,h04_mw06,AC,0.0
UserB,h04_mw06,Storage HW,0.0
UserB,h04_mw06,Radiators,0.0
UserB,h04_mw06,Floor heating,0.0
UserB,h04_mw06,Induction stove,0.0
UserB,h04_mw06,Gas stove,0.0
UserB,h04_mw06,Gas National Grid,0.0
UserB,h05_mw06,PV sys,0.0
UserB,h05_mw06,National Grid EE,0.0
UserB,h05_mw06,Storage EE,0.6595392959817468
UserB,h05_mw06,Gas Boiler,0.0
UserB,h05_mw06,HP,0.0
UserB,h05_mw06,AC,0.0
UserB,h05_mw06,Storage HW,0.0
UserB,h05_mw06,Radiators,0.0
UserB,h05_mw06,Floor heating,0.0
UserB,h05_mw06,Induction stove,0.0
UserB,h05_mw06,Gas stove,0.0
UserB,h05_mw06,Gas National Grid,0.0
UserB,h06_mw06,PV sys,0.0
UserB,h06_mw06,National Grid EE,0.0
UserB,h06_mw06,Storage EE,0.6
UserB,h06_mw06,Gas Boiler,0.0
UserB,h06_mw06,HP,0.0
UserB,h06_mw06,AC,0.0
UserB,h06_mw06,Storage HW,0.0
UserB,h06_mw06,Radiators,0.0
UserB,h06_mw06,Floor heating,0.0
UserB,h06_mw06,Induction stove,0.0
UserB,h06_mw06,Gas stove,0.0
UserB,h06_mw06,Gas National Grid,0.0
UserB,h07_mw06,PV sys,0.0
UserB,h07_mw06,National Grid EE,0.0
UserB,h07_mw06,Storage EE,0.6
UserB,h07_mw06,Gas Boiler,0.0
UserB,h07_mw06,HP,0.0
UserB,h07_mw06,AC,0.0
UserB,h07_mw06,Storage HW,0.0
UserB,h07_mw06,Radiators,0.0
UserB,h07_mw06,Floor heating,0.0
UserB,h07_mw06,Induction stove,0.0
UserB,h07_mw06,Gas stove,0.0
UserB,h07_mw06,Gas National Grid,0.0
UserB,h08_mw06,PV sys,0.0
UserB,h08_mw06,National Grid EE,0.0
UserB,h08_mw06,Storage EE,1.4029064602991037
UserB,h08_mw06,Gas Boiler,0.0
UserB,h08_mw06,HP,0.0
UserB,h08_mw06,AC,0.0
UserB,h08_mw06,Storage HW,0.0
UserB,h08_mw06,Radiators,0.0
UserB,h08_mw06,Floor heating,0.0
UserB,h08_mw06,Induction stove,0.0
UserB,h08_mw06,Gas stove,0.0
UserB,h08_mw06,Gas National Grid,0.0
UserB,h09_mw06,PV sys,0.0
UserB,h09_mw06,National Grid EE,0.0
UserB,h09_mw06,Storage EE,2.981585447974782
UserB,h09_mw06,Gas Boiler,0.0
UserB,h09_mw06,HP,0.0
UserB,h09_mw06,AC,0.0
UserB,h09_mw06,Storage HW,0.0
UserB,h09_mw06,Radiators,0.0
UserB,h09_mw06,Floor heating,0.0
UserB,h09_mw06,Induction stove,0.0
UserB,h09_mw06,Gas stove,0.0
UserB,h09_mw06,Gas National Grid,0.0
UserB,h10_mw06,PV sys,0.0
UserB,h10_mw06,National Grid EE,0.0
UserB,h10_mw06,Storage EE,4.433844175652641
UserB,h10_mw06,Gas Boiler,0.0
UserB,h10_mw06,HP,0.0
UserB,h10_mw06,AC,0.0
UserB,h10_mw06,Storage HW,0.0
UserB,h10_mw06,Radiators,0.0
UserB,h10_mw06,Floor heating,0.0
UserB,h10_mw06,Induction stove,0.0
UserB,h10_mw06,Gas stove,0.0
UserB,h10_mw06,Gas National Grid,0.0
UserB,h11_mw06,PV sys,0.0
UserB,h11_mw06,National Grid EE,0.0
UserB,h11_mw06,Storage EE,4.819236500079517
UserB,h11_mw06,Gas Boiler,0.0
UserB,h11_mw06,HP,0.0
UserB,h11_mw06,AC,0.0
UserB,h11_mw06,Storage HW,0.0
UserB,h11_mw06,Radiators,0.0
UserB,h11_mw06,Floor heating,0.0
UserB,h11_mw06,Induction stove,0.0
UserB,h11_mw06,Gas stove,0.0
UserB,h11_mw06,Gas National Grid,0.0
UserB,h12_mw06,PV sys,0.0
UserB,h12_mw06,National Grid EE,0.0
UserB,h12_mw06,Storage EE,5.225647356366997
UserB,h12_mw06,Gas Boiler,0.0
UserB,h12_mw06,HP,0.0
UserB,h12_mw06,AC,0.0
UserB,h12_mw06,Storage HW,0.0
UserB,h12_mw06,Radiators,0.0
UserB,h12_mw06,Floor heating,0.0
UserB,h12_mw06,Induction stove,0.0
UserB,h12_mw06,Gas stove,0.0
UserB,h12_mw06,Gas National Grid,0.0
UserB,h13_mw06,PV sys,0.0
UserB,h13_mw06,National Grid EE,0.0
UserB,h13_mw06,Storage EE,5.7
UserB,h13_mw06,Gas Boiler,0.0
UserB,h13_mw06,HP,0.0
UserB,h13_mw06,AC,0.0
UserB,h13_mw06,Storage HW,0.0
UserB,h13_mw06,Radiators,0.0
UserB,h13_mw06,Floor heating,0.0
UserB,h13_mw06,Induction stove,0.0
UserB,h13_mw06,Gas stove,0.0
UserB,h13_mw06,Gas National Grid,0.0
UserB,h14_mw06,PV sys,0.0
UserB,h14_mw06,National Grid EE,0.0
UserB,h14_mw06,Storage EE,5.7
UserB,h14_mw06,Gas Boiler,0.0
UserB,h14_mw06,HP,0.0
UserB,h14_mw06,AC,0.0
UserB,h14_mw06,Storage HW,0.0
UserB,h14_mw06,Radiators,0.0
UserB,h14_mw06,Floor heating,0.0
UserB,h14_mw06,Induction stove,0.0
UserB,h14_mw06,Gas stove,0.0
UserB,h14_mw06,Gas National Grid,0.0
UserB,h15_mw06,PV sys,0.0
UserB,h15_mw06,National Grid EE,0.0
UserB,h15_mw06,Storage EE,5.7
UserB,h15_mw06,Gas Boiler,0.0
UserB,h15_mw06,HP,0.0
UserB,h15_mw06,AC,0.0
UserB,h15_mw06,Storage HW,0.0
UserB,h15_mw06,Radiators,0.0
UserB,h15_mw06,Floor heating,0.0
UserB,h15_mw06,Induction stove,0.0
UserB,h15_mw06,Gas stove,0.0
UserB,h15_mw06,Gas National Grid,0.0
UserB,h16_mw06,PV sys,0.0
UserB,h16_mw06,National Grid EE,0.0
UserB,h16_mw06,Storage EE,4.795510817135942
UserB,h16_mw06,Gas Boiler,0.0
UserB,h16_mw06,HP,0.0
UserB,h16_mw06,AC,0.0
UserB,h16_mw06,Storage HW,0.0
UserB,h16_mw06,Radiators,0.0
UserB,h16_mw06,Floor heating,0.0
UserB,h16_mw06,Induction stove,0.0
UserB,h16_mw06,Gas stove,0.0
UserB,h16_mw06,Gas National Grid,0.0
UserB,h17_mw06,PV sys,0.0
UserB,h17_mw06,National Grid EE,0.0
UserB,h17_mw06,Storage EE,5.698480914426572
UserB,h17_mw06,Gas Boiler,0.0
UserB,h17_mw06,HP,0.0
UserB,h17_mw06,AC,0.0
UserB,h17_mw06,Storage HW,0.0
UserB,h17_mw06,Radiators,0.0
UserB,h17_mw06,Floor heating,0.0
UserB,h17_mw06,Induction stove,0.0
UserB,h17_mw06,Gas stove,0.0
UserB,h17_mw06,Gas National Grid,0.0
UserB,h18_mw06,PV sys,0.0
UserB,h18_mw06,National Grid EE,0.0
UserB,h18_mw06,Storage EE,5.7
UserB,h18_mw06,Gas Boiler,0.0
UserB,h18_mw06,HP,0.0
UserB,h18_mw06,AC,0.0
UserB,h18_mw06,Storage HW,0.0
UserB,h18_mw06,Radiators,0.0
UserB,h18_mw06,Floor heating,0.0
UserB,h18_mw06,Induction stove,0.0
UserB,h18_mw06,Gas stove,0.0
UserB,h18_mw06,Gas National Grid,0.0
UserB,h19_mw06,PV sys,0.0
UserB,h19_mw06,National Grid EE,0.0
UserB,h19_mw06,Storage EE,4.935450551019732
UserB,h19_mw06,Gas Boiler,0.0
UserB,h19_mw06,HP,0.0
UserB,h19_mw06,AC,0.0
UserB,h19_mw06,Storage HW,0.0
UserB,h19_mw06,Radiators,0.0
UserB,h19_mw06,Floor heating,0.0
UserB,h19_mw06,Induction stove,0.0
UserB,h19_mw06,Gas stove,0.0
UserB,h19_mw06,Gas National Grid,0.0
UserB,h20_mw06,PV sys,0.0
UserB,h20_mw06,National Grid EE,0.0
UserB,h20_mw06,Storage EE,4.37620585405425
UserB,h20_mw06,Gas Boiler,0.0
UserB,h20_mw06,HP,0.0
UserB,h20_mw06,AC,0.0
UserB,h20_mw06,Storage HW,0.0
UserB,h20_mw06,Radiators,0.0
UserB,h20_mw06,Floor heating,0.0
UserB,h20_mw06,Induction stove,0.0
UserB,h20_mw06,Gas stove,0.0
UserB,h20_mw06,Gas National Grid,0.0
UserB,h21_mw06,PV sys,0.0
UserB,h21_mw06,National Grid EE,0.0
UserB,h21_mw06,Storage EE,3.6361253274057175
UserB,h21_mw06,Gas Boiler,0.0
UserB,h21_mw06,HP,0.0
UserB,h21_mw06,AC,0.0
UserB,h21_mw06,Storage HW,0.0
UserB,h21_mw06,Radiators,0.0
UserB,h21_mw06,Floor heating,0.0
UserB,h21_mw06,Induction stove,0.0
UserB,h21_mw06,Gas stove,0.0
UserB,h21_mw06,Gas National Grid,0.0
UserB,h22_mw06,PV sys,0.0
UserB,h22_mw06,National Grid EE,0.0
UserB,h22_mw06,Storage EE,2.8640728851268586
UserB,h22_mw06,Gas Boiler,0.0
UserB,h22_mw06,HP,0.0
UserB,h22_mw06,AC,0.0
UserB,h22_mw06,Storage HW,0.0
UserB,h22_mw06,Radiators,0.0
UserB,h22_mw06,Floor heating,0.0
UserB,h22_mw06,Induction stove,0.0
UserB,h22_mw06,Gas stove,0.0
UserB,h22_mw06,Gas National Grid,0.0
UserB,h23_mw06,PV sys,0.0
UserB,h23_mw06,National Grid EE,0.0
UserB,h23_mw06,Storage EE,2.2974298574180083
UserB,h23_mw06,Gas Boiler,0.0
UserB,h23_mw06,HP,0.0
UserB,h23_mw06,AC,0.0
UserB,h23_mw06,Storage HW,0.0
UserB,h23_mw06,Radiators,0.0
UserB,h23_mw06,Floor heating,0.0
UserB,h23_mw06,Induction stove,0.0
UserB,h23_mw06,Gas stove,0.0
UserB,h23_mw06,Gas National Grid,0.0
UserB,h24_mw06,PV sys,0.0
UserB,h24_mw06,National Grid EE,0.0
UserB,h24_mw06,Storage EE,0.6
UserB,h24_mw06,Gas Boiler,0.0
UserB,h24_mw06,HP,0.0
UserB,h24_mw06,AC,0.0
UserB,h24_mw06,Storage HW,0.0
UserB,h24_mw06,Radiators,0.0
UserB,h24_mw06,Floor heating,0.0
UserB,h24_mw06,Induction stove,0.0
UserB,h24_mw06,Gas stove,0.0
UserB,h24_mw06,Gas National Grid,0.0
UserB,h01_mw07,PV sys,0.0
UserB,h01_mw07,National Grid EE,0.0
UserB,h01_mw07,Storage EE,0.6
UserB,h01_mw07,Gas Boiler,0.0
UserB,h01_mw07,HP,0.0
UserB,h01_mw07,AC,0.0
UserB,h01_mw07,Storage HW,0.0
UserB,h01_mw07,Radiators,0.0
UserB,h01_mw07,Floor heating,0.0
UserB,h01_mw07,Induction stove,0.0
UserB,h01_mw07,Gas stove,0.0
UserB,h01_mw07,Gas National Grid,0.0
UserB,h02_mw07,PV sys,0.0
UserB,h02_mw07,National Grid EE,0.0
UserB,h02_mw07,Storage EE,0.6
UserB,h02_mw07,Gas Boiler,0.0
UserB,h02_mw07,HP,0.0
UserB,h02_mw07,AC,0.0
UserB,h02_mw07,Storage HW,0.0
UserB,h02_mw07,Radiators,0.0
UserB,h02_mw07,Floor heating,0.0
UserB,h02_mw07,Induction stove,0.0
UserB,h02_mw07,Gas stove,0.0
UserB,h02_mw07,Gas National Grid,0.0
UserB,h03_mw07,PV sys,0.0
UserB,h03_mw07,National Grid EE,0.0
UserB,h03_mw07,Storage EE,0.6
UserB,h03_mw07,Gas Boiler,0.0
UserB,h03_mw07,HP,0.0
UserB,h03_mw07,AC,0.0
UserB,h03_mw07,Storage HW,0.0
UserB,h03_mw07,Radiators,0.0
UserB,h03_mw07,Floor heating,0.0
UserB,h03_mw07,Induction stove,0.0
UserB,h03_mw07,Gas stove,0.0
UserB,h03_mw07,Gas National Grid,0.0
UserB,h04_mw07,PV sys,0.0
UserB,h04_mw07,National Grid EE,0.0
UserB,h04_mw07,Storage EE,0.6
UserB,h04_mw07,Gas Boiler,0.0
UserB,h04_mw07,HP,0.0
UserB,h04_mw07,AC,0.0
UserB,h04_mw07,Storage HW,0.0
UserB,h04_mw07,Radiators,0.0
UserB,h04_mw07,Floor heating,0.0
UserB,h04_mw07,Induction stove,0.0
UserB,h04_mw07,Gas stove,0.0
UserB,h04_mw07,Gas National Grid,0.0
UserB,h05_mw07,PV sys,0.0
UserB,h05_mw07,National Grid EE,0.0
UserB,h05_mw07,Storage EE,0.6
UserB,h05_mw07,Gas Boiler,0.0
UserB,h05_mw07,HP,0.0
UserB,h05_mw07,AC,0.0
UserB,h05_mw07,Storage HW,0.0
UserB,h05_mw07,Radiators,0.0
UserB,h05_mw07,Floor heating,0.0
UserB,h05_mw07,Induction stove,0.0
UserB,h05_mw07,Gas stove,0.0
UserB,h05_mw07,Gas National Grid,0.0
UserB,h06_mw07,PV sys,0.0
UserB,h06_mw07,National Grid EE,0.0
UserB,h06_mw07,Storage EE,0.6
UserB,h06_mw07,Gas Boiler,0.0
UserB,h06_mw07,HP,0.0
UserB,h06_mw07,AC,0.0
UserB,h06_mw07,Storage HW,0.0
UserB,h06_mw07,Radiators,0.0
UserB,h06_mw07,Floor heating,0.0
UserB,h06_mw07,Induction stove,0.0
UserB,h06_mw07,Gas stove,0.0
UserB,h06_mw07,Gas National Grid,0.0
UserB,h07_mw07,PV sys,0.0
UserB,h07_mw07,National Grid EE,0.0
UserB,h07_mw07,Storage EE,0.6136499999999813
UserB,h07_mw07,Gas Boiler,0.0
UserB,h07_mw07,HP,0.0
UserB,h07_mw07,AC,0.0
UserB,h07_mw07,Storage HW,0.0
UserB,h07_mw07,Radiators,0.0
UserB,h07_mw07,Floor heating,0.0
UserB,h07_mw07,Induction stove,0.0
UserB,h07_mw07,Gas stove,0.0
UserB,h07_mw07,Gas National Grid,0.0
UserB,h08_mw07,PV sys,0.0
UserB,h08_mw07,National Grid EE,0.0
UserB,h08_mw07,Storage EE,0.6
UserB,h08_mw07,Gas Boiler,0.0
UserB,h08_mw07,HP,0.0
UserB,h08_mw07,AC,0.0
UserB,h08_mw07,Storage HW,0.0
UserB,h08_mw07,Radiators,0.0
UserB,h08_mw07,Floor heating,0.0
UserB,h08_mw07,Induction stove,0.0
UserB,h08_mw07,Gas stove,0.0
UserB,h08_mw07,Gas National Grid,0.0
UserB,h09_mw07,PV sys,0.0
UserB,h09_mw07,National Grid EE,0.0
UserB,h09_mw07,Storage EE,0.6
UserB,h09_mw07,Gas Boiler,0.0
UserB,h09_mw07,HP,0.0
UserB,h09_mw07,AC,0.0
UserB,h09_mw07,Storage HW,0.0
UserB,h09_mw07,Radiators,0.0
UserB,h09_mw07,Floor heating,0.0
UserB,h09_mw07,Induction stove,0.0
UserB,h09_mw07,Gas stove,0.0
UserB,h09_mw07,Gas National Grid,0.0
UserB,h10_mw07,PV sys,0.0
UserB,h10_mw07,National Grid EE,0.0
UserB,h10_mw07,Storage EE,0.7942500014854258
UserB,h10_mw07,Gas Boiler,0.0
UserB,h10_mw07,HP,0.0
UserB,h10_mw07,AC,0.0
UserB,h10_mw07,Storage HW,0.0
UserB,h10_mw07,Radiators,0.0
UserB,h10_mw07,Floor heating,0.0
UserB,h10_mw07,Induction stove,0.0
UserB,h10_mw07,Gas stove,0.0
UserB,h10_mw07,Gas National Grid,0.0
UserB,h11_mw07,PV sys,0.0
UserB,h11_mw07,National Grid EE,0.0
UserB,h11_mw07,Storage EE,0.9811500014845546
UserB,h11_mw07,Gas Boiler,0.0
UserB,h11_mw07,HP,0.0
UserB,h11_mw07,AC,0.0
UserB,h11_mw07,Storage HW,0.0
UserB,h11_mw07,Radiators,0.0
UserB,h11_mw07,Floor heating,0.0
UserB,h11_mw07,Induction stove,0.0
UserB,h11_mw07,Gas stove,0.0
UserB,h11_mw07,Gas National Grid,0.0
UserB,h12_mw07,PV sys,0.0
UserB,h12_mw07,National Grid EE,0.0
UserB,h12_mw07,Storage EE,1.146750001490116
UserB,h12_mw07,Gas Boiler,0.0
UserB,h12_mw07,HP,0.0
UserB,h12_mw07,AC,0.0
UserB,h12_mw07,Storage HW,0.0
UserB,h12_mw07,Radiators,0.0
UserB,h12_mw07,Floor heating,0.0
UserB,h12_mw07,Induction stove,0.0
UserB,h12_mw07,Gas stove,0.0
UserB,h12_mw07,Gas National Grid,0.0
UserB,h13_mw07,PV sys,0.0
UserB,h13_mw07,National Grid EE,0.0
UserB,h13_mw07,Storage EE,1.2877500014901169
UserB,h13_mw07,Gas Boiler,0.0
UserB,h13_mw07,HP,0.0
UserB,h13_mw07,AC,0.0
UserB,h13_mw07,Storage HW,0.0
UserB,h13_mw07,Radiators,0.0
UserB,h13_mw07,Floor heating,0.0
UserB,h13_mw07,Induction stove,0.0
UserB,h13_mw07,Gas stove,0.0
UserB,h13_mw07,Gas National Grid,0.0
UserB,h14_mw07,PV sys,0.0
UserB,h14_mw07,National Grid EE,0.0
UserB,h14_mw07,Storage EE,1.442713503284096
UserB,h14_mw07,Gas Boiler,0.0
UserB,h14_mw07,HP,0.0
UserB,h14_mw07,AC,0.0
UserB,h14_mw07,Storage HW,0.0
UserB,h14_mw07,Radiators,0.0
UserB,h14_mw07,Floor heating,0.0
UserB,h14_mw07,Induction stove,0.0
UserB,h14_mw07,Gas stove,0.0
UserB,h14_mw07,Gas National Grid,0.0
UserB,h15_mw07,PV sys,0.0
UserB,h15_mw07,National Grid EE,0.0
UserB,h15_mw07,Storage EE,1.3199585334806674
UserB,h15_mw07,Gas Boiler,0.0
UserB,h15_mw07,HP,0.0
UserB,h15_mw07,AC,0.0
UserB,h15_mw07,Storage HW,0.0
UserB,h15_mw07,Radiators,0.0
UserB,h15_mw07,Floor heating,0.0
UserB,h15_mw07,Induction stove,0.0
UserB,h15_mw07,Gas stove,0.0
UserB,h15_mw07,Gas National Grid,0.0
UserB,h16_mw07,PV sys,0.0
UserB,h16_mw07,National Grid EE,0.0
UserB,h16_mw07,Storage EE,1.1867038646271506
UserB,h16_mw07,Gas Boiler,0.0
UserB,h16_mw07,HP,0.0
UserB,h16_mw07,AC,0.0
UserB,h16_mw07,Storage HW,0.0
UserB,h16_mw07,Radiators,0.0
UserB,h16_mw07,Floor heating,0.0
UserB,h16_mw07,Induction stove,0.0
UserB,h16_mw07,Gas stove,0.0
UserB,h16_mw07,Gas National Grid,0.0
UserB,h17_mw07,PV sys,0.0
UserB,h17_mw07,National Grid EE,0.0
UserB,h17_mw07,Storage EE,0.9450991949394525
UserB,h17_mw07,Gas Boiler,0.0
UserB,h17_mw07,HP,0.0
UserB,h17_mw07,AC,0.0
UserB,h17_mw07,Storage HW,0.0
UserB,h17_mw07,Radiators,0.0
UserB,h17_mw07,Floor heating,0.0
UserB,h17_mw07,Induction stove,0.0
UserB,h17_mw07,Gas stove,0.0
UserB,h17_mw07,Gas National Grid,0.0
UserB,h18_mw07,PV sys,0.0
UserB,h18_mw07,National Grid EE,0.0
UserB,h18_mw07,Storage EE,0.9450991949394525
UserB,h18_mw07,Gas Boiler,0.0
UserB,h18_mw07,HP,0.0
UserB,h18_mw07,AC,0.0
UserB,h18_mw07,Storage HW,0.0
UserB,h18_mw07,Radiators,0.0
UserB,h18_mw07,Floor heating,0.0
UserB,h18_mw07,Induction stove,0.0
UserB,h18_mw07,Gas stove,0.0
UserB,h18_mw07,Gas National Grid,0.0
UserB,h19_mw07,PV sys,0.0
UserB,h19_mw07,National Grid EE,0.0
UserB,h19_mw07,Storage EE,0.9450991949394525
UserB,h19_mw07,Gas Boiler,0.0
UserB,h19_mw07,HP,0.0
UserB,h19_mw07,AC,0.0
UserB,h19_mw07,Storage HW,0.0
UserB,h19_mw07,Radiators,0.0
UserB,h19_mw07,Floor heating,0.0
UserB,h19_mw07,Induction stove,0.0
UserB,h19_mw07,Gas stove,0.0
UserB,h19_mw07,Gas National Grid,0.0
UserB,h20_mw07,PV sys,0.0
UserB,h20_mw07,National Grid EE,0.0
UserB,h20_mw07,Storage EE,0.945099194939498
UserB,h20_mw07,Gas Boiler,0.0
UserB,h20_mw07,HP,0.0
UserB,h20_mw07,AC,0.0
UserB,h20_mw07,Storage HW,0.0
UserB,h20_mw07,Radiators,0.0
UserB,h20_mw07,Floor heating,0.0
UserB,h20_mw07,Induction stove,0.0
UserB,h20_mw07,Gas stove,0.0
UserB,h20_mw07,Gas National Grid,0.0
UserB,h21_mw07,PV sys,0.0
UserB,h21_mw07,National Grid EE,0.0
UserB,h21_mw07,Storage EE,0.945099194939498
UserB,h21_mw07,Gas Boiler,0.0
UserB,h21_mw07,HP,0.0
UserB,h21_mw07,AC,0.0
UserB,h21_mw07,Storage HW,0.0
UserB,h21_mw07,Radiators,0.0
UserB,h21_mw07,Floor heating,0.0
UserB,h21_mw07,Induction stove,0.0
UserB,h21_mw07,Gas stove,0.0
UserB,h21_mw07,Gas National Grid,0.0
UserB,h22_mw07,PV sys,0.0
UserB,h22_mw07,National Grid EE,0.0
UserB,h22_mw07,Storage EE,0.945099194939498
UserB,h22_mw07,Gas Boiler,0.0
UserB,h22_mw07,HP,0.0
UserB,h22_mw07,AC,0.0
UserB,h22_mw07,Storage HW,0.0
UserB,h22_mw07,Radiators,0.0
UserB,h22_mw07,Floor heating,0.0
UserB,h22_mw07,Induction stove,0.0
UserB,h22_mw07,Gas stove,0.0
UserB,h22_mw07,Gas National Grid,0.0
UserB,h23_mw07,PV sys,0.0
UserB,h23_mw07,National Grid EE,0.0
UserB,h23_mw07,Storage EE,0.945099194939498
UserB,h23_mw07,Gas Boiler,0.0
UserB,h23_mw07,HP,0.0
UserB,h23_mw07,AC,0.0
UserB,h23_mw07,Storage HW,0.0
UserB,h23_mw07,Radiators,0.0
UserB,h23_mw07,Floor heating,0.0
UserB,h23_mw07,Induction stove,0.0
UserB,h23_mw07,Gas stove,0.0
UserB,h23_mw07,Gas National Grid,0.0
UserB,h24_mw07,PV sys,0.0
UserB,h24_mw07,National Grid EE,0.0
UserB,h24_mw07,Storage EE,0.945099194939498
UserB,h24_mw07,Gas Boiler,0.0
UserB,h24_mw07,HP,0.0
UserB,h24_mw07,AC,0.0
UserB,h24_mw07,Storage HW,0.0
UserB,h24_mw07,Radiators,0.0
UserB,h24_mw07,Floor heating,0.0
UserB,h24_mw07,Induction stove,0.0
UserB,h24_mw07,Gas stove,0.0
UserB,h24_mw07,Gas National Grid,0.0
UserB,h01_mw08,PV sys,0.0
UserB,h01_mw08,National Grid EE,0.0
UserB,h01_mw08,Storage EE,0.945099194939498
UserB,h01_mw08,Gas Boiler,0.0
UserB,h01_mw08,HP,0.0
UserB,h01_mw08,AC,0.0
UserB,h01_mw08,Storage HW,0.0
UserB,h01_mw08,Radiators,0.0
UserB,h01_mw08,Floor heating,0.0
UserB,h01_mw08,Induction stove,0.0
UserB,h01_mw08,Gas stove,0.0
UserB,h01_mw08,Gas National Grid,0.0
UserB,h02_mw08,PV sys,0.0
UserB,h02_mw08,National Grid EE,0.0
UserB,h02_mw08,Storage EE,0.945099194939498
UserB,h02_mw08,Gas Boiler,0.0
UserB,h02_mw08,HP,0.0
UserB,h02_mw08,AC,0.0
UserB,h02_mw08,Storage HW,0.0
UserB,h02_mw08,Radiators,0.0
UserB,h02_mw08,Floor heating,0.0
UserB,h02_mw08,Induction stove,0.0
UserB,h02_mw08,Gas stove,0.0
UserB,h02_mw08,Gas National Grid,0.0
UserB,h03_mw08,PV sys,0.0
UserB,h03_mw08,National Grid EE,0.0
UserB,h03_mw08,Storage EE,0.945099194939498
UserB,h03_mw08,Gas Boiler,0.0
UserB,h03_mw08,HP,0.0
UserB,h03_mw08,AC,0.0
UserB,h03_mw08,Storage HW,0.0
UserB,h03_mw08,Radiators,0.0
UserB,h03_mw08,Floor heating,0.0
UserB,h03_mw08,Induction stove,0.0
UserB,h03_mw08,Gas stove,0.0
UserB,h03_mw08,Gas National Grid,0.0
UserB,h04_mw08,PV sys,0.0
UserB,h04_mw08,National Grid EE,0.0
UserB,h04_mw08,Storage EE,0.794796491756801
UserB,h04_mw08,Gas Boiler,0.0
UserB,h04_mw08,HP,0.0
UserB,h04_mw08,AC,0.0
UserB,h04_mw08,Storage HW,0.0
UserB,h04_mw08,Radiators,0.0
UserB,h04_mw08,Floor heating,0.0
UserB,h04_mw08,Induction stove,0.0
UserB,h04_mw08,Gas stove,0.0
UserB,h04_mw08,Gas National Grid,0.0
UserB,h05_mw08,PV sys,0.0
UserB,h05_mw08,National Grid EE,0.0
UserB,h05_mw08,Storage EE,0.7947964917557583
UserB,h05_mw08,Gas Boiler,0.0
UserB,h05_mw08,HP,0.0
UserB,h05_mw08,AC,0.0
UserB,h05_mw08,Storage HW,0.0
UserB,h05_mw08,Radiators,0.0
UserB,h05_mw08,Floor heating,0.0
UserB,h05_mw08,Induction stove,0.0
UserB,h05_mw08,Gas stove,0.0
UserB,h05_mw08,Gas National Grid,0.0
UserB,h06_mw08,PV sys,0.0
UserB,h06_mw08,National Grid EE,0.0
UserB,h06_mw08,Storage EE,0.6
UserB,h06_mw08,Gas Boiler,0.0
UserB,h06_mw08,HP,0.0
UserB,h06_mw08,AC,0.0
UserB,h06_mw08,Storage HW,0.0
UserB,h06_mw08,Radiators,0.0
UserB,h06_mw08,Floor heating,0.0
UserB,h06_mw08,Induction stove,0.0
UserB,h06_mw08,Gas stove,0.0
UserB,h06_mw08,Gas National Grid,0.0
UserB,h07_mw08,PV sys,0.0
UserB,h07_mw08,National Grid EE,0.0
UserB,h07_mw08,Storage EE,0.6
UserB,h07_mw08,Gas Boiler,0.0
UserB,h07_mw08,HP,0.0
UserB,h07_mw08,AC,0.0
UserB,h07_mw08,Storage HW,0.0
UserB,h07_mw08,Radiators,0.0
UserB,h07_mw08,Floor heating,0.0
UserB,h07_mw08,Induction stove,0.0
UserB,h07_mw08,Gas stove,0.0
UserB,h07_mw08,Gas National Grid,0.0
UserB,h08_mw08,PV sys,0.0
UserB,h08_mw08,National Grid EE,0.0
UserB,h08_mw08,Storage EE,1.2870721060120671
UserB,h08_mw08,Gas Boiler,0.0
UserB,h08_mw08,HP,0.0
UserB,h08_mw08,AC,0.0
UserB,h08_mw08,Storage HW,0.0
UserB,h08_mw08,Radiators,0.0
UserB,h08_mw08,Floor heating,0.0
UserB,h08_mw08,Induction stove,0.0
UserB,h08_mw08,Gas stove,0.0
UserB,h08_mw08,Gas National Grid,0.0
UserB,h09_mw08,PV sys,0.0
UserB,h09_mw08,National Grid EE,0.0
UserB,h09_mw08,Storage EE,0.749792489580852
UserB,h09_mw08,Gas Boiler,0.0
UserB,h09_mw08,HP,0.0
UserB,h09_mw08,AC,0.0
UserB,h09_mw08,Storage HW,0.0
UserB,h09_mw08,Radiators,0.0
UserB,h09_mw08,Floor heating,0.0
UserB,h09_mw08,Induction stove,0.0
UserB,h09_mw08,Gas stove,0.0
UserB,h09_mw08,Gas National Grid,0.0
UserB,h10_mw08,PV sys,0.0
UserB,h10_mw08,National Grid EE,0.0
UserB,h10_mw08,Storage EE,0.6
UserB,h10_mw08,Gas Boiler,0.0
UserB,h10_mw08,HP,0.0
UserB,h10_mw08,AC,0.0
UserB,h10_mw08,Storage HW,0.0
UserB,h10_mw08,Radiators,0.0
UserB,h10_mw08,Floor heating,0.0
UserB,h10_mw08,Induction stove,0.0
UserB,h10_mw08,Gas stove,0.0
UserB,h10_mw08,Gas National Grid,0.0
UserB,h11_mw08,PV sys,0.0
UserB,h11_mw08,National Grid EE,0.0
UserB,h11_mw08,Storage EE,1.2005364030177486
UserB,h11_mw08,Gas Boiler,0.0
UserB,h11_mw08,HP,0.0
UserB,h11_mw08,AC,0.0
UserB,h11_mw08,Storage HW,0.0
UserB,h11_mw08,Radiators,0.0
UserB,h11_mw08,Floor heating,0.0
UserB,h11_mw08,Induction stove,0.0
UserB,h11_mw08,Gas stove,0.0
UserB,h11_mw08,Gas National Grid,0.0
UserB,h12_mw08,PV sys,0.0
UserB,h12_mw08,National Grid EE,0.0
UserB,h12_mw08,Storage EE,1.9811693487499822
UserB,h12_mw08,Gas Boiler,0.0
UserB,h12_mw08,HP,0.0
UserB,h12_mw08,AC,0.0
UserB,h12_mw08,Storage HW,0.0
UserB,h12_mw08,Radiators,0.0
UserB,h12_mw08,Floor heating,0.0
UserB,h12_mw08,Induction stove,0.0
UserB,h12_mw08,Gas stove,0.0
UserB,h12_mw08,Gas National Grid,0.0
UserB,h13_mw08,PV sys,0.0
UserB,h13_mw08,National Grid EE,0.0
UserB,h13_mw08,Storage EE,1.7167696168456987
UserB,h13_mw08,Gas Boiler,0.0
UserB,h13_mw08,HP,0.0
UserB,h13_mw08,AC,0.0
UserB,h13_mw08,Storage HW,0.0
UserB,h13_mw08,Radiators,0.0
UserB,h13_mw08,Floor heating,0.0
UserB,h13_mw08,Induction stove,0.0
UserB,h13_mw08,Gas stove,0.0
UserB,h13_mw08,Gas National Grid,0.0
UserB,h14_mw08,PV sys,0.0
UserB,h14_mw08,National Grid EE,0.0
UserB,h14_mw08,Storage EE,1.0313315517674826
UserB,h14_mw08,Gas Boiler,0.0
UserB,h14_mw08,HP,0.0
UserB,h14_mw08,AC,0.0
UserB,h14_mw08,Storage HW,0.0
UserB,h14_mw08,Radiators,0.0
UserB,h14_mw08,Floor heating,0.0
UserB,h14_mw08,Induction stove,0.0
UserB,h14_mw08,Gas stove,0.0
UserB,h14_mw08,Gas National Grid,0.0
UserB,h15_mw08,PV sys,0.0
UserB,h15_mw08,National Grid EE,0.0
UserB,h15_mw08,Storage EE,3.7967539146785847
UserB,h15_mw08,Gas Boiler,0.0
UserB,h15_mw08,HP,0.0
UserB,h15_mw08,AC,0.0
UserB,h15_mw08,Storage HW,0.0
UserB,h15_mw08,Radiators,0.0
UserB,h15_mw08,Floor heating,0.0
UserB,h15_mw08,Induction stove,0.0
UserB,h15_mw08,Gas stove,0.0
UserB,h15_mw08,Gas National Grid,0.0
UserB,h16_mw08,PV sys,0.0
UserB,h16_mw08,National Grid EE,0.0
UserB,h16_mw08,Storage EE,5.7
UserB,h16_mw08,Gas Boiler,0.0
UserB,h16_mw08,HP,0.0
UserB,h16_mw08,AC,0.0
UserB,h16_mw08,Storage HW,0.0
UserB,h16_mw08,Radiators,0.0
UserB,h16_mw08,Floor heating,0.0
UserB,h16_mw08,Induction stove,0.0
UserB,h16_mw08,Gas stove,0.0
UserB,h16_mw08,Gas National Grid,0.0
UserB,h17_mw08,PV sys,0.0
UserB,h17_mw08,National Grid EE,0.0
UserB,h17_mw08,Storage EE,5.7
UserB,h17_mw08,Gas Boiler,0.0
UserB,h17_mw08,HP,0.0
UserB,h17_mw08,AC,0.0
UserB,h17_mw08,Storage HW,0.0
UserB,h17_mw08,Radiators,0.0
UserB,h17_mw08,Floor heating,0.0
UserB,h17_mw08,Induction stove,0.0
UserB,h17_mw08,Gas stove,0.0
UserB,h17_mw08,Gas National Grid,0.0
UserB,h18_mw08,PV sys,0.0
UserB,h18_mw08,National Grid EE,0.0
UserB,h18_mw08,Storage EE,5.675960160808461
UserB,h18_mw08,Gas Boiler,0.0
UserB,h18_mw08,HP,0.0
UserB,h18_mw08,AC,0.0
UserB,h18_mw08,Storage HW,0.0
UserB,h18_mw08,Radiators,0.0
UserB,h18_mw08,Floor heating,0.0
UserB,h18_mw08,Induction stove,0.0
UserB,h18_mw08,Gas stove,0.0
UserB,h18_mw08,Gas National Grid,0.0
UserB,h19_mw08,PV sys,0.0
UserB,h19_mw08,National Grid EE,0.0
UserB,h19_mw08,Storage EE,5.675960160808031
UserB,h19_mw08,Gas Boiler,0.0
UserB,h19_mw08,HP,0.0
UserB,h19_mw08,AC,0.0
UserB,h19_mw08,Storage HW,0.0
UserB,h19_mw08,Radiators,0.0
UserB,h19_mw08,Floor heating,0.0
UserB,h19_mw08,Induction stove,0.0
UserB,h19_mw08,Gas stove,0.0
UserB,h19_mw08,Gas National Grid,0.0
UserB,h20_mw08,PV sys,0.0
UserB,h20_mw08,National Grid EE,0.0
UserB,h20_mw08,Storage EE,4.624473475061723
UserB,h20_mw08,Gas Boiler,0.0
UserB,h20_mw08,HP,0.0
UserB,h20_mw08,AC,0.0
UserB,h20_mw08,Storage HW,0.0
UserB,h20_mw08,Radiators,0.0
UserB,h20_mw08,Floor heating,0.0
UserB,h20_mw08,Induction stove,0.0
UserB,h20_mw08,Gas stove,0.0
UserB,h20_mw08,Gas National Grid,0.0
UserB,h21_mw08,PV sys,0.0
UserB,h21_mw08,National Grid EE,0.0
UserB,h21_mw08,Storage EE,4.043010814872559
UserB,h21_mw08,Gas Boiler,0.0
UserB,h21_mw08,HP,0.0
UserB,h21_mw08,AC,0.0
UserB,h21_mw08,Storage HW,0.0
UserB,h21_mw08,Radiators,0.0
UserB,h21_mw08,Floor heating,0.0
UserB,h21_mw08,Induction stove,0.0
UserB,h21_mw08,Gas stove,0.0
UserB,h21_mw08,Gas National Grid,0.0
UserB,h22_mw08,PV sys,0.0
UserB,h22_mw08,National Grid EE,0.0
UserB,h22_mw08,Storage EE,4.043010814876729
UserB,h22_mw08,Gas Boiler,0.0
UserB,h22_mw08,HP,0.0
UserB,h22_mw08,AC,0.0
UserB,h22_mw08,Storage HW,0.0
UserB,h22_mw08,Radiators,0.0
UserB,h22_mw08,Floor heating,0.0
UserB,h22_mw08,Induction stove,0.0
UserB,h22_mw08,Gas stove,0.0
UserB,h22_mw08,Gas National Grid,0.0
UserB,h23_mw08,PV sys,0.0
UserB,h23_mw08,National Grid EE,0.0
UserB,h23_mw08,Storage EE,2.6724117806086887
UserB,h23_mw08,Gas Boiler,0.0
UserB,h23_mw08,HP,0.0
UserB,h23_mw08,AC,0.0
UserB,h23_mw08,Storage HW,0.0
UserB,h23_mw08,Radiators,0.0
UserB,h23_mw08,Floor heating,0.0
UserB,h23_mw08,Induction stove,0.0
UserB,h23_mw08,Gas stove,0.0
UserB,h23_mw08,Gas National Grid,0.0
UserB,h24_mw08,PV sys,0.0
UserB,h24_mw08,National Grid EE,0.0
UserB,h24_mw08,Storage EE,1.6795934834680224
UserB,h24_mw08,Gas Boiler,0.0
UserB,h24_mw08,HP,0.0
UserB,h24_mw08,AC,0.0
UserB,h24_mw08,Storage HW,0.0
UserB,h24_mw08,Radiators,0.0
UserB,h24_mw08,Floor heating,0.0
UserB,h24_mw08,Induction stove,0.0
UserB,h24_mw08,Gas stove,0.0
UserB,h24_mw08,Gas National Grid,0.0
UserB,h01_mw09,PV sys,0.0
UserB,h01_mw09,National Grid EE,0.0
UserB,h01_mw09,Storage EE,1.3731936463402912
UserB,h01_mw09,Gas Boiler,0.0
UserB,h01_mw09,HP,0.0
UserB,h01_mw09,AC,0.0
UserB,h01_mw09,Storage HW,0.0
UserB,h01_mw09,Radiators,0.0
UserB,h01_mw09,Floor heating,0.0
UserB,h01_mw09,Induction stove,0.0
UserB,h01_mw09,Gas stove,0.0
UserB,h01_mw09,Gas National Grid,0.0
UserB,h02_mw09,PV sys,0.0
UserB,h02_mw09,National Grid EE,0.0
UserB,h02_mw09,Storage EE,1.2069051226753427
UserB,h02_mw09,Gas Boiler,0.0
UserB,h02_mw09,HP,0.0
UserB,h02_mw09,AC,0.0
UserB,h02_mw09,Storage HW,0.0
UserB,h02_mw09,Radiators,0.0
UserB,h02_mw09,Floor heating,0.0
UserB,h02_mw09,Induction stove,0.0
UserB,h02_mw09,Gas stove,0.0
UserB,h02_mw09,Gas National Grid,0.0
UserB,h03_mw09,PV sys,0.0
UserB,h03_mw09,National Grid EE,0.0
UserB,h03_mw09,Storage EE,1.03857844474283
UserB,h03_mw09,Gas Boiler,0.0
UserB,h03_mw09,HP,0.0
UserB,h03_mw09,AC,0.0
UserB,h03_mw09,Storage HW,0.0
UserB,h03_mw09,Radiators,0.0
UserB,h03_mw09,Floor heating,0.0
UserB,h03_mw09,Induction stove,0.0
UserB,h03_mw09,Gas stove,0.0
UserB,h03_mw09,Gas National Grid,0.0
UserB,h04_mw09,PV sys,0.0
UserB,h04_mw09,National Grid EE,0.0
UserB,h04_mw09,Storage EE,0.9131144271994245
UserB,h04_mw09,Gas Boiler,0.0
UserB,h04_mw09,HP,0.0
UserB,h04_mw09,AC,0.0
UserB,h04_mw09,Storage HW,0.0
UserB,h04_mw09,Radiators,0.0
UserB,h04_mw09,Floor heating,0.0
UserB,h04_mw09,Induction stove,0.0
UserB,h04_mw09,Gas stove,0.0
UserB,h04_mw09,Gas National Grid,0.0
UserB,h05_mw09,PV sys,0.0
UserB,h05_mw09,National Grid EE,0.0
UserB,h05_mw09,Storage EE,0.7184624918819622
UserB,h05_mw09,Gas Boiler,0.0
UserB,h05_mw09,HP,0.0
UserB,h05_mw09,AC,0.0
UserB,h05_mw09,Storage HW,0.0
UserB,h05_mw09,Radiators,0.0
UserB,h05_mw09,Floor heating,0.0
UserB,h05_mw09,Induction stove,0.0
UserB,h05_mw09,Gas stove,0.0
UserB,h05_mw09,Gas National Grid,0.0
UserB,h06_mw09,PV sys,0.0
UserB,h06_mw09,National Grid EE,0.0
UserB,h06_mw09,Storage EE,0.6
UserB,h06_mw09,Gas Boiler,0.0
UserB,h06_mw09,HP,0.0
UserB,h06_mw09,AC,0.0
UserB,h06_mw09,Storage HW,0.0
UserB,h06_mw09,Radiators,0.0
UserB,h06_mw09,Floor heating,0.0
UserB,h06_mw09,Induction stove,0.0
UserB,h06_mw09,Gas stove,0.0
UserB,h06_mw09,Gas National Grid,0.0
UserB,h07_mw09,PV sys,0.0
UserB,h07_mw09,National Grid EE,0.0
UserB,h07_mw09,Storage EE,0.7986695041737324
UserB,h07_mw09,Gas Boiler,0.0
UserB,h07_mw09,HP,0.0
UserB,h07_mw09,AC,0.0
UserB,h07_mw09,Storage HW,0.0
UserB,h07_mw09,Radiators,0.0
UserB,h07_mw09,Floor heating,0.0
UserB,h07_mw09,Induction stove,0.0
UserB,h07_mw09,Gas stove,0.0
UserB,h07_mw09,Gas National Grid,0.0
UserB,h08_mw09,PV sys,0.0
UserB,h08_mw09,National Grid EE,0.0
UserB,h08_mw09,Storage EE,1.03155819044059
UserB,h08_mw09,Gas Boiler,0.0
UserB,h08_mw09,HP,0.0
UserB,h08_mw09,AC,0.0
UserB,h08_mw09,Storage HW,0.0
UserB,h08_mw09,Radiators,0.0
UserB,h08_mw09,Floor heating,0.0
UserB,h08_mw09,Induction stove,0.0
UserB,h08_mw09,Gas stove,0.0
UserB,h08_mw09,Gas National Grid,0.0
UserB,h09_mw09,PV sys,0.0
UserB,h09_mw09,National Grid EE,0.0
UserB,h09_mw09,Storage EE,0.6
UserB,h09_mw09,Gas Boiler,0.0
UserB,h09_mw09,HP,0.0
UserB,h09_mw09,AC,0.0
UserB,h09_mw09,Storage HW,0.0
UserB,h09_mw09,Radiators,0.0
UserB,h09_mw09,Floor heating,0.0
UserB,h09_mw09,Induction stove,0.0
UserB,h09_mw09,Gas stove,0.0
UserB,h09_mw09,Gas National Grid,0.0
UserB,h10_mw09,PV sys,0.0
UserB,h10_mw09,National Grid EE,0.0
UserB,h10_mw09,Storage EE,0.6
UserB,h10_mw09,Gas Boiler,0.0
UserB,h10_mw09,HP,0.0
UserB,h10_mw09,AC,0.0
UserB,h10_mw09,Storage HW,0.0
UserB,h10_mw09,Radiators,0.0
UserB,h10_mw09,Floor heating,0.0
UserB,h10_mw09,Induction stove,0.0
UserB,h10_mw09,Gas stove,0.0
UserB,h10_mw09,Gas National Grid,0.0
UserB,h11_mw09,PV sys,0.0
UserB,h11_mw09,National Grid EE,0.0
UserB,h11_mw09,Storage EE,3.0849644698097904
UserB,h11_mw09,Gas Boiler,0.0
UserB,h11_mw09,HP,0.0
UserB,h11_mw09,AC,0.0
UserB,h11_mw09,Storage HW,0.0
UserB,h11_mw09,Radiators,0.0
UserB,h11_mw09,Floor heating,0.0
UserB,h11_mw09,Induction stove,0.0
UserB,h11_mw09,Gas stove,0.0
UserB,h11_mw09,Gas National Grid,0.0
UserB,h12_mw09,PV sys,0.0
UserB,h12_mw09,National Grid EE,0.0
UserB,h12_mw09,Storage EE,5.663295297245659
UserB,h12_mw09,Gas Boiler,0.0
UserB,h12_mw09,HP,0.0
UserB,h12_mw09,AC,0.0
UserB,h12_mw09,Storage HW,0.0
UserB,h12_mw09,Radiators,0.0
UserB,h12_mw09,Floor heating,0.0
UserB,h12_mw09,Induction stove,0.0
UserB,h12_mw09,Gas stove,0.0
UserB,h12_mw09,Gas National Grid,0.0
UserB,h13_mw09,PV sys,0.0
UserB,h13_mw09,National Grid EE,0.0
UserB,h13_mw09,Storage EE,5.7
UserB,h13_mw09,Gas Boiler,0.0
UserB,h13_mw09,HP,0.0
UserB,h13_mw09,AC,0.0
UserB,h13_mw09,Storage HW,0.0
UserB,h13_mw09,Radiators,0.0
UserB,h13_mw09,Floor heating,0.0
UserB,h13_mw09,Induction stove,0.0
UserB,h13_mw09,Gas stove,0.0
UserB,h13_mw09,Gas National Grid,0.0
UserB,h14_mw09,PV sys,0.0
UserB,h14_mw09,National Grid EE,0.0
UserB,h14_mw09,Storage EE,5.7
UserB,h14_mw09,Gas Boiler,0.0
UserB,h14_mw09,HP,0.0
UserB,h14_mw09,AC,0.0
UserB,h14_mw09,Storage HW,0.0
UserB,h14_mw09,Radiators,0.0
UserB,h14_mw09,Floor heating,0.0
UserB,h14_mw09,Induction stove,0.0
UserB,h14_mw09,Gas stove,0.0
UserB,h14_mw09,Gas National Grid,0.0
UserB,h15_mw09,PV sys,0.0
UserB,h15_mw09,National Grid EE,0.0
UserB,h15_mw09,Storage EE,4.912204275627903
UserB,h15_mw09,Gas Boiler,0.0
UserB,h15_mw09,HP,0.0
UserB,h15_mw09,AC,0.0
UserB,h15_mw09,Storage HW,0.0
UserB,h15_mw09,Radiators,0.0
UserB,h15_mw09,Floor heating,0.0
UserB,h15_mw09,Induction stove,0.0
UserB,h15_mw09,Gas stove,0.0
UserB,h15_mw09,Gas National Grid,0.0
UserB,h16_mw09,PV sys,0.0
UserB,h16_mw09,National Grid EE,0.0
UserB,h16_mw09,Storage EE,5.455079669136925
UserB,h16_mw09,Gas Boiler,0.0
UserB,h16_mw09,HP,0.0
UserB,h16_mw09,AC,0.0
UserB,h16_mw09,Storage HW,0.0
UserB,h16_mw09,Radiators,0.0
UserB,h16_mw09,Floor heating,0.0
UserB,h16_mw09,Induction stove,0.0
UserB,h16_mw09,Gas stove,0.0
UserB,h16_mw09,Gas National Grid,0.0
UserB,h17_mw09,PV sys,0.0
UserB,h17_mw09,National Grid EE,0.0
UserB,h17_mw09,Storage EE,5.7
UserB,h17_mw09,Gas Boiler,0.0
UserB,h17_mw09,HP,0.0
UserB,h17_mw09,AC,0.0
UserB,h17_mw09,Storage HW,0.0
UserB,h17_mw09,Radiators,0.0
UserB,h17_mw09,Floor heating,0.0
UserB,h17_mw09,Induction stove,0.0
UserB,h17_mw09,Gas stove,0.0
UserB,h17_mw09,Gas National Grid,0.0
UserB,h18_mw09,PV sys,0.0
UserB,h18_mw09,National Grid EE,0.0
UserB,h18_mw09,Storage EE,5.57164275865337
UserB,h18_mw09,Gas Boiler,0.0
UserB,h18_mw09,HP,0.0
UserB,h18_mw09,AC,0.0
UserB,h18_mw09,Storage HW,0.0
UserB,h18_mw09,Radiators,0.0
UserB,h18_mw09,Floor heating,0.0
UserB,h18_mw09,Induction stove,0.0
UserB,h18_mw09,Gas stove,0.0
UserB,h18_mw09,Gas National Grid,0.0
UserB,h19_mw09,PV sys,0.0
UserB,h19_mw09,National Grid EE,0.0
UserB,h19_mw09,Storage EE,5.1450058889119425
UserB,h19_mw09,Gas Boiler,0.0
UserB,h19_mw09,HP,0.0
UserB,h19_mw09,AC,0.0
UserB,h19_mw09,Storage HW,0.0
UserB,h19_mw09,Radiators,0.0
UserB,h19_mw09,Floor heating,0.0
UserB,h19_mw09,Induction stove,0.0
UserB,h19_mw09,Gas stove,0.0
UserB,h19_mw09,Gas National Grid,0.0
UserB,h20_mw09,PV sys,0.0
UserB,h20_mw09,National Grid EE,0.0
UserB,h20_mw09,Storage EE,4.8642516026624865
UserB,h20_mw09,Gas Boiler,0.0
UserB,h20_mw09,HP,0.0
UserB,h20_mw09,AC,0.0
UserB,h20_mw09,Storage HW,0.0
UserB,h20_mw09,Radiators,0.0
UserB,h20_mw09,Floor heating,0.0
UserB,h20_mw09,Induction stove,0.0
UserB,h20_mw09,Gas stove,0.0
UserB,h20_mw09,Gas National Grid,0.0
UserB,h21_mw09,PV sys,0.0
UserB,h21_mw09,National Grid EE,0.0
UserB,h21_mw09,Storage EE,4.158958905912416
UserB,h21_mw09,Gas Boiler,0.0
UserB,h21_mw09,HP,0.0
UserB,h21_mw09,AC,0.0
UserB,h21_mw09,Storage HW,0.0
UserB,h21_mw09,Radiators,0.0
UserB,h21_mw09,Floor heating,0.0
UserB,h21_mw09,Induction stove,0.0
UserB,h21_mw09,Gas stove,0.0
UserB,h21_mw09,Gas National Grid,0.0
UserB,h22_mw09,PV sys,0.0
UserB,h22_mw09,National Grid EE,0.0
UserB,h22_mw09,Storage EE,3.4366050823628207
UserB,h22_mw09,Gas Boiler,0.0
UserB,h22_mw09,HP,0.0
UserB,h22_mw09,AC,0.0
UserB,h22_mw09,Storage HW,0.0
UserB,h22_mw09,Radiators,0.0
UserB,h22_mw09,Floor heating,0.0
UserB,h22_mw09,Induction stove,0.0
UserB,h22_mw09,Gas stove,0.0
UserB,h22_mw09,Gas National Grid,0.0
UserB,h23_mw09,PV sys,0.0
UserB,h23_mw09,National Grid EE,0.0
UserB,h23_mw09,Storage EE,2.835287582361664
UserB,h23_mw09,Gas Boiler,0.0
UserB,h23_mw09,HP,0.0
UserB,h23_mw09,AC,0.0
UserB,h23_mw09,Storage HW,0.0
UserB,h23_mw09,Radiators,0.0
UserB,h23_mw09,Floor heating,0.0
UserB,h23_mw09,Induction stove,0.0
UserB,h23_mw09,Gas stove,0.0
UserB,h23_mw09,Gas National Grid,0.0
UserB,h24_mw09,PV sys,0.0
UserB,h24_mw09,National Grid EE,0.0
UserB,h24_mw09,Storage EE,2.5147314631559836
UserB,h24_mw09,Gas Boiler,0.0
UserB,h24_mw09,HP,0.0
UserB,h24_mw09,AC,0.0
UserB,h24_mw09,Storage HW,0.0
UserB,h24_mw09,Radiators,0.0
UserB,h24_mw09,Floor heating,0.0
UserB,h24_mw09,Induction stove,0.0
UserB,h24_mw09,Gas stove,0.0
UserB,h24_mw09,Gas National Grid,0.0
UserB,h01_mw10,PV sys,0.0
UserB,h01_mw10,National Grid EE,0.0
UserB,h01_mw10,Storage EE,2.352916736534248
UserB,h01_mw10,Gas Boiler,0.0
UserB,h01_mw10,HP,0.0
UserB,h01_mw10,AC,0.0
UserB,h01_mw10,Storage HW,0.0
UserB,h01_mw10,Radiators,0.0
UserB,h01_mw10,Floor heating,0.0
UserB,h01_mw10,Induction stove,0.0
UserB,h01_mw10,Gas stove,0.0
UserB,h01_mw10,Gas National Grid,0.0
UserB,h02_mw10,PV sys,0.0
UserB,h02_mw10,National Grid EE,0.0
UserB,h02_mw10,Storage EE,2.235704290812327
UserB,h02_mw10,Gas Boiler,0.0
UserB,h02_mw10,HP,0.0
UserB,h02_mw10,AC,0.0
UserB,h02_mw10,Storage HW,0.0
UserB,h02_mw10,Radiators,0.0
UserB,h02_mw10,Floor heating,0.0
UserB,h02_mw10,Induction stove,0.0
UserB,h02_mw10,Gas stove,0.0
UserB,h02_mw10,Gas National Grid,0.0
UserB,h03_mw10,PV sys,0.0
UserB,h03_mw10,National Grid EE,0.0
UserB,h03_mw10,Storage EE,2.1149334271029656
UserB,h03_mw10,Gas Boiler,0.0
UserB,h03_mw10,HP,0.0
UserB,h03_mw10,AC,0.0
UserB,h03_mw10,Storage HW,0.0
UserB,h03_mw10,Radiators,0.0
UserB,h03_mw10,Floor heating,0.0
UserB,h03_mw10,Induction stove,0.0
UserB,h03_mw10,Gas stove,0.0
UserB,h03_mw10,Gas National Grid,0.0
UserB,h04_mw10,PV sys,0.0
UserB,h04_mw10,National Grid EE,0.0
UserB,h04_mw10,Storage EE,1.9980213358594807
UserB,h04_mw10,Gas Boiler,0.0
UserB,h04_mw10,HP,0.0
UserB,h04_mw10,AC,0.0
UserB,h04_mw10,Storage HW,0.0
UserB,h04_mw10,Radiators,0.0
UserB,h04_mw10,Floor heating,0.0
UserB,h04_mw10,Induction stove,0.0
UserB,h04_mw10,Gas stove,0.0
UserB,h04_mw10,Gas National Grid,0.0
UserB,h05_mw10,PV sys,0.0
UserB,h05_mw10,National Grid EE,0.0
UserB,h05_mw10,Storage EE,1.8354078744448499
UserB,h05_mw10,Gas Boiler,0.0
UserB,h05_mw10,HP,0.0
UserB,h05_mw10,AC,0.0
UserB,h05_mw10,Storage HW,0.0
UserB,h05_mw10,Radiators,0.0
UserB,h05_mw10,Floor heating,0.0
UserB,h05_mw10,Induction stove,0.0
UserB,h05_mw10,Gas stove,0.0
UserB,h05_mw10,Gas National Grid,0.0
UserB,h06_mw10,PV sys,0.0
UserB,h06_mw10,National Grid EE,0.0
UserB,h06_mw10,Storage EE,1.7806465582328608
UserB,h06_mw10,Gas Boiler,0.0
UserB,h06_mw10,HP,0.0
UserB,h06_mw10,AC,0.0
UserB,h06_mw10,Storage HW,0.0
UserB,h06_mw10,Radiators,0.0
UserB,h06_mw10,Floor heating,0.0
UserB,h06_mw10,Induction stove,0.0
UserB,h06_mw10,Gas stove,0.0
UserB,h06_mw10,Gas National Grid,0.0
UserB,h07_mw10,PV sys,0.0
UserB,h07_mw10,National Grid EE,0.0
UserB,h07_mw10,Storage EE,1.9559940112467498
UserB,h07_mw10,Gas Boiler,0.0
UserB,h07_mw10,HP,0.0
UserB,h07_mw10,AC,0.0
UserB,h07_mw10,Storage HW,0.0
UserB,h07_mw10,Radiators,0.0
UserB,h07_mw10,Floor heating,0.0
UserB,h07_mw10,Induction stove,0.0
UserB,h07_mw10,Gas stove,0.0
UserB,h07_mw10,Gas National Grid,0.0
UserB,h08_mw10,PV sys,0.0
UserB,h08_mw10,National Grid EE,0.0
UserB,h08_mw10,Storage EE,2.9517855304086456
UserB,h08_mw10,Gas Boiler,0.0
UserB,h08_mw10,HP,0.0
UserB,h08_mw10,AC,0.0
UserB,h08_mw10,Storage HW,0.0
UserB,h08_mw10,Radiators,0.0
UserB,h08_mw10,Floor heating,0.0
UserB,h08_mw10,Induction stove,0.0
UserB,h08_mw10,Gas stove,0.0
UserB,h08_mw10,Gas National Grid,0.0
UserB,h09_mw10,PV sys,0.0
UserB,h09_mw10,National Grid EE,0.0
UserB,h09_mw10,Storage EE,4.317167305896952
UserB,h09_mw10,Gas Boiler,0.0
UserB,h09_mw10,HP,0.0
UserB,h09_mw10,AC,0.0
UserB,h09_mw10,Storage HW,0.0
UserB,h09_mw10,Radiators,0.0
UserB,h09_mw10,Floor heating,0.0
UserB,h09_mw10,Induction stove,0.0
UserB,h09_mw10,Gas stove,0.0
UserB,h09_mw10,Gas National Grid,0.0
UserB,h10_mw10,PV sys,0.0
UserB,h10_mw10,National Grid EE,0.0
UserB,h10_mw10,Storage EE,3.9138647218532516
UserB,h10_mw10,Gas Boiler,0.0
UserB,h10_mw10,HP,0.0
UserB,h10_mw10,AC,0.0
UserB,h10_mw10,Storage HW,0.0
UserB,h10_mw10,Radiators,0.0
UserB,h10_mw10,Floor heating,0.0
UserB,h10_mw10,Induction stove,0.0
UserB,h10_mw10,Gas stove,0.0
UserB,h10_mw10,Gas National Grid,0.0
UserB,h11_mw10,PV sys,0.0
UserB,h11_mw10,National Grid EE,0.0
UserB,h11_mw10,Storage EE,4.095968629603526
UserB,h11_mw10,Gas Boiler,0.0
UserB,h11_mw10,HP,0.0
UserB,h11_mw10,AC,0.0
UserB,h11_mw10,Storage HW,0.0
UserB,h11_mw10,Radiators,0.0
UserB,h11_mw10,Floor heating,0.0
UserB,h11_mw10,Induction stove,0.0
UserB,h11_mw10,Gas stove,0.0
UserB,h11_mw10,Gas National Grid,0.0
UserB,h12_mw10,PV sys,0.0
UserB,h12_mw10,National Grid EE,0.0
UserB,h12_mw10,Storage EE,4.631582942313603
UserB,h12_mw10,Gas Boiler,0.0
UserB,h12_mw10,HP,0.0
UserB,h12_mw10,AC,0.0
UserB,h12_mw10,Storage HW,0.0
UserB,h12_mw10,Radiators,0.0
UserB,h12_mw10,Floor heating,0.0
UserB,h12_mw10,Induction stove,0.0
UserB,h12_mw10,Gas stove,0.0
UserB,h12_mw10,Gas National Grid,0.0
UserB,h13_mw10,PV sys,0.0
UserB,h13_mw10,National Grid EE,0.0
UserB,h13_mw10,Storage EE,5.046468856941561
UserB,h13_mw10,Gas Boiler,0.0
UserB,h13_mw10,HP,0.0
UserB,h13_mw10,AC,0.0
UserB,h13_mw10,Storage HW,0.0
UserB,h13_mw10,Radiators,0.0
UserB,h13_mw10,Floor heating,0.0
UserB,h13_mw10,Induction stove,0.0
UserB,h13_mw10,Gas stove,0.0
UserB,h13_mw10,Gas National Grid,0.0
UserB,h14_mw10,PV sys,0.0
UserB,h14_mw10,National Grid EE,0.0
UserB,h14_mw10,Storage EE,5.7
UserB,h14_mw10,Gas Boiler,0.0
UserB,h14_mw10,HP,0.0
UserB,h14_mw10,AC,0.0
UserB,h14_mw10,Storage HW,0.0
UserB,h14_mw10,Radiators,0.0
UserB,h14_mw10,Floor heating,0.0
UserB,h14_mw10,Induction stove,0.0
UserB,h14_mw10,Gas stove,0.0
UserB,h14_mw10,Gas National Grid,0.0
UserB,h15_mw10,PV sys,0.0
UserB,h15_mw10,National Grid EE,0.0
UserB,h15_mw10,Storage EE,5.7
UserB,h15_mw10,Gas Boiler,0.0
UserB,h15_mw10,HP,0.0
UserB,h15_mw10,AC,0.0
UserB,h15_mw10,Storage HW,0.0
UserB,h15_mw10,Radiators,0.0
UserB,h15_mw10,Floor heating,0.0
UserB,h15_mw10,Induction stove,0.0
UserB,h15_mw10,Gas stove,0.0
UserB,h15_mw10,Gas National Grid,0.0
UserB,h16_mw10,PV sys,0.0
UserB,h16_mw10,National Grid EE,0.0
UserB,h16_mw10,Storage EE,4.82482509405938
UserB,h16_mw10,Gas Boiler,0.0
UserB,h16_mw10,HP,0.0
UserB,h16_mw10,AC,0.0
UserB,h16_mw10,Storage HW,0.0
UserB,h16_mw10,Radiators,0.0
UserB,h16_mw10,Floor heating,0.0
UserB,h16_mw10,Induction stove,0.0
UserB,h16_mw10,Gas stove,0.0
UserB,h16_mw10,Gas National Grid,0.0
UserB,h17_mw10,PV sys,0.0
UserB,h17_mw10,National Grid EE,0.0
UserB,h17_mw10,Storage EE,5.698479919413391
UserB,h17_mw10,Gas Boiler,0.0
UserB,h17_mw10,HP,0.0
UserB,h17_mw10,AC,0.0
UserB,h17_mw10,Storage HW,0.0
UserB,h17_mw10,Radiators,0.0
UserB,h17_mw10,Floor heating,0.0
UserB,h17_mw10,Induction stove,0.0
UserB,h17_mw10,Gas stove,0.0
UserB,h17_mw10,Gas National Grid,0.0
UserB,h18_mw10,PV sys,0.0
UserB,h18_mw10,National Grid EE,0.0
UserB,h18_mw10,Storage EE,5.7
UserB,h18_mw10,Gas Boiler,0.0
UserB,h18_mw10,HP,0.0
UserB,h18_mw10,AC,0.0
UserB,h18_mw10,Storage HW,0.0
UserB,h18_mw10,Radiators,0.0
UserB,h18_mw10,Floor heating,0.0
UserB,h18_mw10,Induction stove,0.0
UserB,h18_mw10,Gas stove,0.0
UserB,h18_mw10,Gas National Grid,0.0
UserB,h19_mw10,PV sys,0.0
UserB,h19_mw10,National Grid EE,0.0
UserB,h19_mw10,Storage EE,4.960563184233596
UserB,h19_mw10,Gas Boiler,0.0
UserB,h19_mw10,HP,0.0
UserB,h19_mw10,AC,0.0
UserB,h19_mw10,Storage HW,0.0
UserB,h19_mw10,Radiators,0.0
UserB,h19_mw10,Floor heating,0.0
UserB,h19_mw10,Induction stove,0.0
UserB,h19_mw10,Gas stove,0.0
UserB,h19_mw10,Gas National Grid,0.0
UserB,h20_mw10,PV sys,0.0
UserB,h20_mw10,National Grid EE,0.0
UserB,h20_mw10,Storage EE,4.0582560870611575
UserB,h20_mw10,Gas Boiler,0.0
UserB,h20_mw10,HP,0.0
UserB,h20_mw10,AC,0.0
UserB,h20_mw10,Storage HW,0.0
UserB,h20_mw10,Radiators,0.0
UserB,h20_mw10,Floor heating,0.0
UserB,h20_mw10,Induction stove,0.0
UserB,h20_mw10,Gas stove,0.0
UserB,h20_mw10,Gas National Grid,0.0
UserB,h21_mw10,PV sys,0.0
UserB,h21_mw10,National Grid EE,0.0
UserB,h21_mw10,Storage EE,3.4401361689424093
UserB,h21_mw10,Gas Boiler,0.0
UserB,h21_mw10,HP,0.0
UserB,h21_mw10,AC,0.0
UserB,h21_mw10,Storage HW,0.0
UserB,h21_mw10,Radiators,0.0
UserB,h21_mw10,Floor heating,0.0
UserB,h21_mw10,Induction stove,0.0
UserB,h21_mw10,Gas stove,0.0
UserB,h21_mw10,Gas National Grid,0.0
UserB,h22_mw10,PV sys,0.0
UserB,h22_mw10,National Grid EE,0.0
UserB,h22_mw10,Storage EE,2.7934606660286034
UserB,h22_mw10,Gas Boiler,0.0
UserB,h22_mw10,HP,0.0
UserB,h22_mw10,AC,0.0
UserB,h22_mw10,Storage HW,0.0
UserB,h22_mw10,Radiators,0.0
UserB,h22_mw10,Floor heating,0.0
UserB,h22_mw10,Induction stove,0.0
UserB,h22_mw10,Gas stove,0.0
UserB,h22_mw10,Gas National Grid,0.0
UserB,h23_mw10,PV sys,0.0
UserB,h23_mw10,National Grid EE,0.0
UserB,h23_mw10,Storage EE,2.11911966093861
UserB,h23_mw10,Gas Boiler,0.0
UserB,h23_mw10,HP,0.0
UserB,h23_mw10,AC,0.0
UserB,h23_mw10,Storage HW,0.0
UserB,h23_mw10,Radiators,0.0
UserB,h23_mw10,Floor heating,0.0
UserB,h23_mw10,Induction stove,0.0
UserB,h23_mw10,Gas stove,0.0
UserB,h23_mw10,Gas National Grid,0.0
UserB,h24_mw10,PV sys,0.0
UserB,h24_mw10,National Grid EE,0.0
UserB,h24_mw10,Storage EE,1.6937923461102284
UserB,h24_mw10,Gas Boiler,0.0
UserB,h24_mw10,HP,0.0
UserB,h24_mw10,AC,0.0
UserB,h24_mw10,Storage HW,0.0
UserB,h24_mw10,Radiators,0.0
UserB,h24_mw10,Floor heating,0.0
UserB,h24_mw10,Induction stove,0.0
UserB,h24_mw10,Gas stove,0.0
UserB,h24_mw10,Gas National Grid,0.0
UserB,h01_mw11,PV sys,0.0
UserB,h01_mw11,National Grid EE,0.0
UserB,h01_mw11,Storage EE,1.3643880221694764
UserB,h01_mw11,Gas Boiler,0.0
UserB,h01_mw11,HP,0.0
UserB,h01_mw11,AC,0.0
UserB,h01_mw11,Storage HW,0.0
UserB,h01_mw11,Radiators,0.0
UserB,h01_mw11,Floor heating,0.0
UserB,h01_mw11,Induction stove,0.0
UserB,h01_mw11,Gas stove,0.0
UserB,h01_mw11,Gas National Grid,0.0
UserB,h02_mw11,PV sys,0.0
UserB,h02_mw11,National Grid EE,0.0
UserB,h02_mw11,Storage EE,1.3643880221694764
UserB,h02_mw11,Gas Boiler,0.0
UserB,h02_mw11,HP,0.0
UserB,h02_mw11,AC,0.0
UserB,h02_mw11,Storage HW,0.0
UserB,h02_mw11,Radiators,0.0
UserB,h02_mw11,Floor heating,0.0
UserB,h02_mw11,Induction stove,0.0
UserB,h02_mw11,Gas stove,0.0
UserB,h02_mw11,Gas National Grid,0.0
UserB,h03_mw11,PV sys,0.0
UserB,h03_mw11,National Grid EE,0.0
UserB,h03_mw11,Storage EE,1.2320697145596362
UserB,h03_mw11,Gas Boiler,0.0
UserB,h03_mw11,HP,0.0
UserB,h03_mw11,AC,0.0
UserB,h03_mw11,Storage HW,0.0
UserB,h03_mw11,Radiators,0.0
UserB,h03_mw11,Floor heating,0.0
UserB,h03_mw11,Induction stove,0.0
UserB,h03_mw11,Gas stove,0.0
UserB,h03_mw11,Gas National Grid,0.0
UserB,h04_mw11,PV sys,0.0
UserB,h04_mw11,National Grid EE,0.0
UserB,h04_mw11,Storage EE,1.0787270688775679
UserB,h04_mw11,Gas Boiler,0.0
UserB,h04_mw11,HP,0.0
UserB,h04_mw11,AC,0.0
UserB,h04_mw11,Storage HW,0.0
UserB,h04_mw11,Radiators,0.0
UserB,h04_mw11,Floor heating,0.0
UserB,h04_mw11,Induction stove,0.0
UserB,h04_mw11,Gas stove,0.0
UserB,h04_mw11,Gas National Grid,0.0
UserB,h05_mw11,PV sys,0.0
UserB,h05_mw11,National Grid EE,0.0
UserB,h05_mw11,Storage EE,0.9357908765185114
UserB,h05_mw11,Gas Boiler,0.0
UserB,h05_mw11,HP,0.0
UserB,h05_mw11,AC,0.0
UserB,h05_mw11,Storage HW,0.0
UserB,h05_mw11,Radiators,0.0
UserB,h05_mw11,Floor heating,0.0
UserB,h05_mw11,Induction stove,0.0
UserB,h05_mw11,Gas stove,0.0
UserB,h05_mw11,Gas National Grid,0.0
UserB,h06_mw11,PV sys,0.0
UserB,h06_mw11,National Grid EE,0.0
UserB,h06_mw11,Storage EE,0.7989016294527982
UserB,h06_mw11,Gas Boiler,0.0
UserB,h06_mw11,HP,0.0
UserB,h06_mw11,AC,0.0
UserB,h06_mw11,Storage HW,0.0
UserB,h06_mw11,Radiators,0.0
UserB,h06_mw11,Floor heating,0.0
UserB,h06_mw11,Induction stove,0.0
UserB,h06_mw11,Gas stove,0.0
UserB,h06_mw11,Gas National Grid,0.0
UserB,h07_mw11,PV sys,0.0
UserB,h07_mw11,National Grid EE,0.0
UserB,h07_mw11,Storage EE,0.7283546524675888
UserB,h07_mw11,Gas Boiler,0.0
UserB,h07_mw11,HP,0.0
UserB,h07_mw11,AC,0.0
UserB,h07_mw11,Storage HW,0.0
UserB,h07_mw11,Radiators,0.0
UserB,h07_mw11,Floor heating,0.0
UserB,h07_mw11,Induction stove,0.0
UserB,h07_mw11,Gas stove,0.0
UserB,h07_mw11,Gas National Grid,0.0
UserB,h08_mw11,PV sys,0.0
UserB,h08_mw11,National Grid EE,0.0
UserB,h08_mw11,Storage EE,0.6
UserB,h08_mw11,Gas Boiler,0.0
UserB,h08_mw11,HP,0.0
UserB,h08_mw11,AC,0.0
UserB,h08_mw11,Storage HW,0.0
UserB,h08_mw11,Radiators,0.0
UserB,h08_mw11,Floor heating,0.0
UserB,h08_mw11,Induction stove,0.0
UserB,h08_mw11,Gas stove,0.0
UserB,h08_mw11,Gas National Grid,0.0
UserB,h09_mw11,PV sys,0.0
UserB,h09_mw11,National Grid EE,0.0
UserB,h09_mw11,Storage EE,0.662468557633483
UserB,h09_mw11,Gas Boiler,0.0
UserB,h09_mw11,HP,0.0
UserB,h09_mw11,AC,0.0
UserB,h09_mw11,Storage HW,0.0
UserB,h09_mw11,Radiators,0.0
UserB,h09_mw11,Floor heating,0.0
UserB,h09_mw11,Induction stove,0.0
UserB,h09_mw11,Gas stove,0.0
UserB,h09_mw11,Gas National Grid,0.0
UserB,h10_mw11,PV sys,0.0
UserB,h10_mw11,National Grid EE,0.0
UserB,h10_mw11,Storage EE,1.706269956767051
UserB,h10_mw11,Gas Boiler,0.0
UserB,h10_mw11,HP,0.0
UserB,h10_mw11,AC,0.0
UserB,h10_mw11,Storage HW,0.0
UserB,h10_mw11,Radiators,0.0
UserB,h10_mw11,Floor heating,0.0
UserB,h10_mw11,Induction stove,0.0
UserB,h10_mw11,Gas stove,0.0
UserB,h10_mw11,Gas National Grid,0.0
UserB,h11_mw11,PV sys,0.0
UserB,h11_mw11,National Grid EE,0.0
UserB,h11_mw11,Storage EE,3.242723445511552
UserB,h11_mw11,Gas Boiler,0.0
UserB,h11_mw11,HP,0.0
UserB,h11_mw11,AC,0.0
UserB,h11_mw11,Storage HW,0.0
UserB,h11_mw11,Radiators,0.0
UserB,h11_mw11,Floor heating,0.0
UserB,h11_mw11,Induction stove,0.0
UserB,h11_mw11,Gas stove,0.0
UserB,h11_mw11,Gas National Grid,0.0
UserB,h12_mw11,PV sys,0.0
UserB,h12_mw11,National Grid EE,0.0
UserB,h12_mw11,Storage EE,5.400110707521652
UserB,h12_mw11,Gas Boiler,0.0
UserB,h12_mw11,HP,0.0
UserB,h12_mw11,AC,0.0
UserB,h12_mw11,Storage HW,0.0
UserB,h12_mw11,Radiators,0.0
UserB,h12_mw11,Floor heating,0.0
UserB,h12_mw11,Induction stove,0.0
UserB,h12_mw11,Gas stove,0.0
UserB,h12_mw11,Gas National Grid,0.0
UserB,h13_mw11,PV sys,0.0
UserB,h13_mw11,National Grid EE,0.0
UserB,h13_mw11,Storage EE,4.578771501439354
UserB,h13_mw11,Gas Boiler,0.0
UserB,h13_mw11,HP,0.0
UserB,h13_mw11,AC,0.0
UserB,h13_mw11,Storage HW,0.0
UserB,h13_mw11,Radiators,0.0
UserB,h13_mw11,Floor heating,0.0
UserB,h13_mw11,Induction stove,0.0
UserB,h13_mw11,Gas stove,0.0
UserB,h13_mw11,Gas National Grid,0.0
UserB,h14_mw11,PV sys,0.0
UserB,h14_mw11,National Grid EE,0.0
UserB,h14_mw11,Storage EE,5.7
UserB,h14_mw11,Gas Boiler,0.0
UserB,h14_mw11,HP,0.0
UserB,h14_mw11,AC,0.0
UserB,h14_mw11,Storage HW,0.0
UserB,h14_mw11,Radiators,0.0
UserB,h14_mw11,Floor heating,0.0
UserB,h14_mw11,Induction stove,0.0
UserB,h14_mw11,Gas stove,0.0
UserB,h14_mw11,Gas National Grid,0.0
UserB,h15_mw11,PV sys,0.0
UserB,h15_mw11,National Grid EE,0.0
UserB,h15_mw11,Storage EE,4.489561278175138
UserB,h15_mw11,Gas Boiler,0.0
UserB,h15_mw11,HP,0.0
UserB,h15_mw11,AC,0.0
UserB,h15_mw11,Storage HW,0.0
UserB,h15_mw11,Radiators,0.0
UserB,h15_mw11,Floor heating,0.0
UserB,h15_mw11,Induction stove,0.0
UserB,h15_mw11,Gas stove,0.0
UserB,h15_mw11,Gas National Grid,0.0
UserB,h16_mw11,PV sys,0.0
UserB,h16_mw11,National Grid EE,0.0
UserB,h16_mw11,Storage EE,5.565704669131612
UserB,h16_mw11,Gas Boiler,0.0
UserB,h16_mw11,HP,0.0
UserB,h16_mw11,AC,0.0
UserB,h16_mw11,Storage HW,0.0
UserB,h16_mw11,Radiators,0.0
UserB,h16_mw11,Floor heating,0.0
UserB,h16_mw11,Induction stove,0.0
UserB,h16_mw11,Gas stove,0.0
UserB,h16_mw11,Gas National Grid,0.0
UserB,h17_mw11,PV sys,0.0
UserB,h17_mw11,National Grid EE,0.0
UserB,h17_mw11,Storage EE,5.7
UserB,h17_mw11,Gas Boiler,0.0
UserB,h17_mw11,HP,0.0
UserB,h17_mw11,AC,0.0
UserB,h17_mw11,Storage HW,0.0
UserB,h17_mw11,Radiators,0.0
UserB,h17_mw11,Floor heating,0.0
UserB,h17_mw11,Induction stove,0.0
UserB,h17_mw11,Gas stove,0.0
UserB,h17_mw11,Gas National Grid,0.0
UserB,h18_mw11,PV sys,0.0
UserB,h18_mw11,National Grid EE,0.0
UserB,h18_mw11,Storage EE,5.429394589504017
UserB,h18_mw11,Gas Boiler,0.0
UserB,h18_mw11,HP,0.0
UserB,h18_mw11,AC,0.0
UserB,h18_mw11,Storage HW,0.0
UserB,h18_mw11,Radiators,0.0
UserB,h18_mw11,Floor heating,0.0
UserB,h18_mw11,Induction stove,0.0
UserB,h18_mw11,Gas stove,0.0
UserB,h18_mw11,Gas National Grid,0.0
UserB,h19_mw11,PV sys,0.0
UserB,h19_mw11,National Grid EE,0.0
UserB,h19_mw11,Storage EE,4.986817616584702
UserB,h19_mw11,Gas Boiler,0.0
UserB,h19_mw11,HP,0.0
UserB,h19_mw11,AC,0.0
UserB,h19_mw11,Storage HW,0.0
UserB,h19_mw11,Radiators,0.0
UserB,h19_mw11,Floor heating,0.0
UserB,h19_mw11,Induction stove,0.0
UserB,h19_mw11,Gas stove,0.0
UserB,h19_mw11,Gas National Grid,0.0
UserB,h20_mw11,PV sys,0.0
UserB,h20_mw11,National Grid EE,0.0
UserB,h20_mw11,Storage EE,4.0760245038765195
UserB,h20_mw11,Gas Boiler,0.0
UserB,h20_mw11,HP,0.0
UserB,h20_mw11,AC,0.0
UserB,h20_mw11,Storage HW,0.0
UserB,h20_mw11,Radiators,0.0
UserB,h20_mw11,Floor heating,0.0
UserB,h20_mw11,Induction stove,0.0
UserB,h20_mw11,Gas stove,0.0
UserB,h20_mw11,Gas National Grid,0.0
UserB,h21_mw11,PV sys,0.0
UserB,h21_mw11,National Grid EE,0.0
UserB,h21_mw11,Storage EE,3.69926710463274
UserB,h21_mw11,Gas Boiler,0.0
UserB,h21_mw11,HP,0.0
UserB,h21_mw11,AC,0.0
UserB,h21_mw11,Storage HW,0.0
UserB,h21_mw11,Radiators,0.0
UserB,h21_mw11,Floor heating,0.0
UserB,h21_mw11,Induction stove,0.0
UserB,h21_mw11,Gas stove,0.0
UserB,h21_mw11,Gas National Grid,0.0
UserB,h22_mw11,PV sys,0.0
UserB,h22_mw11,National Grid EE,0.0
UserB,h22_mw11,Storage EE,3.0935330691725937
UserB,h22_mw11,Gas Boiler,0.0
UserB,h22_mw11,HP,0.0
UserB,h22_mw11,AC,0.0
UserB,h22_mw11,Storage HW,0.0
UserB,h22_mw11,Radiators,0.0
UserB,h22_mw11,Floor heating,0.0
UserB,h22_mw11,Induction stove,0.0
UserB,h22_mw11,Gas stove,0.0
UserB,h22_mw11,Gas National Grid,0.0
UserB,h23_mw11,PV sys,0.0
UserB,h23_mw11,National Grid EE,0.0
UserB,h23_mw11,Storage EE,2.274373548987303
UserB,h23_mw11,Gas Boiler,0.0
UserB,h23_mw11,HP,0.0
UserB,h23_mw11,AC,0.0
UserB,h23_mw11,Storage HW,0.0
UserB,h23_mw11,Radiators,0.0
UserB,h23_mw11,Floor heating,0.0
UserB,h23_mw11,Induction stove,0.0
UserB,h23_mw11,Gas stove,0.0
UserB,h23_mw11,Gas National Grid,0.0
UserB,h24_mw11,PV sys,0.0
UserB,h24_mw11,National Grid EE,0.0
UserB,h24_mw11,Storage EE,1.780348428220039
UserB,h24_mw11,Gas Boiler,0.0
UserB,h24_mw11,HP,0.0
UserB,h24_mw11,AC,0.0
UserB,h24_mw11,Storage HW,0.0
UserB,h24_mw11,Radiators,0.0
UserB,h24_mw11,Floor heating,0.0
UserB,h24_mw11,Induction stove,0.0
UserB,h24_mw11,Gas stove,0.0
UserB,h24_mw11,Gas National Grid,0.0
UserB,h01_mw12,PV sys,0.0
UserB,h01_mw12,National Grid EE,0.0
UserB,h01_mw12,Storage EE,1.5205443934947223
UserB,h01_mw12,Gas Boiler,0.0
UserB,h01_mw12,HP,0.0
UserB,h01_mw12,AC,0.0
UserB,h01_mw12,Storage HW,0.0
UserB,h01_mw12,Radiators,0.0
UserB,h01_mw12,Floor heating,0.0
UserB,h01_mw12,Induction stove,0.0
UserB,h01_mw12,Gas stove,0.0
UserB,h01_mw12,Gas National Grid,0.0
UserB,h02_mw12,PV sys,0.0
UserB,h02_mw12,National Grid EE,0.0
UserB,h02_mw12,Storage EE,1.3214768918272046
UserB,h02_mw12,Gas Boiler,0.0
UserB,h02_mw12,HP,0.0
UserB,h02_mw12,AC,0.0
UserB,h02_mw12,Storage HW,0.0
UserB,h02_mw12,Radiators,0.0
UserB,h02_mw12,Floor heating,0.0
UserB,h02_mw12,Induction stove,0.0
UserB,h02_mw12,Gas stove,0.0
UserB,h02_mw12,Gas National Grid,0.0
UserB,h03_mw12,PV sys,0.0
UserB,h03_mw12,National Grid EE,0.0
UserB,h03_mw12,Storage EE,1.1726940851496095
UserB,h03_mw12,Gas Boiler,0.0
UserB,h03_mw12,HP,0.0
UserB,h03_mw12,AC,0.0
UserB,h03_mw12,Storage HW,0.0
UserB,h03_mw12,Radiators,0.0
UserB,h03_mw12,Floor heating,0.0
UserB,h03_mw12,Induction stove,0.0
UserB,h03_mw12,Gas stove,0.0
UserB,h03_mw12,Gas National Grid,0.0
UserB,h04_mw12,PV sys,0.0
UserB,h04_mw12,National Grid EE,0.0
UserB,h04_mw12,Storage EE,1.0193514394659053
UserB,h04_mw12,Gas Boiler,0.0
UserB,h04_mw12,HP,0.0
UserB,h04_mw12,AC,0.0
UserB,h04_mw12,Storage HW,0.0
UserB,h04_mw12,Radiators,0.0
UserB,h04_mw12,Floor heating,0.0
UserB,h04_mw12,Induction stove,0.0
UserB,h04_mw12,Gas stove,0.0
UserB,h04_mw12,Gas National Grid,0.0
UserB,h05_mw12,PV sys,0.0
UserB,h05_mw12,National Grid EE,0.0
UserB,h05_mw12,Storage EE,0.8697000920252407
UserB,h05_mw12,Gas Boiler,0.0
UserB,h05_mw12,HP,0.0
UserB,h05_mw12,AC,0.0
UserB,h05_mw12,Storage HW,0.0
UserB,h05_mw12,Radiators,0.0
UserB,h05_mw12,Floor heating,0.0
UserB,h05_mw12,Induction stove,0.0
UserB,h05_mw12,Gas stove,0.0
UserB,h05_mw12,Gas National Grid,0.0
UserB,h06_mw12,PV sys,0.0
UserB,h06_mw12,National Grid EE,0.0
UserB,h06_mw12,Storage EE,0.6241008146369775
UserB,h06_mw12,Gas Boiler,0.0
UserB,h06_mw12,HP,0.0
UserB,h06_mw12,AC,0.0
UserB,h06_mw12,Storage HW,0.0
UserB,h06_mw12,Radiators,0.0
UserB,h06_mw12,Floor heating,0.0
UserB,h06_mw12,Induction stove,0.0
UserB,h06_mw12,Gas stove,0.0
UserB,h06_mw12,Gas National Grid,0.0
UserB,h07_mw12,PV sys,0.0
UserB,h07_mw12,National Grid EE,0.0
UserB,h07_mw12,Storage EE,0.6
UserB,h07_mw12,Gas Boiler,0.0
UserB,h07_mw12,HP,0.0
UserB,h07_mw12,AC,0.0
UserB,h07_mw12,Storage HW,0.0
UserB,h07_mw12,Radiators,0.0
UserB,h07_mw12,Floor heating,0.0
UserB,h07_mw12,Induction stove,0.0
UserB,h07_mw12,Gas stove,0.0
UserB,h07_mw12,Gas National Grid,0.0
UserB,h08_mw12,PV sys,0.0
UserB,h08_mw12,National Grid EE,0.0
UserB,h08_mw12,Storage EE,1.0188616804957422
UserB,h08_mw12,Gas Boiler,0.0
UserB,h08_mw12,HP,0.0
UserB,h08_mw12,AC,0.0
UserB,h08_mw12,Storage HW,0.0
UserB,h08_mw12,Radiators,0.0
UserB,h08_mw12,Floor heating,0.0
UserB,h08_mw12,Induction stove,0.0
UserB,h08_mw12,Gas stove,0.0
UserB,h08_mw12,Gas National Grid,0.0
UserB,h09_mw12,PV sys,0.0
UserB,h09_mw12,National Grid EE,0.0
UserB,h09_mw12,Storage EE,0.6
UserB,h09_mw12,Gas Boiler,0.0
UserB,h09_mw12,HP,0.0
UserB,h09_mw12,AC,0.0
UserB,h09_mw12,Storage HW,0.0
UserB,h09_mw12,Radiators,0.0
UserB,h09_mw12,Floor heating,0.0
UserB,h09_mw12,Induction stove,0.0
UserB,h09_mw12,Gas stove,0.0
UserB,h09_mw12,Gas National Grid,0.0
UserB,h10_mw12,PV sys,0.0
UserB,h10_mw12,National Grid EE,0.0
UserB,h10_mw12,Storage EE,0.6
UserB,h10_mw12,Gas Boiler,0.0
UserB,h10_mw12,HP,0.0
UserB,h10_mw12,AC,0.0
UserB,h10_mw12,Storage HW,0.0
UserB,h10_mw12,Radiators,0.0
UserB,h10_mw12,Floor heating,0.0
UserB,h10_mw12,Induction stove,0.0
UserB,h10_mw12,Gas stove,0.0
UserB,h10_mw12,Gas National Grid,0.0
UserB,h11_mw12,PV sys,0.0
UserB,h11_mw12,National Grid EE,0.0
UserB,h11_mw12,Storage EE,0.7748410503821734
UserB,h11_mw12,Gas Boiler,0.0
UserB,h11_mw12,HP,0.0
UserB,h11_mw12,AC,0.0
UserB,h11_mw12,Storage HW,0.0
UserB,h11_mw12,Radiators,0.0
UserB,h11_mw12,Floor heating,0.0
UserB,h11_mw12,Induction stove,0.0
UserB,h11_mw12,Gas stove,0.0
UserB,h11_mw12,Gas National Grid,0.0
UserB,h12_mw12,PV sys,0.0
UserB,h12_mw12,National Grid EE,0.0
UserB,h12_mw12,Storage EE,3.7748410503821734
UserB,h12_mw12,Gas Boiler,0.0
UserB,h12_mw12,HP,0.0
UserB,h12_mw12,AC,0.0
UserB,h12_mw12,Storage HW,0.0
UserB,h12_mw12,Radiators,0.0
UserB,h12_mw12,Floor heating,0.0
UserB,h12_mw12,Induction stove,0.0
UserB,h12_mw12,Gas stove,0.0
UserB,h12_mw12,Gas National Grid,0.0
UserB,h13_mw12,PV sys,0.0
UserB,h13_mw12,National Grid EE,0.0
UserB,h13_mw12,Storage EE,5.388565270860768
UserB,h13_mw12,Gas Boiler,0.0
UserB,h13_mw12,HP,0.0
UserB,h13_mw12,AC,0.0
UserB,h13_mw12,Storage HW,0.0
UserB,h13_mw12,Radiators,0.0
UserB,h13_mw12,Floor heating,0.0
UserB,h13_mw12,Induction stove,0.0
UserB,h13_mw12,Gas stove,0.0
UserB,h13_mw12,Gas National Grid,0.0
UserB,h14_mw12,PV sys,0.0
UserB,h14_mw12,National Grid EE,0.0
UserB,h14_mw12,Storage EE,3.4840257971073605
UserB,h14_mw12,Gas Boiler,0.0
UserB,h14_mw12,HP,0.0
UserB,h14_mw12,AC,0.0
UserB,h14_mw12,Storage HW,0.0
UserB,h14_mw12,Radiators,0.0
UserB,h14_mw12,Floor heating,0.0
UserB,h14_mw12,Induction stove,0.0
UserB,h14_mw12,Gas stove,0.0
UserB,h14_mw12,Gas National Grid,0.0
UserB,h15_mw12,PV sys,0.0
UserB,h15_mw12,National Grid EE,0.0
UserB,h15_mw12,Storage EE,5.7
UserB,h15_mw12,Gas Boiler,0.0
UserB,h15_mw12,HP,0.0
UserB,h15_mw12,AC,0.0
UserB,h15_mw12,Storage HW,0.0
UserB,h15_mw12,Radiators,0.0
UserB,h15_mw12,Floor heating,0.0
UserB,h15_mw12,Induction stove,0.0
UserB,h15_mw12,Gas stove,0.0
UserB,h15_mw12,Gas National Grid,0.0
UserB,h16_mw12,PV sys,0.0
UserB,h16_mw12,National Grid EE,0.0
UserB,h16_mw12,Storage EE,5.7
UserB,h16_mw12,Gas Boiler,0.0
UserB,h16_mw12,HP,0.0
UserB,h16_mw12,AC,0.0
UserB,h16_mw12,Storage HW,0.0
UserB,h16_mw12,Radiators,0.0
UserB,h16_mw12,Floor heating,0.0
UserB,h16_mw12,Induction stove,0.0
UserB,h16_mw12,Gas stove,0.0
UserB,h16_mw12,Gas National Grid,0.0
UserB,h17_mw12,PV sys,0.0
UserB,h17_mw12,National Grid EE,0.0
UserB,h17_mw12,Storage EE,5.7
UserB,h17_mw12,Gas Boiler,0.0
UserB,h17_mw12,HP,0.0
UserB,h17_mw12,AC,0.0
UserB,h17_mw12,Storage HW,0.0
UserB,h17_mw12,Radiators,0.0
UserB,h17_mw12,Floor heating,0.0
UserB,h17_mw12,Induction stove,0.0
UserB,h17_mw12,Gas stove,0.0
UserB,h17_mw12,Gas National Grid,0.0
UserB,h18_mw12,PV sys,0.0
UserB,h18_mw12,National Grid EE,0.0
UserB,h18_mw12,Storage EE,5.384717557166361
UserB,h18_mw12,Gas Boiler,0.0
UserB,h18_mw12,HP,0.0
UserB,h18_mw12,AC,0.0
UserB,h18_mw12,Storage HW,0.0
UserB,h18_mw12,Radiators,0.0
UserB,h18_mw12,Floor heating,0.0
UserB,h18_mw12,Induction stove,0.0
UserB,h18_mw12,Gas stove,0.0
UserB,h18_mw12,Gas National Grid,0.0
UserB,h19_mw12,PV sys,0.0
UserB,h19_mw12,National Grid EE,0.0
UserB,h19_mw12,Storage EE,5.384717557166367
UserB,h19_mw12,Gas Boiler,0.0
UserB,h19_mw12,HP,0.0
UserB,h19_mw12,AC,0.0
UserB,h19_mw12,Storage HW,0.0
UserB,h19_mw12,Radiators,0.0
UserB,h19_mw12,Floor heating,0.0
UserB,h19_mw12,Induction stove,0.0
UserB,h19_mw12,Gas stove,0.0
UserB,h19_mw12,Gas National Grid,0.0
UserB,h20_mw12,PV sys,0.0
UserB,h20_mw12,National Grid EE,0.0
UserB,h20_mw12,Storage EE,5.044614185089097
UserB,h20_mw12,Gas Boiler,0.0
UserB,h20_mw12,HP,0.0
UserB,h20_mw12,AC,0.0
UserB,h20_mw12,Storage HW,0.0
UserB,h20_mw12,Radiators,0.0
UserB,h20_mw12,Floor heating,0.0
UserB,h20_mw12,Induction stove,0.0
UserB,h20_mw12,Gas stove,0.0
UserB,h20_mw12,Gas National Grid,0.0
UserB,h21_mw12,PV sys,0.0
UserB,h21_mw12,National Grid EE,0.0
UserB,h21_mw12,Storage EE,5.04461418508909
UserB,h21_mw12,Gas Boiler,0.0
UserB,h21_mw12,HP,0.0
UserB,h21_mw12,AC,0.0
UserB,h21_mw12,Storage HW,0.0
UserB,h21_mw12,Radiators,0.0
UserB,h21_mw12,Floor heating,0.0
UserB,h21_mw12,Induction stove,0.0
UserB,h21_mw12,Gas stove,0.0
UserB,h21_mw12,Gas National Grid,0.0
UserB,h22_mw12,PV sys,0.0
UserB,h22_mw12,National Grid EE,0.0
UserB,h22_mw12,Storage EE,4.2878235287576505
UserB,h22_mw12,Gas Boiler,0.0
UserB,h22_mw12,HP,0.0
UserB,h22_mw12,AC,0.0
UserB,h22_mw12,Storage HW,0.0
UserB,h22_mw12,Radiators,0.0
UserB,h22_mw12,Floor heating,0.0
UserB,h22_mw12,Induction stove,0.0
UserB,h22_mw12,Gas stove,0.0
UserB,h22_mw12,Gas National Grid,0.0
UserB,h23_mw12,PV sys,0.0
UserB,h23_mw12,National Grid EE,0.0
UserB,h23_mw12,Storage EE,2.312872464075025
UserB,h23_mw12,Gas Boiler,0.0
UserB,h23_mw12,HP,0.0
UserB,h23_mw12,AC,0.0
UserB,h23_mw12,Storage HW,0.0
UserB,h23_mw12,Radiators,0.0
UserB,h23_mw12,Floor heating,0.0
UserB,h23_mw12,Induction stove,0.0
UserB,h23_mw12,Gas stove,0.0
UserB,h23_mw12,Gas National Grid,0.0
UserB,h24_mw12,PV sys,0.0
UserB,h24_mw12,National Grid EE,0.0
UserB,h24_mw12,Storage EE,0.6
UserB,h24_mw12,Gas Boiler,0.0
UserB,h24_mw12,HP,0.0
UserB,h24_mw12,AC,0.0
UserB,h24_mw12,Storage HW,0.0
UserB,h24_mw12,Radiators,0.0
UserB,h24_mw12,Floor heating,0.0
UserB,h24_mw12,Induction stove,0.0
UserB,h24_mw12,Gas stove,0.0
UserB,h24_mw12,Gas National Grid,0.0
UserB,h01_mw13,PV sys,0.0
UserB,h01_mw13,National Grid EE,0.0
UserB,h01_mw13,Storage EE,0.6
UserB,h01_mw13,Gas Boiler,0.0
UserB,h01_mw13,HP,0.0
UserB,h01_mw13,AC,0.0
UserB,h01_mw13,Storage HW,0.0
UserB,h01_mw13,Radiators,0.0
UserB,h01_mw13,Floor heating,0.0
UserB,h01_mw13,Induction stove,0.0
UserB,h01_mw13,Gas stove,0.0
UserB,h01_mw13,Gas National Grid,0.0
UserB,h02_mw13,PV sys,0.0
UserB,h02_mw13,National Grid EE,0.0
UserB,h02_mw13,Storage EE,0.6
UserB,h02_mw13,Gas Boiler,0.0
UserB,h02_mw13,HP,0.0
UserB,h02_mw13,AC,0.0
UserB,h02_mw13,Storage HW,0.0
UserB,h02_mw13,Radiators,0.0
UserB,h02_mw13,Floor heating,0.0
UserB,h02_mw13,Induction stove,0.0
UserB,h02_mw13,Gas stove,0.0
UserB,h02_mw13,Gas National Grid,0.0
UserB,h03_mw13,PV sys,0.0
UserB,h03_mw13,National Grid EE,0.0
UserB,h03_mw13,Storage EE,0.6
UserB,h03_mw13,Gas Boiler,0.0
UserB,h03_mw13,HP,0.0
UserB,h03_mw13,AC,0.0
UserB,h03_mw13,Storage HW,0.0
UserB,h03_mw13,Radiators,0.0
UserB,h03_mw13,Floor heating,0.0
UserB,h03_mw13,Induction stove,0.0
UserB,h03_mw13,Gas stove,0.0
UserB,h03_mw13,Gas National Grid,0.0
UserB,h04_mw13,PV sys,0.0
UserB,h04_mw13,National Grid EE,0.0
UserB,h04_mw13,Storage EE,0.6
UserB,h04_mw13,Gas Boiler,0.0
UserB,h04_mw13,HP,0.0
UserB,h04_mw13,AC,0.0
UserB,h04_mw13,Storage HW,0.0
UserB,h04_mw13,Radiators,0.0
UserB,h04_mw13,Floor heating,0.0
UserB,h04_mw13,Induction stove,0.0
UserB,h04_mw13,Gas stove,0.0
UserB,h04_mw13,Gas National Grid,0.0
UserB,h05_mw13,PV sys,0.0
UserB,h05_mw13,National Grid EE,0.0
UserB,h05_mw13,Storage EE,0.6
UserB,h05_mw13,Gas Boiler,0.0
UserB,h05_mw13,HP,0.0
UserB,h05_mw13,AC,0.0
UserB,h05_mw13,Storage HW,0.0
UserB,h05_mw13,Radiators,0.0
UserB,h05_mw13,Floor heating,0.0
UserB,h05_mw13,Induction stove,0.0
UserB,h05_mw13,Gas stove,0.0
UserB,h05_mw13,Gas National Grid,0.0
UserB,h06_mw13,PV sys,0.0
UserB,h06_mw13,National Grid EE,0.0
UserB,h06_mw13,Storage EE,0.6518499999999996
UserB,h06_mw13,Gas Boiler,0.0
UserB,h06_mw13,HP,0.0
UserB,h06_mw13,AC,0.0
UserB,h06_mw13,Storage HW,0.0
UserB,h06_mw13,Radiators,0.0
UserB,h06_mw13,Floor heating,0.0
UserB,h06_mw13,Induction stove,0.0
UserB,h06_mw13,Gas stove,0.0
UserB,h06_mw13,Gas National Grid,0.0
UserB,h07_mw13,PV sys,0.0
UserB,h07_mw13,National Grid EE,0.0
UserB,h07_mw13,Storage EE,0.8247500000000296
UserB,h07_mw13,Gas Boiler,0.0
UserB,h07_mw13,HP,0.0
UserB,h07_mw13,AC,0.0
UserB,h07_mw13,Storage HW,0.0
UserB,h07_mw13,Radiators,0.0
UserB,h07_mw13,Floor heating,0.0
UserB,h07_mw13,Induction stove,0.0
UserB,h07_mw13,Gas stove,0.0
UserB,h07_mw13,Gas National Grid,0.0
UserB,h08_mw13,PV sys,0.0
UserB,h08_mw13,National Grid EE,0.0
UserB,h08_mw13,Storage EE,1.2110500000000672
UserB,h08_mw13,Gas Boiler,0.0
UserB,h08_mw13,HP,0.0
UserB,h08_mw13,AC,0.0
UserB,h08_mw13,Storage HW,0.0
UserB,h08_mw13,Radiators,0.0
UserB,h08_mw13,Floor heating,0.0
UserB,h08_mw13,Induction stove,0.0
UserB,h08_mw13,Gas stove,0.0
UserB,h08_mw13,Gas National Grid,0.0
UserB,h09_mw13,PV sys,0.0
UserB,h09_mw13,National Grid EE,0.0
UserB,h09_mw13,Storage EE,1.764050000000274
UserB,h09_mw13,Gas Boiler,0.0
UserB,h09_mw13,HP,0.0
UserB,h09_mw13,AC,0.0
UserB,h09_mw13,Storage HW,0.0
UserB,h09_mw13,Radiators,0.0
UserB,h09_mw13,Floor heating,0.0
UserB,h09_mw13,Induction stove,0.0
UserB,h09_mw13,Gas stove,0.0
UserB,h09_mw13,Gas National Grid,0.0
UserB,h10_mw13,PV sys,0.0
UserB,h10_mw13,National Grid EE,0.0
UserB,h10_mw13,Storage EE,2.588500000000363
UserB,h10_mw13,Gas Boiler,0.0
UserB,h10_mw13,HP,0.0
UserB,h10_mw13,AC,0.0
UserB,h10_mw13,Storage HW,0.0
UserB,h10_mw13,Radiators,0.0
UserB,h10_mw13,Floor heating,0.0
UserB,h10_mw13,Induction stove,0.0
UserB,h10_mw13,Gas stove,0.0
UserB,h10_mw13,Gas National Grid,0.0
UserB,h11_mw13,PV sys,0.0
UserB,h11_mw13,National Grid EE,0.0
UserB,h11_mw13,Storage EE,3.271400000000477
UserB,h11_mw13,Gas Boiler,0.0
UserB,h11_mw13,HP,0.0
UserB,h11_mw13,AC,0.0
UserB,h11_mw13,Storage HW,0.0
UserB,h11_mw13,Radiators,0.0
UserB,h11_mw13,Floor heating,0.0
UserB,h11_mw13,Induction stove,0.0
UserB,h11_mw13,Gas stove,0.0
UserB,h11_mw13,Gas National Grid,0.0
UserB,h12_mw13,PV sys,0.0
UserB,h12_mw13,National Grid EE,0.0
UserB,h12_mw13,Storage EE,3.7570858562879144
UserB,h12_mw13,Gas Boiler,0.0
UserB,h12_mw13,HP,0.0
UserB,h12_mw13,AC,0.0
UserB,h12_mw13,Storage HW,0.0
UserB,h12_mw13,Radiators,0.0
UserB,h12_mw13,Floor heating,0.0
UserB,h12_mw13,Induction stove,0.0
UserB,h12_mw13,Gas stove,0.0
UserB,h12_mw13,Gas National Grid,0.0
UserB,h13_mw13,PV sys,0.0
UserB,h13_mw13,National Grid EE,0.0
UserB,h13_mw13,Storage EE,4.329338499920971
UserB,h13_mw13,Gas Boiler,0.0
UserB,h13_mw13,HP,0.0
UserB,h13_mw13,AC,0.0
UserB,h13_mw13,Storage HW,0.0
UserB,h13_mw13,Radiators,0.0
UserB,h13_mw13,Floor heating,0.0
UserB,h13_mw13,Induction stove,0.0
UserB,h13_mw13,Gas stove,0.0
UserB,h13_mw13,Gas National Grid,0.0
UserB,h14_mw13,PV sys,0.0
UserB,h14_mw13,National Grid EE,0.0
UserB,h14_mw13,Storage EE,4.0276738348226155
UserB,h14_mw13,Gas Boiler,0.0
UserB,h14_mw13,HP,0.0
UserB,h14_mw13,AC,0.0
UserB,h14_mw13,Storage HW,0.0
UserB,h14_mw13,Radiators,0.0
UserB,h14_mw13,Floor heating,0.0
UserB,h14_mw13,Induction stove,0.0
UserB,h14_mw13,Gas stove,0.0
UserB,h14_mw13,Gas National Grid,0.0
UserB,h15_mw13,PV sys,0.0
UserB,h15_mw13,National Grid EE,0.0
UserB,h15_mw13,Storage EE,4.697451344191997
UserB,h15_mw13,Gas Boiler,0.0
UserB,h15_mw13,HP,0.0
UserB,h15_mw13,AC,0.0
UserB,h15_mw13,Storage HW,0.0
UserB,h15_mw13,Radiators,0.0
UserB,h15_mw13,Floor heating,0.0
UserB,h15_mw13,Induction stove,0.0
UserB,h15_mw13,Gas stove,0.0
UserB,h15_mw13,Gas National Grid,0.0
UserB,h16_mw13,PV sys,0.0
UserB,h16_mw13,National Grid EE,0.0
UserB,h16_mw13,Storage EE,5.297604902709608
UserB,h16_mw13,Gas Boiler,0.0
UserB,h16_mw13,HP,0.0
UserB,h16_mw13,AC,0.0
UserB,h16_mw13,Storage HW,0.0
UserB,h16_mw13,Radiators,0.0
UserB,h16_mw13,Floor heating,0.0
UserB,h16_mw13,Induction stove,0.0
UserB,h16_mw13,Gas stove,0.0
UserB,h16_mw13,Gas National Grid,0.0
UserB,h17_mw13,PV sys,0.0
UserB,h17_mw13,National Grid EE,0.0
UserB,h17_mw13,Storage EE,5.7
UserB,h17_mw13,Gas Boiler,0.0
UserB,h17_mw13,HP,0.0
UserB,h17_mw13,AC,0.0
UserB,h17_mw13,Storage HW,0.0
UserB,h17_mw13,Radiators,0.0
UserB,h17_mw13,Floor heating,0.0
UserB,h17_mw13,Induction stove,0.0
UserB,h17_mw13,Gas stove,0.0
UserB,h17_mw13,Gas National Grid,0.0
UserB,h18_mw13,PV sys,0.0
UserB,h18_mw13,National Grid EE,0.0
UserB,h18_mw13,Storage EE,5.7
UserB,h18_mw13,Gas Boiler,0.0
UserB,h18_mw13,HP,0.0
UserB,h18_mw13,AC,0.0
UserB,h18_mw13,Storage HW,0.0
UserB,h18_mw13,Radiators,0.0
UserB,h18_mw13,Floor heating,0.0
UserB,h18_mw13,Induction stove,0.0
UserB,h18_mw13,Gas stove,0.0
UserB,h18_mw13,Gas National Grid,0.0
UserB,h19_mw13,PV sys,0.0
UserB,h19_mw13,National Grid EE,0.0
UserB,h19_mw13,Storage EE,5.7
UserB,h19_mw13,Gas Boiler,0.0
UserB,h19_mw13,HP,0.0
UserB,h19_mw13,AC,0.0
UserB,h19_mw13,Storage HW,0.0
UserB,h19_mw13,Radiators,0.0
UserB,h19_mw13,Floor heating,0.0
UserB,h19_mw13,Induction stove,0.0
UserB,h19_mw13,Gas stove,0.0
UserB,h19_mw13,Gas National Grid,0.0
UserB,h20_mw13,PV sys,0.0
UserB,h20_mw13,National Grid EE,0.0
UserB,h20_mw13,Storage EE,5.7
UserB,h20_mw13,Gas Boiler,0.0
UserB,h20_mw13,HP,0.0
UserB,h20_mw13,AC,0.0
UserB,h20_mw13,Storage HW,0.0
UserB,h20_mw13,Radiators,0.0
UserB,h20_mw13,Floor heating,0.0
UserB,h20_mw13,Induction stove,0.0
UserB,h20_mw13,Gas stove,0.0
UserB,h20_mw13,Gas National Grid,0.0
UserB,h21_mw13,PV sys,0.0
UserB,h21_mw13,National Grid EE,0.0
UserB,h21_mw13,Storage EE,5.7
UserB,h21_mw13,Gas Boiler,0.0
UserB,h21_mw13,HP,0.0
UserB,h21_mw13,AC,0.0
UserB,h21_mw13,Storage HW,0.0
UserB,h21_mw13,Radiators,0.0
UserB,h21_mw13,Floor heating,0.0
UserB,h21_mw13,Induction stove,0.0
UserB,h21_mw13,Gas stove,0.0
UserB,h21_mw13,Gas National Grid,0.0
UserB,h22_mw13,PV sys,0.0
UserB,h22_mw13,National Grid EE,0.0
UserB,h22_mw13,Storage EE,5.7
UserB,h22_mw13,Gas Boiler,0.0
UserB,h22_mw13,HP,0.0
UserB,h22_mw13,AC,0.0
UserB,h22_mw13,Storage HW,0.0
UserB,h22_mw13,Radiators,0.0
UserB,h22_mw13,Floor heating,0.0
UserB,h22_mw13,Induction stove,0.0
UserB,h22_mw13,Gas stove,0.0
UserB,h22_mw13,Gas National Grid,0.0
UserB,h23_mw13,PV sys,0.0
UserB,h23_mw13,National Grid EE,0.0
UserB,h23_mw13,Storage EE,5.7
UserB,h23_mw13,Gas Boiler,0.0
UserB,h23_mw13,HP,0.0
UserB,h23_mw13,AC,0.0
UserB,h23_mw13,Storage HW,0.0
UserB,h23_mw13,Radiators,0.0
UserB,h23_mw13,Floor heating,0.0
UserB,h23_mw13,Induction stove,0.0
UserB,h23_mw13,Gas stove,0.0
UserB,h23_mw13,Gas National Grid,0.0
UserB,h24_mw13,PV sys,0.0
UserB,h24_mw13,National Grid EE,0.0
UserB,h24_mw13,Storage EE,5.7
UserB,h24_mw13,Gas Boiler,0.0
UserB,h24_mw13,HP,0.0
UserB,h24_mw13,AC,0.0
UserB,h24_mw13,Storage HW,0.0
UserB,h24_mw13,Radiators,0.0
UserB,h24_mw13,Floor heating,0.0
UserB,h24_mw13,Induction stove,0.0
UserB,h24_mw13,Gas stove,0.0
UserB,h24_mw13,Gas National Grid,0.0
UserB,h01_mw14,PV sys,0.0
UserB,h01_mw14,National Grid EE,0.0
UserB,h01_mw14,Storage EE,2.7
UserB,h01_mw14,Gas Boiler,0.0
UserB,h01_mw14,HP,0.0
UserB,h01_mw14,AC,0.0
UserB,h01_mw14,Storage HW,0.0
UserB,h01_mw14,Radiators,0.0
UserB,h01_mw14,Floor heating,0.0
UserB,h01_mw14,Induction stove,0.0
UserB,h01_mw14,Gas stove,0.0
UserB,h01_mw14,Gas National Grid,0.0
UserB,h02_mw14,PV sys,0.0
UserB,h02_mw14,National Grid EE,0.0
UserB,h02_mw14,Storage EE,2.545136673005279
UserB,h02_mw14,Gas Boiler,0.0
UserB,h02_mw14,HP,0.0
UserB,h02_mw14,AC,0.0
UserB,h02_mw14,Storage HW,0.0
UserB,h02_mw14,Radiators,0.0
UserB,h02_mw14,Floor heating,0.0
UserB,h02_mw14,Induction stove,0.0
UserB,h02_mw14,Gas stove,0.0
UserB,h02_mw14,Gas National Grid,0.0
UserB,h03_mw14,PV sys,0.0
UserB,h03_mw14,National Grid EE,0.0
UserB,h03_mw14,Storage EE,2.3394594351491165
UserB,h03_mw14,Gas Boiler,0.0
UserB,h03_mw14,HP,0.0
UserB,h03_mw14,AC,0.0
UserB,h03_mw14,Storage HW,0.0
UserB,h03_mw14,Radiators,0.0
UserB,h03_mw14,Floor heating,0.0
UserB,h03_mw14,Induction stove,0.0
UserB,h03_mw14,Gas stove,0.0
UserB,h03_mw14,Gas National Grid,0.0
UserB,h04_mw14,PV sys,0.0
UserB,h04_mw14,National Grid EE,0.0
UserB,h04_mw14,Storage EE,2.1815893227950056
UserB,h04_mw14,Gas Boiler,0.0
UserB,h04_mw14,HP,0.0
UserB,h04_mw14,AC,0.0
UserB,h04_mw14,Storage HW,0.0
UserB,h04_mw14,Radiators,0.0
UserB,h04_mw14,Floor heating,0.0
UserB,h04_mw14,Induction stove,0.0
UserB,h04_mw14,Gas stove,0.0
UserB,h04_mw14,Gas National Grid,0.0
UserB,h05_mw14,PV sys,0.0
UserB,h05_mw14,National Grid EE,0.0
UserB,h05_mw14,Storage EE,1.9527777410153775
UserB,h05_mw14,Gas Boiler,0.0
UserB,h05_mw14,HP,0.0
UserB,h05_mw14,AC,0.0
UserB,h05_mw14,Storage HW,0.0
UserB,h05_mw14,Radiators,0.0
UserB,h05_mw14,Floor heating,0.0
UserB,h05_mw14,Induction stove,0.0
UserB,h05_mw14,Gas stove,0.0
UserB,h05_mw14,Gas National Grid,0.0
UserB,h06_mw14,PV sys,0.0
UserB,h06_mw14,National Grid EE,0.0
UserB,h06_mw14,Storage EE,1.7473175783499826
UserB,h06_mw14,Gas Boiler,0.0
UserB,h06_mw14,HP,0.0
UserB,h06_mw14,AC,0.0
UserB,h06_mw14,Storage HW,0.0
UserB,h06_mw14,Radiators,0.0
UserB,h06_mw14,Floor heating,0.0
UserB,h06_mw14,Induction stove,0.0
UserB,h06_mw14,Gas stove,0.0
UserB,h06_mw14,Gas National Grid,0.0
UserB,h07_mw14,PV sys,0.0
UserB,h07_mw14,National Grid EE,0.0
UserB,h07_mw14,Storage EE,1.7806775078385642
UserB,h07_mw14,Gas Boiler,0.0
UserB,h07_mw14,HP,0.0
UserB,h07_mw14,AC,0.0
UserB,h07_mw14,Storage HW,0.0
UserB,h07_mw14,Radiators,0.0
UserB,h07_mw14,Floor heating,0.0
UserB,h07_mw14,Induction stove,0.0
UserB,h07_mw14,Gas stove,0.0
UserB,h07_mw14,Gas National Grid,0.0
UserB,h08_mw14,PV sys,0.0
UserB,h08_mw14,National Grid EE,0.0
UserB,h08_mw14,Storage EE,2.737438723761233
UserB,h08_mw14,Gas Boiler,0.0
UserB,h08_mw14,HP,0.0
UserB,h08_mw14,AC,0.0
UserB,h08_mw14,Storage HW,0.0
UserB,h08_mw14,Radiators,0.0
UserB,h08_mw14,Floor heating,0.0
UserB,h08_mw14,Induction stove,0.0
UserB,h08_mw14,Gas stove,0.0
UserB,h08_mw14,Gas National Grid,0.0
UserB,h09_mw14,PV sys,0.0
UserB,h09_mw14,National Grid EE,0.0
UserB,h09_mw14,Storage EE,4.322248345230099
UserB,h09_mw14,Gas Boiler,0.0
UserB,h09_mw14,HP,0.0
UserB,h09_mw14,AC,0.0
UserB,h09_mw14,Storage HW,0.0
UserB,h09_mw14,Radiators,0.0
UserB,h09_mw14,Floor heating,0.0
UserB,h09_mw14,Induction stove,0.0
UserB,h09_mw14,Gas stove,0.0
UserB,h09_mw14,Gas National Grid,0.0
UserB,h10_mw14,PV sys,0.0
UserB,h10_mw14,National Grid EE,0.0
UserB,h10_mw14,Storage EE,5.254138437356044
UserB,h10_mw14,Gas Boiler,0.0
UserB,h10_mw14,HP,0.0
UserB,h10_mw14,AC,0.0
UserB,h10_mw14,Storage HW,0.0
UserB,h10_mw14,Radiators,0.0
UserB,h10_mw14,Floor heating,0.0
UserB,h10_mw14,Induction stove,0.0
UserB,h10_mw14,Gas stove,0.0
UserB,h10_mw14,Gas National Grid,0.0
UserB,h11_mw14,PV sys,0.0
UserB,h11_mw14,National Grid EE,0.0
UserB,h11_mw14,Storage EE,5.324495816437437
UserB,h11_mw14,Gas Boiler,0.0
UserB,h11_mw14,HP,0.0
UserB,h11_mw14,AC,0.0
UserB,h11_mw14,Storage HW,0.0
UserB,h11_mw14,Radiators,0.0
UserB,h11_mw14,Floor heating,0.0
UserB,h11_mw14,Induction stove,0.0
UserB,h11_mw14,Gas stove,0.0
UserB,h11_mw14,Gas National Grid,0.0
UserB,h12_mw14,PV sys,0.0
UserB,h12_mw14,National Grid EE,0.0
UserB,h12_mw14,Storage EE,5.624958414950717
UserB,h12_mw14,Gas Boiler,0.0
UserB,h12_mw14,HP,0.0
UserB,h12_mw14,AC,0.0
UserB,h12_mw14,Storage HW,0.0
UserB,h12_mw14,Radiators,0.0
UserB,h12_mw14,Floor heating,0.0
UserB,h12_mw14,Induction stove,0.0
UserB,h12_mw14,Gas stove,0.0
UserB,h12_mw14,Gas National Grid,0.0
UserB,h13_mw14,PV sys,0.0
UserB,h13_mw14,National Grid EE,0.0
UserB,h13_mw14,Storage EE,5.7
UserB,h13_mw14,Gas Boiler,0.0
UserB,h13_mw14,HP,0.0
UserB,h13_mw14,AC,0.0
UserB,h13_mw14,Storage HW,0.0
UserB,h13_mw14,Radiators,0.0
UserB,h13_mw14,Floor heating,0.0
UserB,h13_mw14,Induction stove,0.0
UserB,h13_mw14,Gas stove,0.0
UserB,h13_mw14,Gas National Grid,0.0
UserB,h14_mw14,PV sys,0.0
UserB,h14_mw14,National Grid EE,0.0
UserB,h14_mw14,Storage EE,4.849364307241261
UserB,h14_mw14,Gas Boiler,0.0
UserB,h14_mw14,HP,0.0
UserB,h14_mw14,AC,0.0
UserB,h14_mw14,Storage HW,0.0
UserB,h14_mw14,Radiators,0.0
UserB,h14_mw14,Floor heating,0.0
UserB,h14_mw14,Induction stove,0.0
UserB,h14_mw14,Gas stove,0.0
UserB,h14_mw14,Gas National Grid,0.0
UserB,h15_mw14,PV sys,0.0
UserB,h15_mw14,National Grid EE,0.0
UserB,h15_mw14,Storage EE,4.078284337716115
UserB,h15_mw14,Gas Boiler,0.0
UserB,h15_mw14,HP,0.0
UserB,h15_mw14,AC,0.0
UserB,h15_mw14,Storage HW,0.0
UserB,h15_mw14,Radiators,0.0
UserB,h15_mw14,Floor heating,0.0
UserB,h15_mw14,Induction stove,0.0
UserB,h15_mw14,Gas stove,0.0
UserB,h15_mw14,Gas National Grid,0.0
UserB,h16_mw14,PV sys,0.0
UserB,h16_mw14,National Grid EE,0.0
UserB,h16_mw14,Storage EE,5.429979668862849
UserB,h16_mw14,Gas Boiler,0.0
UserB,h16_mw14,HP,0.0
UserB,h16_mw14,AC,0.0
UserB,h16_mw14,Storage HW,0.0
UserB,h16_mw14,Radiators,0.0
UserB,h16_mw14,Floor heating,0.0
UserB,h16_mw14,Induction stove,0.0
UserB,h16_mw14,Gas stove,0.0
UserB,h16_mw14,Gas National Grid,0.0
UserB,h17_mw14,PV sys,0.0
UserB,h17_mw14,National Grid EE,0.0
UserB,h17_mw14,Storage EE,5.7
UserB,h17_mw14,Gas Boiler,0.0
UserB,h17_mw14,HP,0.0
UserB,h17_mw14,AC,0.0
UserB,h17_mw14,Storage HW,0.0
UserB,h17_mw14,Radiators,0.0
UserB,h17_mw14,Floor heating,0.0
UserB,h17_mw14,Induction stove,0.0
UserB,h17_mw14,Gas stove,0.0
UserB,h17_mw14,Gas National Grid,0.0
UserB,h18_mw14,PV sys,0.0
UserB,h18_mw14,National Grid EE,0.0
UserB,h18_mw14,Storage EE,5.232710893326254
UserB,h18_mw14,Gas Boiler,0.0
UserB,h18_mw14,HP,0.0
UserB,h18_mw14,AC,0.0
UserB,h18_mw14,Storage HW,0.0
UserB,h18_mw14,Radiators,0.0
UserB,h18_mw14,Floor heating,0.0
UserB,h18_mw14,Induction stove,0.0
UserB,h18_mw14,Gas stove,0.0
UserB,h18_mw14,Gas National Grid,0.0
UserB,h19_mw14,PV sys,0.0
UserB,h19_mw14,National Grid EE,0.0
UserB,h19_mw14,Storage EE,4.774833708378786
UserB,h19_mw14,Gas Boiler,0.0
UserB,h19_mw14,HP,0.0
UserB,h19_mw14,AC,0.0
UserB,h19_mw14,Storage HW,0.0
UserB,h19_mw14,Radiators,0.0
UserB,h19_mw14,Floor heating,0.0
UserB,h19_mw14,Induction stove,0.0
UserB,h19_mw14,Gas stove,0.0
UserB,h19_mw14,Gas National Grid,0.0
UserB,h20_mw14,PV sys,0.0
UserB,h20_mw14,National Grid EE,0.0
UserB,h20_mw14,Storage EE,3.780424214673225
UserB,h20_mw14,Gas Boiler,0.0
UserB,h20_mw14,HP,0.0
UserB,h20_mw14,AC,0.0
UserB,h20_mw14,Storage HW,0.0
UserB,h20_mw14,Radiators,0.0
UserB,h20_mw14,Floor heating,0.0
UserB,h20_mw14,Induction stove,0.0
UserB,h20_mw14,Gas stove,0.0
UserB,h20_mw14,Gas National Grid,0.0
UserB,h21_mw14,PV sys,0.0
UserB,h21_mw14,National Grid EE,0.0
UserB,h21_mw14,Storage EE,3.780424214673225
UserB,h21_mw14,Gas Boiler,0.0
UserB,h21_mw14,HP,0.0
UserB,h21_mw14,AC,0.0
UserB,h21_mw14,Storage HW,0.0
UserB,h21_mw14,Radiators,0.0
UserB,h21_mw14,Floor heating,0.0
UserB,h21_mw14,Induction stove,0.0
UserB,h21_mw14,Gas stove,0.0
UserB,h21_mw14,Gas National Grid,0.0
UserB,h22_mw14,PV sys,0.0
UserB,h22_mw14,National Grid EE,0.0
UserB,h22_mw14,Storage EE,3.007041082287269
UserB,h22_mw14,Gas Boiler,0.0
UserB,h22_mw14,HP,0.0
UserB,h22_mw14,AC,0.0
UserB,h22_mw14,Storage HW,0.0
UserB,h22_mw14,Radiators,0.0
UserB,h22_mw14,Floor heating,0.0
UserB,h22_mw14,Induction stove,0.0
UserB,h22_mw14,Gas stove,0.0
UserB,h22_mw14,Gas National Grid,0.0
UserB,h23_mw14,PV sys,0.0
UserB,h23_mw14,National Grid EE,0.0
UserB,h23_mw14,Storage EE,2.48645147812961
UserB,h23_mw14,Gas Boiler,0.0
UserB,h23_mw14,HP,0.0
UserB,h23_mw14,AC,0.0
UserB,h23_mw14,Storage HW,0.0
UserB,h23_mw14,Radiators,0.0
UserB,h23_mw14,Floor heating,0.0
UserB,h23_mw14,Induction stove,0.0
UserB,h23_mw14,Gas stove,0.0
UserB,h23_mw14,Gas National Grid,0.0
UserB,h24_mw14,PV sys,0.0
UserB,h24_mw14,National Grid EE,0.0
UserB,h24_mw14,Storage EE,0.6
UserB,h24_mw14,Gas Boiler,0.0
UserB,h24_mw14,HP,0.0
UserB,h24_mw14,AC,0.0
UserB,h24_mw14,Storage HW,0.0
UserB,h24_mw14,Radiators,0.0
UserB,h24_mw14,Floor heating,0.0
UserB,h24_mw14,Induction stove,0.0
UserB,h24_mw14,Gas stove,0.0
UserB,h24_mw14,Gas National Grid,0.0
UserB,h01_su01,PV sys,0.0
UserB,h01_su01,National Grid EE,0.0
UserB,h01_su01,Storage EE,0.6
UserB,h01_su01,Gas Boiler,0.0
UserB,h01_su01,HP,0.0
UserB,h01_su01,AC,0.0
UserB,h01_su01,Storage HW,0.0
UserB,h01_su01,Radiators,0.0
UserB,h01_su01,Floor heating,0.0
UserB,h01_su01,Induction stove,0.0
UserB,h01_su01,Gas stove,0.0
UserB,h01_su01,Gas National Grid,0.0
UserB,h02_su01,PV sys,0.0
UserB,h02_su01,National Grid EE,0.0
UserB,h02_su01,Storage EE,0.6
UserB,h02_su01,Gas Boiler,0.0
UserB,h02_su01,HP,0.0
UserB,h02_su01,AC,0.0
UserB,h02_su01,Storage HW,0.0
UserB,h02_su01,Radiators,0.0
UserB,h02_su01,Floor heating,0.0
UserB,h02_su01,Induction stove,0.0
UserB,h02_su01,Gas stove,0.0
UserB,h02_su01,Gas National Grid,0.0
UserB,h03_su01,PV sys,0.0
UserB,h03_su01,National Grid EE,0.0
UserB,h03_su01,Storage EE,0.6
UserB,h03_su01,Gas Boiler,0.0
UserB,h03_su01,HP,0.0
UserB,h03_su01,AC,0.0
UserB,h03_su01,Storage HW,0.0
UserB,h03_su01,Radiators,0.0
UserB,h03_su01,Floor heating,0.0
UserB,h03_su01,Induction stove,0.0
UserB,h03_su01,Gas stove,0.0
UserB,h03_su01,Gas National Grid,0.0
UserB,h04_su01,PV sys,0.0
UserB,h04_su01,National Grid EE,0.0
UserB,h04_su01,Storage EE,0.6
UserB,h04_su01,Gas Boiler,0.0
UserB,h04_su01,HP,0.0
UserB,h04_su01,AC,0.0
UserB,h04_su01,Storage HW,0.0
UserB,h04_su01,Radiators,0.0
UserB,h04_su01,Floor heating,0.0
UserB,h04_su01,Induction stove,0.0
UserB,h04_su01,Gas stove,0.0
UserB,h04_su01,Gas National Grid,0.0
UserB,h05_su01,PV sys,0.0
UserB,h05_su01,National Grid EE,0.0
UserB,h05_su01,Storage EE,0.6
UserB,h05_su01,Gas Boiler,0.0
UserB,h05_su01,HP,0.0
UserB,h05_su01,AC,0.0
UserB,h05_su01,Storage HW,0.0
UserB,h05_su01,Radiators,0.0
UserB,h05_su01,Floor heating,0.0
UserB,h05_su01,Induction stove,0.0
UserB,h05_su01,Gas stove,0.0
UserB,h05_su01,Gas National Grid,0.0
UserB,h06_su01,PV sys,0.0
UserB,h06_su01,National Grid EE,0.0
UserB,h06_su01,Storage EE,0.6
UserB,h06_su01,Gas Boiler,0.0
UserB,h06_su01,HP,0.0
UserB,h06_su01,AC,0.0
UserB,h06_su01,Storage HW,0.0
UserB,h06_su01,Radiators,0.0
UserB,h06_su01,Floor heating,0.0
UserB,h06_su01,Induction stove,0.0
UserB,h06_su01,Gas stove,0.0
UserB,h06_su01,Gas National Grid,0.0
UserB,h07_su01,PV sys,0.0
UserB,h07_su01,National Grid EE,0.0
UserB,h07_su01,Storage EE,0.6
UserB,h07_su01,Gas Boiler,0.0
UserB,h07_su01,HP,0.0
UserB,h07_su01,AC,0.0
UserB,h07_su01,Storage HW,0.0
UserB,h07_su01,Radiators,0.0
UserB,h07_su01,Floor heating,0.0
UserB,h07_su01,Induction stove,0.0
UserB,h07_su01,Gas stove,0.0
UserB,h07_su01,Gas National Grid,0.0
UserB,h08_su01,PV sys,0.0
UserB,h08_su01,National Grid EE,0.0
UserB,h08_su01,Storage EE,1.0787406864827762
UserB,h08_su01,Gas Boiler,0.0
UserB,h08_su01,HP,0.0
UserB,h08_su01,AC,0.0
UserB,h08_su01,Storage HW,0.0
UserB,h08_su01,Radiators,0.0
UserB,h08_su01,Floor heating,0.0
UserB,h08_su01,Induction stove,0.0
UserB,h08_su01,Gas stove,0.0
UserB,h08_su01,Gas National Grid,0.0
UserB,h09_su01,PV sys,0.0
UserB,h09_su01,National Grid EE,0.0
UserB,h09_su01,Storage EE,2.0697389870885905
UserB,h09_su01,Gas Boiler,0.0
UserB,h09_su01,HP,0.0
UserB,h09_su01,AC,0.0
UserB,h09_su01,Storage HW,0.0
UserB,h09_su01,Radiators,0.0
UserB,h09_su01,Floor heating,0.0
UserB,h09_su01,Induction stove,0.0
UserB,h09_su01,Gas stove,0.0
UserB,h09_su01,Gas National Grid,0.0
UserB,h10_su01,PV sys,0.0
UserB,h10_su01,National Grid EE,0.0
UserB,h10_su01,Storage EE,4.077890410827998
UserB,h10_su01,Gas Boiler,0.0
UserB,h10_su01,HP,0.0
UserB,h10_su01,AC,0.0
UserB,h10_su01,Storage HW,0.0
UserB,h10_su01,Radiators,0.0
UserB,h10_su01,Floor heating,0.0
UserB,h10_su01,Induction stove,0.0
UserB,h10_su01,Gas stove,0.0
UserB,h10_su01,Gas National Grid,0.0
UserB,h11_su01,PV sys,0.0
UserB,h11_su01,National Grid EE,0.0
UserB,h11_su01,Storage EE,4.169199671483627
UserB,h11_su01,Gas Boiler,0.0
UserB,h11_su01,HP,0.0
UserB,h11_su01,AC,0.0
UserB,h11_su01,Storage HW,0.0
UserB,h11_su01,Radiators,0.0
UserB,h11_su01,Floor heating,0.0
UserB,h11_su01,Induction stove,0.0
UserB,h11_su01,Gas stove,0.0
UserB,h11_su01,Gas National Grid,0.0
UserB,h12_su01,PV sys,0.0
UserB,h12_su01,National Grid EE,0.0
UserB,h12_su01,Storage EE,2.907924551524702
UserB,h12_su01,Gas Boiler,0.0
UserB,h12_su01,HP,0.0
UserB,h12_su01,AC,0.0
UserB,h12_su01,Storage HW,0.0
UserB,h12_su01,Radiators,0.0
UserB,h12_su01,Floor heating,0.0
UserB,h12_su01,Induction stove,0.0
UserB,h12_su01,Gas stove,0.0
UserB,h12_su01,Gas National Grid,0.0
UserB,h13_su01,PV sys,0.0
UserB,h13_su01,National Grid EE,0.0
UserB,h13_su01,Storage EE,3.2703833403992464
UserB,h13_su01,Gas Boiler,0.0
UserB,h13_su01,HP,0.0
UserB,h13_su01,AC,0.0
UserB,h13_su01,Storage HW,0.0
UserB,h13_su01,Radiators,0.0
UserB,h13_su01,Floor heating,0.0
UserB,h13_su01,Induction stove,0.0
UserB,h13_su01,Gas stove,0.0
UserB,h13_su01,Gas National Grid,0.0
UserB,h14_su01,PV sys,0.0
UserB,h14_su01,National Grid EE,0.0
UserB,h14_su01,Storage EE,3.8605466006043505
UserB,h14_su01,Gas Boiler,0.0
UserB,h14_su01,HP,0.0
UserB,h14_su01,AC,0.0
UserB,h14_su01,Storage HW,0.0
UserB,h14_su01,Radiators,0.0
UserB,h14_su01,Floor heating,0.0
UserB,h14_su01,Induction stove,0.0
UserB,h14_su01,Gas stove,0.0
UserB,h14_su01,Gas National Grid,0.0
UserB,h15_su01,PV sys,0.0
UserB,h15_su01,National Grid EE,0.0
UserB,h15_su01,Storage EE,5.293411730326734
UserB,h15_su01,Gas Boiler,0.0
UserB,h15_su01,HP,0.0
UserB,h15_su01,AC,0.0
UserB,h15_su01,Storage HW,0.0
UserB,h15_su01,Radiators,0.0
UserB,h15_su01,Floor heating,0.0
UserB,h15_su01,Induction stove,0.0
UserB,h15_su01,Gas stove,0.0
UserB,h15_su01,Gas National Grid,0.0
UserB,h16_su01,PV sys,0.0
UserB,h16_su01,National Grid EE,0.0
UserB,h16_su01,Storage EE,5.7
UserB,h16_su01,Gas Boiler,0.0
UserB,h16_su01,HP,0.0
UserB,h16_su01,AC,0.0
UserB,h16_su01,Storage HW,0.0
UserB,h16_su01,Radiators,0.0
UserB,h16_su01,Floor heating,0.0
UserB,h16_su01,Induction stove,0.0
UserB,h16_su01,Gas stove,0.0
UserB,h16_su01,Gas National Grid,0.0
UserB,h17_su01,PV sys,0.0
UserB,h17_su01,National Grid EE,0.0
UserB,h17_su01,Storage EE,5.649413359038028
UserB,h17_su01,Gas Boiler,0.0
UserB,h17_su01,HP,0.0
UserB,h17_su01,AC,0.0
UserB,h17_su01,Storage HW,0.0
UserB,h17_su01,Radiators,0.0
UserB,h17_su01,Floor heating,0.0
UserB,h17_su01,Induction stove,0.0
UserB,h17_su01,Gas stove,0.0
UserB,h17_su01,Gas National Grid,0.0
UserB,h18_su01,PV sys,0.0
UserB,h18_su01,National Grid EE,0.0
UserB,h18_su01,Storage EE,5.455380828180902
UserB,h18_su01,Gas Boiler,0.0
UserB,h18_su01,HP,0.0
UserB,h18_su01,AC,0.0
UserB,h18_su01,Storage HW,0.0
UserB,h18_su01,Radiators,0.0
UserB,h18_su01,Floor heating,0.0
UserB,h18_su01,Induction stove,0.0
UserB,h18_su01,Gas stove,0.0
UserB,h18_su01,Gas National Grid,0.0
UserB,h19_su01,PV sys,0.0
UserB,h19_su01,National Grid EE,0.0
UserB,h19_su01,Storage EE,4.472905060796924
UserB,h19_su01,Gas Boiler,0.0
UserB,h19_su01,HP,0.0
UserB,h19_su01,AC,0.0
UserB,h19_su01,Storage HW,0.0
UserB,h19_su01,Radiators,0.0
UserB,h19_su01,Floor heating,0.0
UserB,h19_su01,Induction stove,0.0
UserB,h19_su01,Gas stove,0.0
UserB,h19_su01,Gas National Grid,0.0
UserB,h20_su01,PV sys,0.0
UserB,h20_su01,National Grid EE,0.0
UserB,h20_su01,Storage EE,3.9628351026352533
UserB,h20_su01,Gas Boiler,0.0
UserB,h20_su01,HP,0.0
UserB,h20_su01,AC,0.0
UserB,h20_su01,Storage HW,0.0
UserB,h20_su01,Radiators,0.0
UserB,h20_su01,Floor heating,0.0
UserB,h20_su01,Induction stove,0.0
UserB,h20_su01,Gas stove,0.0
UserB,h20_su01,Gas National Grid,0.0
UserB,h21_su01,PV sys,0.0
UserB,h21_su01,National Grid EE,0.0
UserB,h21_su01,Storage EE,3.3869927960199684
UserB,h21_su01,Gas Boiler,0.0
UserB,h21_su01,HP,0.0
UserB,h21_su01,AC,0.0
UserB,h21_su01,Storage HW,0.0
UserB,h21_su01,Radiators,0.0
UserB,h21_su01,Floor heating,0.0
UserB,h21_su01,Induction stove,0.0
UserB,h21_su01,Gas stove,0.0
UserB,h21_su01,Gas National Grid,0.0
UserB,h22_su01,PV sys,0.0
UserB,h22_su01,National Grid EE,0.0
UserB,h22_su01,Storage EE,1.7338583249453619
UserB,h22_su01,Gas Boiler,0.0
UserB,h22_su01,HP,0.0
UserB,h22_su01,AC,0.0
UserB,h22_su01,Storage HW,0.0
UserB,h22_su01,Radiators,0.0
UserB,h22_su01,Floor heating,0.0
UserB,h22_su01,Induction stove,0.0
UserB,h22_su01,Gas stove,0.0
UserB,h22_su01,Gas National Grid,0.0
UserB,h23_su01,PV sys,0.0
UserB,h23_su01,National Grid EE,0.0
UserB,h23_su01,Storage EE,1.7338583249453619
UserB,h23_su01,Gas Boiler,0.0
UserB,h23_su01,HP,0.0
UserB,h23_su01,AC,0.0
UserB,h23_su01,Storage HW,0.0
UserB,h23_su01,Radiators,0.0
UserB,h23_su01,Floor heating,0.0
UserB,h23_su01,Induction stove,0.0
UserB,h23_su01,Gas stove,0.0
UserB,h23_su01,Gas National Grid,0.0
UserB,h24_su01,PV sys,0.0
UserB,h24_su01,National Grid EE,0.0
UserB,h24_su01,Storage EE,1.6672980670347812
UserB,h24_su01,Gas Boiler,0.0
UserB,h24_su01,HP,0.0
UserB,h24_su01,AC,0.0
UserB,h24_su01,Storage HW,0.0
UserB,h24_su01,Radiators,0.0
UserB,h24_su01,Floor heating,0.0
UserB,h24_su01,Induction stove,0.0
UserB,h24_su01,Gas stove,0.0
UserB,h24_su01,Gas National Grid,0.0
UserB,h01_su02,PV sys,0.0
UserB,h01_su02,National Grid EE,0.0
UserB,h01_su02,Storage EE,1.4053934554969105
UserB,h01_su02,Gas Boiler,0.0
UserB,h01_su02,HP,0.0
UserB,h01_su02,AC,0.0
UserB,h01_su02,Storage HW,0.0
UserB,h01_su02,Radiators,0.0
UserB,h01_su02,Floor heating,0.0
UserB,h01_su02,Induction stove,0.0
UserB,h01_su02,Gas stove,0.0
UserB,h01_su02,Gas National Grid,0.0
UserB,h02_su02,PV sys,0.0
UserB,h02_su02,National Grid EE,0.0
UserB,h02_su02,Storage EE,1.268316122030052
UserB,h02_su02,Gas Boiler,0.0
UserB,h02_su02,HP,0.0
UserB,h02_su02,AC,0.0
UserB,h02_su02,Storage HW,0.0
UserB,h02_su02,Radiators,0.0
UserB,h02_su02,Floor heating,0.0
UserB,h02_su02,Induction stove,0.0
UserB,h02_su02,Gas stove,0.0
UserB,h02_su02,Gas National Grid,0.0
UserB,h03_su02,PV sys,0.0
UserB,h03_su02,National Grid EE,0.0
UserB,h03_su02,Storage EE,1.0585081042975235
UserB,h03_su02,Gas Boiler,0.0
UserB,h03_su02,HP,0.0
UserB,h03_su02,AC,0.0
UserB,h03_su02,Storage HW,0.0
UserB,h03_su02,Radiators,0.0
UserB,h03_su02,Floor heating,0.0
UserB,h03_su02,Induction stove,0.0
UserB,h03_su02,Gas stove,0.0
UserB,h03_su02,Gas National Grid,0.0
UserB,h04_su02,PV sys,0.0
UserB,h04_su02,National Grid EE,0.0
UserB,h04_su02,Storage EE,0.8401804326471967
UserB,h04_su02,Gas Boiler,0.0
UserB,h04_su02,HP,0.0
UserB,h04_su02,AC,0.0
UserB,h04_su02,Storage HW,0.0
UserB,h04_su02,Radiators,0.0
UserB,h04_su02,Floor heating,0.0
UserB,h04_su02,Induction stove,0.0
UserB,h04_su02,Gas stove,0.0
UserB,h04_su02,Gas National Grid,0.0
UserB,h05_su02,PV sys,0.0
UserB,h05_su02,National Grid EE,0.0
UserB,h05_su02,Storage EE,0.6277911812419462
UserB,h05_su02,Gas Boiler,0.0
UserB,h05_su02,HP,0.0
UserB,h05_su02,AC,0.0
UserB,h05_su02,Storage HW,0.0
UserB,h05_su02,Radiators,0.0
UserB,h05_su02,Floor heating,0.0
UserB,h05_su02,Induction stove,0.0
UserB,h05_su02,Gas stove,0.0
UserB,h05_su02,Gas National Grid,0.0
UserB,h06_su02,PV sys,0.0
UserB,h06_su02,National Grid EE,0.0
UserB,h06_su02,Storage EE,0.6
UserB,h06_su02,Gas Boiler,0.0
UserB,h06_su02,HP,0.0
UserB,h06_su02,AC,0.0
UserB,h06_su02,Storage HW,0.0
UserB,h06_su02,Radiators,0.0
UserB,h06_su02,Floor heating,0.0
UserB,h06_su02,Induction stove,0.0
UserB,h06_su02,Gas stove,0.0
UserB,h06_su02,Gas National Grid,0.0
UserB,h07_su02,PV sys,0.0
UserB,h07_su02,National Grid EE,0.0
UserB,h07_su02,Storage EE,0.8175108150834733
UserB,h07_su02,Gas Boiler,0.0
UserB,h07_su02,HP,0.0
UserB,h07_su02,AC,0.0
UserB,h07_su02,Storage HW,0.0
UserB,h07_su02,Radiators,0.0
UserB,h07_su02,Floor heating,0.0
UserB,h07_su02,Induction stove,0.0
UserB,h07_su02,Gas stove,0.0
UserB,h07_su02,Gas National Grid,0.0
UserB,h08_su02,PV sys,0.0
UserB,h08_su02,National Grid EE,0.0
UserB,h08_su02,Storage EE,0.9572590897597406
UserB,h08_su02,Gas Boiler,0.0
UserB,h08_su02,HP,0.0
UserB,h08_su02,AC,0.0
UserB,h08_su02,Storage HW,0.0
UserB,h08_su02,Radiators,0.0
UserB,h08_su02,Floor heating,0.0
UserB,h08_su02,Induction stove,0.0
UserB,h08_su02,Gas stove,0.0
UserB,h08_su02,Gas National Grid,0.0
UserB,h09_su02,PV sys,0.0
UserB,h09_su02,National Grid EE,0.0
UserB,h09_su02,Storage EE,2.2095124810466302
UserB,h09_su02,Gas Boiler,0.0
UserB,h09_su02,HP,0.0
UserB,h09_su02,AC,0.0
UserB,h09_su02,Storage HW,0.0
UserB,h09_su02,Radiators,0.0
UserB,h09_su02,Floor heating,0.0
UserB,h09_su02,Induction stove,0.0
UserB,h09_su02,Gas stove,0.0
UserB,h09_su02,Gas National Grid,0.0
UserB,h10_su02,PV sys,0.0
UserB,h10_su02,National Grid EE,0.0
UserB,h10_su02,Storage EE,0.8102941752495867
UserB,h10_su02,Gas Boiler,0.0
UserB,h10_su02,HP,0.0
UserB,h10_su02,AC,0.0
UserB,h10_su02,Storage HW,0.0
UserB,h10_su02,Radiators,0.0
UserB,h10_su02,Floor heating,0.0
UserB,h10_su02,Induction stove,0.0
UserB,h10_su02,Gas stove,0.0
UserB,h10_su02,Gas National Grid,0.0
UserB,h11_su02,PV sys,0.0
UserB,h11_su02,National Grid EE,0.0
UserB,h11_su02,Storage EE,2.8541052001789056
UserB,h11_su02,Gas Boiler,0.0
UserB,h11_su02,HP,0.0
UserB,h11_su02,AC,0.0
UserB,h11_su02,Storage HW,0.0
UserB,h11_su02,Radiators,0.0
UserB,h11_su02,Floor heating,0.0
UserB,h11_su02,Induction stove,0.0
UserB,h11_su02,Gas stove,0.0
UserB,h11_su02,Gas National Grid,0.0
UserB,h12_su02,PV sys,0.0
UserB,h12_su02,National Grid EE,0.0
UserB,h12_su02,Storage EE,4.409073108952282
UserB,h12_su02,Gas Boiler,0.0
UserB,h12_su02,HP,0.0
UserB,h12_su02,AC,0.0
UserB,h12_su02,Storage HW,0.0
UserB,h12_su02,Radiators,0.0
UserB,h12_su02,Floor heating,0.0
UserB,h12_su02,Induction stove,0.0
UserB,h12_su02,Gas stove,0.0
UserB,h12_su02,Gas National Grid,0.0
UserB,h13_su02,PV sys,0.0
UserB,h13_su02,National Grid EE,0.0
UserB,h13_su02,Storage EE,4.889573680206187
UserB,h13_su02,Gas Boiler,0.0
UserB,h13_su02,HP,0.0
UserB,h13_su02,AC,0.0
UserB,h13_su02,Storage HW,0.0
UserB,h13_su02,Radiators,0.0
UserB,h13_su02,Floor heating,0.0
UserB,h13_su02,Induction stove,0.0
UserB,h13_su02,Gas stove,0.0
UserB,h13_su02,Gas National Grid,0.0
UserB,h14_su02,PV sys,0.0
UserB,h14_su02,National Grid EE,0.0
UserB,h14_su02,Storage EE,4.7931812054551735
UserB,h14_su02,Gas Boiler,0.0
UserB,h14_su02,HP,0.0
UserB,h14_su02,AC,0.0
UserB,h14_su02,Storage HW,0.0
UserB,h14_su02,Radiators,0.0
UserB,h14_su02,Floor heating,0.0
UserB,h14_su02,Induction stove,0.0
UserB,h14_su02,Gas stove,0.0
UserB,h14_su02,Gas National Grid,0.0
UserB,h15_su02,PV sys,0.0
UserB,h15_su02,National Grid EE,0.0
UserB,h15_su02,Storage EE,5.7
UserB,h15_su02,Gas Boiler,0.0
UserB,h15_su02,HP,0.0
UserB,h15_su02,AC,0.0
UserB,h15_su02,Storage HW,0.0
UserB,h15_su02,Radiators,0.0
UserB,h15_su02,Floor heating,0.0
UserB,h15_su02,Induction stove,0.0
UserB,h15_su02,Gas stove,0.0
UserB,h15_su02,Gas National Grid,0.0
UserB,h16_su02,PV sys,0.0
UserB,h16_su02,National Grid EE,0.0
UserB,h16_su02,Storage EE,5.7
UserB,h16_su02,Gas Boiler,0.0
UserB,h16_su02,HP,0.0
UserB,h16_su02,AC,0.0
UserB,h16_su02,Storage HW,0.0
UserB,h16_su02,Radiators,0.0
UserB,h16_su02,Floor heating,0.0
UserB,h16_su02,Induction stove,0.0
UserB,h16_su02,Gas stove,0.0
UserB,h16_su02,Gas National Grid,0.0
UserB,h17_su02,PV sys,0.0
UserB,h17_su02,National Grid EE,0.0
UserB,h17_su02,Storage EE,5.608173393176288
UserB,h17_su02,Gas Boiler,0.0
UserB,h17_su02,HP,0.0
UserB,h17_su02,AC,0.0
UserB,h17_su02,Storage HW,0.0
UserB,h17_su02,Radiators,0.0
UserB,h17_su02,Floor heating,0.0
UserB,h17_su02,Induction stove,0.0
UserB,h17_su02,Gas stove,0.0
UserB,h17_su02,Gas National Grid,0.0
UserB,h18_su02,PV sys,0.0
UserB,h18_su02,National Grid EE,0.0
UserB,h18_su02,Storage EE,5.7
UserB,h18_su02,Gas Boiler,0.0
UserB,h18_su02,HP,0.0
UserB,h18_su02,AC,0.0
UserB,h18_su02,Storage HW,0.0
UserB,h18_su02,Radiators,0.0
UserB,h18_su02,Floor heating,0.0
UserB,h18_su02,Induction stove,0.0
UserB,h18_su02,Gas stove,0.0
UserB,h18_su02,Gas National Grid,0.0
UserB,h19_su02,PV sys,0.0
UserB,h19_su02,National Grid EE,0.0
UserB,h19_su02,Storage EE,5.7
UserB,h19_su02,Gas Boiler,0.0
UserB,h19_su02,HP,0.0
UserB,h19_su02,AC,0.0
UserB,h19_su02,Storage HW,0.0
UserB,h19_su02,Radiators,0.0
UserB,h19_su02,Floor heating,0.0
UserB,h19_su02,Induction stove,0.0
UserB,h19_su02,Gas stove,0.0
UserB,h19_su02,Gas National Grid,0.0
UserB,h20_su02,PV sys,0.0
UserB,h20_su02,National Grid EE,0.0
UserB,h20_su02,Storage EE,5.7
UserB,h20_su02,Gas Boiler,0.0
UserB,h20_su02,HP,0.0
UserB,h20_su02,AC,0.0
UserB,h20_su02,Storage HW,0.0
UserB,h20_su02,Radiators,0.0
UserB,h20_su02,Floor heating,0.0
UserB,h20_su02,Induction stove,0.0
UserB,h20_su02,Gas stove,0.0
UserB,h20_su02,Gas National Grid,0.0
UserB,h21_su02,PV sys,0.0
UserB,h21_su02,National Grid EE,0.0
UserB,h21_su02,Storage EE,5.7
UserB,h21_su02,Gas Boiler,0.0
UserB,h21_su02,HP,0.0
UserB,h21_su02,AC,0.0
UserB,h21_su02,Storage HW,0.0
UserB,h21_su02,Radiators,0.0
UserB,h21_su02,Floor heating,0.0
UserB,h21_su02,Induction stove,0.0
UserB,h21_su02,Gas stove,0.0
UserB,h21_su02,Gas National Grid,0.0
UserB,h22_su02,PV sys,0.0
UserB,h22_su02,National Grid EE,0.0
UserB,h22_su02,Storage EE,5.7
UserB,h22_su02,Gas Boiler,0.0
UserB,h22_su02,HP,0.0
UserB,h22_su02,AC,0.0
UserB,h22_su02,Storage HW,0.0
UserB,h22_su02,Radiators,0.0
UserB,h22_su02,Floor heating,0.0
UserB,h22_su02,Induction stove,0.0
UserB,h22_su02,Gas stove,0.0
UserB,h22_su02,Gas National Grid,0.0
UserB,h23_su02,PV sys,0.0
UserB,h23_su02,National Grid EE,0.0
UserB,h23_su02,Storage EE,5.7
UserB,h23_su02,Gas Boiler,0.0
UserB,h23_su02,HP,0.0
UserB,h23_su02,AC,0.0
UserB,h23_su02,Storage HW,0.0
UserB,h23_su02,Radiators,0.0
UserB,h23_su02,Floor heating,0.0
UserB,h23_su02,Induction stove,0.0
UserB,h23_su02,Gas stove,0.0
UserB,h23_su02,Gas National Grid,0.0
UserB,h24_su02,PV sys,0.0
UserB,h24_su02,National Grid EE,0.0
UserB,h24_su02,Storage EE,5.7
UserB,h24_su02,Gas Boiler,0.0
UserB,h24_su02,HP,0.0
UserB,h24_su02,AC,0.0
UserB,h24_su02,Storage HW,0.0
UserB,h24_su02,Radiators,0.0
UserB,h24_su02,Floor heating,0.0
UserB,h24_su02,Induction stove,0.0
UserB,h24_su02,Gas stove,0.0
UserB,h24_su02,Gas National Grid,0.0
UserB,h01_su03,PV sys,0.0
UserB,h01_su03,National Grid EE,0.0
UserB,h01_su03,Storage EE,5.436621829113432
UserB,h01_su03,Gas Boiler,0.0
UserB,h01_su03,HP,0.0
UserB,h01_su03,AC,0.0
UserB,h01_su03,Storage HW,0.0
UserB,h01_su03,Radiators,0.0
UserB,h01_su03,Floor heating,0.0
UserB,h01_su03,Induction stove,0.0
UserB,h01_su03,Gas stove,0.0
UserB,h01_su03,Gas National Grid,0.0
UserB,h02_su03,PV sys,0.0
UserB,h02_su03,National Grid EE,0.0
UserB,h02_su03,Storage EE,5.262845691800643
UserB,h02_su03,Gas Boiler,0.0
UserB,h02_su03,HP,0.0
UserB,h02_su03,AC,0.0
UserB,h02_su03,Storage HW,0.0
UserB,h02_su03,Radiators,0.0
UserB,h02_su03,Floor heating,0.0
UserB,h02_su03,Induction stove,0.0
UserB,h02_su03,Gas stove,0.0
UserB,h02_su03,Gas National Grid,0.0
UserB,h03_su03,PV sys,0.0
UserB,h03_su03,National Grid EE,0.0
UserB,h03_su03,Storage EE,5.0411777395921895
UserB,h03_su03,Gas Boiler,0.0
UserB,h03_su03,HP,0.0
UserB,h03_su03,AC,0.0
UserB,h03_su03,Storage HW,0.0
UserB,h03_su03,Radiators,0.0
UserB,h03_su03,Floor heating,0.0
UserB,h03_su03,Induction stove,0.0
UserB,h03_su03,Gas stove,0.0
UserB,h03_su03,Gas National Grid,0.0
UserB,h04_su03,PV sys,0.0
UserB,h04_su03,National Grid EE,0.0
UserB,h04_su03,Storage EE,4.801319073383721
UserB,h04_su03,Gas Boiler,0.0
UserB,h04_su03,HP,0.0
UserB,h04_su03,AC,0.0
UserB,h04_su03,Storage HW,0.0
UserB,h04_su03,Radiators,0.0
UserB,h04_su03,Floor heating,0.0
UserB,h04_su03,Induction stove,0.0
UserB,h04_su03,Gas stove,0.0
UserB,h04_su03,Gas National Grid,0.0
UserB,h05_su03,PV sys,0.0
UserB,h05_su03,National Grid EE,0.0
UserB,h05_su03,Storage EE,4.61118790988012
UserB,h05_su03,Gas Boiler,0.0
UserB,h05_su03,HP,0.0
UserB,h05_su03,AC,0.0
UserB,h05_su03,Storage HW,0.0
UserB,h05_su03,Radiators,0.0
UserB,h05_su03,Floor heating,0.0
UserB,h05_su03,Induction stove,0.0
UserB,h05_su03,Gas stove,0.0
UserB,h05_su03,Gas National Grid,0.0
UserB,h06_su03,PV sys,0.0
UserB,h06_su03,National Grid EE,0.0
UserB,h06_su03,Storage EE,4.556570086200654
UserB,h06_su03,Gas Boiler,0.0
UserB,h06_su03,HP,0.0
UserB,h06_su03,AC,0.0
UserB,h06_su03,Storage HW,0.0
UserB,h06_su03,Radiators,0.0
UserB,h06_su03,Floor heating,0.0
UserB,h06_su03,Induction stove,0.0
UserB,h06_su03,Gas stove,0.0
UserB,h06_su03,Gas National Grid,0.0
UserB,h07_su03,PV sys,0.0
UserB,h07_su03,National Grid EE,0.0
UserB,h07_su03,Storage EE,4.611481768983125
UserB,h07_su03,Gas Boiler,0.0
UserB,h07_su03,HP,0.0
UserB,h07_su03,AC,0.0
UserB,h07_su03,Storage HW,0.0
UserB,h07_su03,Radiators,0.0
UserB,h07_su03,Floor heating,0.0
UserB,h07_su03,Induction stove,0.0
UserB,h07_su03,Gas stove,0.0
UserB,h07_su03,Gas National Grid,0.0
UserB,h08_su03,PV sys,0.0
UserB,h08_su03,National Grid EE,0.0
UserB,h08_su03,Storage EE,2.4158084120767978
UserB,h08_su03,Gas Boiler,0.0
UserB,h08_su03,HP,0.0
UserB,h08_su03,AC,0.0
UserB,h08_su03,Storage HW,0.0
UserB,h08_su03,Radiators,0.0
UserB,h08_su03,Floor heating,0.0
UserB,h08_su03,Induction stove,0.0
UserB,h08_su03,Gas stove,0.0
UserB,h08_su03,Gas National Grid,0.0
UserB,h09_su03,PV sys,0.0
UserB,h09_su03,National Grid EE,0.0
UserB,h09_su03,Storage EE,3.103735977575333
UserB,h09_su03,Gas Boiler,0.0
UserB,h09_su03,HP,0.0
UserB,h09_su03,AC,0.0
UserB,h09_su03,Storage HW,0.0
UserB,h09_su03,Radiators,0.0
UserB,h09_su03,Floor heating,0.0
UserB,h09_su03,Induction stove,0.0
UserB,h09_su03,Gas stove,0.0
UserB,h09_su03,Gas National Grid,0.0
UserB,h10_su03,PV sys,0.0
UserB,h10_su03,National Grid EE,0.0
UserB,h10_su03,Storage EE,3.2271915192856078
UserB,h10_su03,Gas Boiler,0.0
UserB,h10_su03,HP,0.0
UserB,h10_su03,AC,0.0
UserB,h10_su03,Storage HW,0.0
UserB,h10_su03,Radiators,0.0
UserB,h10_su03,Floor heating,0.0
UserB,h10_su03,Induction stove,0.0
UserB,h10_su03,Gas stove,0.0
UserB,h10_su03,Gas National Grid,0.0
UserB,h11_su03,PV sys,0.0
UserB,h11_su03,National Grid EE,0.0
UserB,h11_su03,Storage EE,3.0385102080763478
UserB,h11_su03,Gas Boiler,0.0
UserB,h11_su03,HP,0.0
UserB,h11_su03,AC,0.0
UserB,h11_su03,Storage HW,0.0
UserB,h11_su03,Radiators,0.0
UserB,h11_su03,Floor heating,0.0
UserB,h11_su03,Induction stove,0.0
UserB,h11_su03,Gas stove,0.0
UserB,h11_su03,Gas National Grid,0.0
UserB,h12_su03,PV sys,0.0
UserB,h12_su03,National Grid EE,0.0
UserB,h12_su03,Storage EE,3.223197266197783
UserB,h12_su03,Gas Boiler,0.0
UserB,h12_su03,HP,0.0
UserB,h12_su03,AC,0.0
UserB,h12_su03,Storage HW,0.0
UserB,h12_su03,Radiators,0.0
UserB,h12_su03,Floor heating,0.0
UserB,h12_su03,Induction stove,0.0
UserB,h12_su03,Gas stove,0.0
UserB,h12_su03,Gas National Grid,0.0
UserB,h13_su03,PV sys,0.0
UserB,h13_su03,National Grid EE,0.0
UserB,h13_su03,Storage EE,5.7
UserB,h13_su03,Gas Boiler,0.0
UserB,h13_su03,HP,0.0
UserB,h13_su03,AC,0.0
UserB,h13_su03,Storage HW,0.0
UserB,h13_su03,Radiators,0.0
UserB,h13_su03,Floor heating,0.0
UserB,h13_su03,Induction stove,0.0
UserB,h13_su03,Gas stove,0.0
UserB,h13_su03,Gas National Grid,0.0
UserB,h14_su03,PV sys,0.0
UserB,h14_su03,National Grid EE,0.0
UserB,h14_su03,Storage EE,3.118179177471954
UserB,h14_su03,Gas Boiler,0.0
UserB,h14_su03,HP,0.0
UserB,h14_su03,AC,0.0
UserB,h14_su03,Storage HW,0.0
UserB,h14_su03,Radiators,0.0
UserB,h14_su03,Floor heating,0.0
UserB,h14_su03,Induction stove,0.0
UserB,h14_su03,Gas stove,0.0
UserB,h14_su03,Gas National Grid,0.0
UserB,h15_su03,PV sys,0.0
UserB,h15_su03,National Grid EE,0.0
UserB,h15_su03,Storage EE,5.496793211954429
UserB,h15_su03,Gas Boiler,0.0
UserB,h15_su03,HP,0.0
UserB,h15_su03,AC,0.0
UserB,h15_su03,Storage HW,0.0
UserB,h15_su03,Radiators,0.0
UserB,h15_su03,Floor heating,0.0
UserB,h15_su03,Induction stove,0.0
UserB,h15_su03,Gas stove,0.0
UserB,h15_su03,Gas National Grid,0.0
UserB,h16_su03,PV sys,0.0
UserB,h16_su03,National Grid EE,0.0
UserB,h16_su03,Storage EE,5.699999803331303
UserB,h16_su03,Gas Boiler,0.0
UserB,h16_su03,HP,0.0
UserB,h16_su03,AC,0.0
UserB,h16_su03,Storage HW,0.0
UserB,h16_su03,Radiators,0.0
UserB,h16_su03,Floor heating,0.0
UserB,h16_su03,Induction stove,0.0
UserB,h16_su03,Gas stove,0.0
UserB,h16_su03,Gas National Grid,0.0
UserB,h17_su03,PV sys,0.0
UserB,h17_su03,National Grid EE,0.0
UserB,h17_su03,Storage EE,5.636010725281557
UserB,h17_su03,Gas Boiler,0.0
UserB,h17_su03,HP,0.0
UserB,h17_su03,AC,0.0
UserB,h17_su03,Storage HW,0.0
UserB,h17_su03,Radiators,0.0
UserB,h17_su03,Floor heating,0.0
UserB,h17_su03,Induction stove,0.0
UserB,h17_su03,Gas stove,0.0
UserB,h17_su03,Gas National Grid,0.0
UserB,h18_su03,PV sys,0.0
UserB,h18_su03,National Grid EE,0.0
UserB,h18_su03,Storage EE,5.7
UserB,h18_su03,Gas Boiler,0.0
UserB,h18_su03,HP,0.0
UserB,h18_su03,AC,0.0
UserB,h18_su03,Storage HW,0.0
UserB,h18_su03,Radiators,0.0
UserB,h18_su03,Floor heating,0.0
UserB,h18_su03,Induction stove,0.0
UserB,h18_su03,Gas stove,0.0
UserB,h18_su03,Gas National Grid,0.0
UserB,h19_su03,PV sys,0.0
UserB,h19_su03,National Grid EE,0.0
UserB,h19_su03,Storage EE,5.309139505756288
UserB,h19_su03,Gas Boiler,0.0
UserB,h19_su03,HP,0.0
UserB,h19_su03,AC,0.0
UserB,h19_su03,Storage HW,0.0
UserB,h19_su03,Radiators,0.0
UserB,h19_su03,Floor heating,0.0
UserB,h19_su03,Induction stove,0.0
UserB,h19_su03,Gas stove,0.0
UserB,h19_su03,Gas National Grid,0.0
UserB,h20_su03,PV sys,0.0
UserB,h20_su03,National Grid EE,0.0
UserB,h20_su03,Storage EE,5.3091395057562885
UserB,h20_su03,Gas Boiler,0.0
UserB,h20_su03,HP,0.0
UserB,h20_su03,AC,0.0
UserB,h20_su03,Storage HW,0.0
UserB,h20_su03,Radiators,0.0
UserB,h20_su03,Floor heating,0.0
UserB,h20_su03,Induction stove,0.0
UserB,h20_su03,Gas stove,0.0
UserB,h20_su03,Gas National Grid,0.0
UserB,h21_su03,PV sys,0.0
UserB,h21_su03,National Grid EE,0.0
UserB,h21_su03,Storage EE,4.62515832107615
UserB,h21_su03,Gas Boiler,0.0
UserB,h21_su03,HP,0.0
UserB,h21_su03,AC,0.0
UserB,h21_su03,Storage HW,0.0
UserB,h21_su03,Radiators,0.0
UserB,h21_su03,Floor heating,0.0
UserB,h21_su03,Induction stove,0.0
UserB,h21_su03,Gas stove,0.0
UserB,h21_su03,Gas National Grid,0.0
UserB,h22_su03,PV sys,0.0
UserB,h22_su03,National Grid EE,0.0
UserB,h22_su03,Storage EE,4.049248773684086
UserB,h22_su03,Gas Boiler,0.0
UserB,h22_su03,HP,0.0
UserB,h22_su03,AC,0.0
UserB,h22_su03,Storage HW,0.0
UserB,h22_su03,Radiators,0.0
UserB,h22_su03,Floor heating,0.0
UserB,h22_su03,Induction stove,0.0
UserB,h22_su03,Gas stove,0.0
UserB,h22_su03,Gas National Grid,0.0
UserB,h23_su03,PV sys,0.0
UserB,h23_su03,National Grid EE,0.0
UserB,h23_su03,Storage EE,3.29980936952555
UserB,h23_su03,Gas Boiler,0.0
UserB,h23_su03,HP,0.0
UserB,h23_su03,AC,0.0
UserB,h23_su03,Storage HW,0.0
UserB,h23_su03,Radiators,0.0
UserB,h23_su03,Floor heating,0.0
UserB,h23_su03,Induction stove,0.0
UserB,h23_su03,Gas stove,0.0
UserB,h23_su03,Gas National Grid,0.0
UserB,h24_su03,PV sys,0.0
UserB,h24_su03,National Grid EE,0.0
UserB,h24_su03,Storage EE,0.6
UserB,h24_su03,Gas Boiler,0.0
UserB,h24_su03,HP,0.0
UserB,h24_su03,AC,0.0
UserB,h24_su03,Storage HW,0.0
UserB,h24_su03,Radiators,0.0
UserB,h24_su03,Floor heating,0.0
UserB,h24_su03,Induction stove,0.0
UserB,h24_su03,Gas stove,0.0
UserB,h24_su03,Gas National Grid,0.0
UserB,h01_su04,PV sys,0.0
UserB,h01_su04,National Grid EE,0.0
UserB,h01_su04,Storage EE,0.6
UserB,h01_su04,Gas Boiler,0.0
UserB,h01_su04,HP,0.0
UserB,h01_su04,AC,0.0
UserB,h01_su04,Storage HW,0.0
UserB,h01_su04,Radiators,0.0
UserB,h01_su04,Floor heating,0.0
UserB,h01_su04,Induction stove,0.0
UserB,h01_su04,Gas stove,0.0
UserB,h01_su04,Gas National Grid,0.0
UserB,h02_su04,PV sys,0.0
UserB,h02_su04,National Grid EE,0.0
UserB,h02_su04,Storage EE,0.6
UserB,h02_su04,Gas Boiler,0.0
UserB,h02_su04,HP,0.0
UserB,h02_su04,AC,0.0
UserB,h02_su04,Storage HW,0.0
UserB,h02_su04,Radiators,0.0
UserB,h02_su04,Floor heating,0.0
UserB,h02_su04,Induction stove,0.0
UserB,h02_su04,Gas stove,0.0
UserB,h02_su04,Gas National Grid,0.0
UserB,h03_su04,PV sys,0.0
UserB,h03_su04,National Grid EE,0.0
UserB,h03_su04,Storage EE,0.6
UserB,h03_su04,Gas Boiler,0.0
UserB,h03_su04,HP,0.0
UserB,h03_su04,AC,0.0
UserB,h03_su04,Storage HW,0.0
UserB,h03_su04,Radiators,0.0
UserB,h03_su04,Floor heating,0.0
UserB,h03_su04,Induction stove,0.0
UserB,h03_su04,Gas stove,0.0
UserB,h03_su04,Gas National Grid,0.0
UserB,h04_su04,PV sys,0.0
UserB,h04_su04,National Grid EE,0.0
UserB,h04_su04,Storage EE,0.6
UserB,h04_su04,Gas Boiler,0.0
UserB,h04_su04,HP,0.0
UserB,h04_su04,AC,0.0
UserB,h04_su04,Storage HW,0.0
UserB,h04_su04,Radiators,0.0
UserB,h04_su04,Floor heating,0.0
UserB,h04_su04,Induction stove,0.0
UserB,h04_su04,Gas stove,0.0
UserB,h04_su04,Gas National Grid,0.0
UserB,h05_su04,PV sys,0.0
UserB,h05_su04,National Grid EE,0.0
UserB,h05_su04,Storage EE,0.6
UserB,h05_su04,Gas Boiler,0.0
UserB,h05_su04,HP,0.0
UserB,h05_su04,AC,0.0
UserB,h05_su04,Storage HW,0.0
UserB,h05_su04,Radiators,0.0
UserB,h05_su04,Floor heating,0.0
UserB,h05_su04,Induction stove,0.0
UserB,h05_su04,Gas stove,0.0
UserB,h05_su04,Gas National Grid,0.0
UserB,h06_su04,PV sys,0.0
UserB,h06_su04,National Grid EE,0.0
UserB,h06_su04,Storage EE,0.6690500000000005
UserB,h06_su04,Gas Boiler,0.0
UserB,h06_su04,HP,0.0
UserB,h06_su04,AC,0.0
UserB,h06_su04,Storage HW,0.0
UserB,h06_su04,Radiators,0.0
UserB,h06_su04,Floor heating,0.0
UserB,h06_su04,Induction stove,0.0
UserB,h06_su04,Gas stove,0.0
UserB,h06_su04,Gas National Grid,0.0
UserB,h07_su04,PV sys,0.0
UserB,h07_su04,National Grid EE,0.0
UserB,h07_su04,Storage EE,0.6
UserB,h07_su04,Gas Boiler,0.0
UserB,h07_su04,HP,0.0
UserB,h07_su04,AC,0.0
UserB,h07_su04,Storage HW,0.0
UserB,h07_su04,Radiators,0.0
UserB,h07_su04,Floor heating,0.0
UserB,h07_su04,Induction stove,0.0
UserB,h07_su04,Gas stove,0.0
UserB,h07_su04,Gas National Grid,0.0
UserB,h08_su04,PV sys,0.0
UserB,h08_su04,National Grid EE,0.0
UserB,h08_su04,Storage EE,0.6
UserB,h08_su04,Gas Boiler,0.0
UserB,h08_su04,HP,0.0
UserB,h08_su04,AC,0.0
UserB,h08_su04,Storage HW,0.0
UserB,h08_su04,Radiators,0.0
UserB,h08_su04,Floor heating,0.0
UserB,h08_su04,Induction stove,0.0
UserB,h08_su04,Gas stove,0.0
UserB,h08_su04,Gas National Grid,0.0
UserB,h09_su04,PV sys,0.0
UserB,h09_su04,National Grid EE,0.0
UserB,h09_su04,Storage EE,0.6
UserB,h09_su04,Gas Boiler,0.0
UserB,h09_su04,HP,0.0
UserB,h09_su04,AC,0.0
UserB,h09_su04,Storage HW,0.0
UserB,h09_su04,Radiators,0.0
UserB,h09_su04,Floor heating,0.0
UserB,h09_su04,Induction stove,0.0
UserB,h09_su04,Gas stove,0.0
UserB,h09_su04,Gas National Grid,0.0
UserB,h10_su04,PV sys,0.0
UserB,h10_su04,National Grid EE,0.0
UserB,h10_su04,Storage EE,2.8693193561842656
UserB,h10_su04,Gas Boiler,0.0
UserB,h10_su04,HP,0.0
UserB,h10_su04,AC,0.0
UserB,h10_su04,Storage HW,0.0
UserB,h10_su04,Radiators,0.0
UserB,h10_su04,Floor heating,0.0
UserB,h10_su04,Induction stove,0.0
UserB,h10_su04,Gas stove,0.0
UserB,h10_su04,Gas National Grid,0.0
UserB,h11_su04,PV sys,0.0
UserB,h11_su04,National Grid EE,0.0
UserB,h11_su04,Storage EE,5.622800839557652
UserB,h11_su04,Gas Boiler,0.0
UserB,h11_su04,HP,0.0
UserB,h11_su04,AC,0.0
UserB,h11_su04,Storage HW,0.0
UserB,h11_su04,Radiators,0.0
UserB,h11_su04,Floor heating,0.0
UserB,h11_su04,Induction stove,0.0
UserB,h11_su04,Gas stove,0.0
UserB,h11_su04,Gas National Grid,0.0
UserB,h12_su04,PV sys,0.0
UserB,h12_su04,National Grid EE,0.0
UserB,h12_su04,Storage EE,5.573569025886895
UserB,h12_su04,Gas Boiler,0.0
UserB,h12_su04,HP,0.0
UserB,h12_su04,AC,0.0
UserB,h12_su04,Storage HW,0.0
UserB,h12_su04,Radiators,0.0
UserB,h12_su04,Floor heating,0.0
UserB,h12_su04,Induction stove,0.0
UserB,h12_su04,Gas stove,0.0
UserB,h12_su04,Gas National Grid,0.0
UserB,h13_su04,PV sys,0.0
UserB,h13_su04,National Grid EE,0.0
UserB,h13_su04,Storage EE,5.348085197904492
UserB,h13_su04,Gas Boiler,0.0
UserB,h13_su04,HP,0.0
UserB,h13_su04,AC,0.0
UserB,h13_su04,Storage HW,0.0
UserB,h13_su04,Radiators,0.0
UserB,h13_su04,Floor heating,0.0
UserB,h13_su04,Induction stove,0.0
UserB,h13_su04,Gas stove,0.0
UserB,h13_su04,Gas National Grid,0.0
UserB,h14_su04,PV sys,0.0
UserB,h14_su04,National Grid EE,0.0
UserB,h14_su04,Storage EE,5.7
UserB,h14_su04,Gas Boiler,0.0
UserB,h14_su04,HP,0.0
UserB,h14_su04,AC,0.0
UserB,h14_su04,Storage HW,0.0
UserB,h14_su04,Radiators,0.0
UserB,h14_su04,Floor heating,0.0
UserB,h14_su04,Induction stove,0.0
UserB,h14_su04,Gas stove,0.0
UserB,h14_su04,Gas National Grid,0.0
UserB,h15_su04,PV sys,0.0
UserB,h15_su04,National Grid EE,0.0
UserB,h15_su04,Storage EE,5.293411730326488
UserB,h15_su04,Gas Boiler,0.0
UserB,h15_su04,HP,0.0
UserB,h15_su04,AC,0.0
UserB,h15_su04,Storage HW,0.0
UserB,h15_su04,Radiators,0.0
UserB,h15_su04,Floor heating,0.0
UserB,h15_su04,Induction stove,0.0
UserB,h15_su04,Gas stove,0.0
UserB,h15_su04,Gas National Grid,0.0
UserB,h16_su04,PV sys,0.0
UserB,h16_su04,National Grid EE,0.0
UserB,h16_su04,Storage EE,5.7
UserB,h16_su04,Gas Boiler,0.0
UserB,h16_su04,HP,0.0
UserB,h16_su04,AC,0.0
UserB,h16_su04,Storage HW,0.0
UserB,h16_su04,Radiators,0.0
UserB,h16_su04,Floor heating,0.0
UserB,h16_su04,Induction stove,0.0
UserB,h16_su04,Gas stove,0.0
UserB,h16_su04,Gas National Grid,0.0
UserB,h17_su04,PV sys,0.0
UserB,h17_su04,National Grid EE,0.0
UserB,h17_su04,Storage EE,5.649413292218752
UserB,h17_su04,Gas Boiler,0.0
UserB,h17_su04,HP,0.0
UserB,h17_su04,AC,0.0
UserB,h17_su04,Storage HW,0.0
UserB,h17_su04,Radiators,0.0
UserB,h17_su04,Floor heating,0.0
UserB,h17_su04,Induction stove,0.0
UserB,h17_su04,Gas stove,0.0
UserB,h17_su04,Gas National Grid,0.0
UserB,h18_su04,PV sys,0.0
UserB,h18_su04,National Grid EE,0.0
UserB,h18_su04,Storage EE,5.4391772310919935
UserB,h18_su04,Gas Boiler,0.0
UserB,h18_su04,HP,0.0
UserB,h18_su04,AC,0.0
UserB,h18_su04,Storage HW,0.0
UserB,h18_su04,Radiators,0.0
UserB,h18_su04,Floor heating,0.0
UserB,h18_su04,Induction stove,0.0
UserB,h18_su04,Gas stove,0.0
UserB,h18_su04,Gas National Grid,0.0
UserB,h19_su04,PV sys,0.0
UserB,h19_su04,National Grid EE,0.0
UserB,h19_su04,Storage EE,5.063552760348465
UserB,h19_su04,Gas Boiler,0.0
UserB,h19_su04,HP,0.0
UserB,h19_su04,AC,0.0
UserB,h19_su04,Storage HW,0.0
UserB,h19_su04,Radiators,0.0
UserB,h19_su04,Floor heating,0.0
UserB,h19_su04,Induction stove,0.0
UserB,h19_su04,Gas stove,0.0
UserB,h19_su04,Gas National Grid,0.0
UserB,h20_su04,PV sys,0.0
UserB,h20_su04,National Grid EE,0.0
UserB,h20_su04,Storage EE,3.8564977334273793
UserB,h20_su04,Gas Boiler,0.0
UserB,h20_su04,HP,0.0
UserB,h20_su04,AC,0.0
UserB,h20_su04,Storage HW,0.0
UserB,h20_su04,Radiators,0.0
UserB,h20_su04,Floor heating,0.0
UserB,h20_su04,Induction stove,0.0
UserB,h20_su04,Gas stove,0.0
UserB,h20_su04,Gas National Grid,0.0
UserB,h21_su04,PV sys,0.0
UserB,h21_su04,National Grid EE,0.0
UserB,h21_su04,Storage EE,3.8564977334370427
UserB,h21_su04,Gas Boiler,0.0
UserB,h21_su04,HP,0.0
UserB,h21_su04,AC,0.0
UserB,h21_su04,Storage HW,0.0
UserB,h21_su04,Radiators,0.0
UserB,h21_su04,Floor heating,0.0
UserB,h21_su04,Induction stove,0.0
UserB,h21_su04,Gas stove,0.0
UserB,h21_su04,Gas National Grid,0.0
UserB,h22_su04,PV sys,0.0
UserB,h22_su04,National Grid EE,0.0
UserB,h22_su04,Storage EE,3.8564977334260098
UserB,h22_su04,Gas Boiler,0.0
UserB,h22_su04,HP,0.0
UserB,h22_su04,AC,0.0
UserB,h22_su04,Storage HW,0.0
UserB,h22_su04,Radiators,0.0
UserB,h22_su04,Floor heating,0.0
UserB,h22_su04,Induction stove,0.0
UserB,h22_su04,Gas stove,0.0
UserB,h22_su04,Gas National Grid,0.0
UserB,h23_su04,PV sys,0.0
UserB,h23_su04,National Grid EE,0.0
UserB,h23_su04,Storage EE,2.5030005728029967
UserB,h23_su04,Gas Boiler,0.0
UserB,h23_su04,HP,0.0
UserB,h23_su04,AC,0.0
UserB,h23_su04,Storage HW,0.0
UserB,h23_su04,Radiators,0.0
UserB,h23_su04,Floor heating,0.0
UserB,h23_su04,Induction stove,0.0
UserB,h23_su04,Gas stove,0.0
UserB,h23_su04,Gas National Grid,0.0
UserB,h24_su04,PV sys,0.0
UserB,h24_su04,National Grid EE,0.0
UserB,h24_su04,Storage EE,2.503000572802446
UserB,h24_su04,Gas Boiler,0.0
UserB,h24_su04,HP,0.0
UserB,h24_su04,AC,0.0
UserB,h24_su04,Storage HW,0.0
UserB,h24_su04,Radiators,0.0
UserB,h24_su04,Floor heating,0.0
UserB,h24_su04,Induction stove,0.0
UserB,h24_su04,Gas stove,0.0
UserB,h24_su04,Gas National Grid,0.0
UserB,h01_su05,PV sys,0.0
UserB,h01_su05,National Grid EE,0.0
UserB,h01_su05,Storage EE,2.2281773612022437
UserB,h01_su05,Gas Boiler,0.0
UserB,h01_su05,HP,0.0
UserB,h01_su05,AC,0.0
UserB,h01_su05,Storage HW,0.0
UserB,h01_su05,Radiators,0.0
UserB,h01_su05,Floor heating,0.0
UserB,h01_su05,Induction stove,0.0
UserB,h01_su05,Gas stove,0.0
UserB,h01_su05,Gas National Grid,0.0
UserB,h02_su05,PV sys,0.0
UserB,h02_su05,National Grid EE,0.0
UserB,h02_su05,Storage EE,2.084433514678542
UserB,h02_su05,Gas Boiler,0.0
UserB,h02_su05,HP,0.0
UserB,h02_su05,AC,0.0
UserB,h02_su05,Storage HW,0.0
UserB,h02_su05,Radiators,0.0
UserB,h02_su05,Floor heating,0.0
UserB,h02_su05,Induction stove,0.0
UserB,h02_su05,Gas stove,0.0
UserB,h02_su05,Gas National Grid,0.0
UserB,h03_su05,PV sys,0.0
UserB,h03_su05,National Grid EE,0.0
UserB,h03_su05,Storage EE,1.8510390093692155
UserB,h03_su05,Gas Boiler,0.0
UserB,h03_su05,HP,0.0
UserB,h03_su05,AC,0.0
UserB,h03_su05,Storage HW,0.0
UserB,h03_su05,Radiators,0.0
UserB,h03_su05,Floor heating,0.0
UserB,h03_su05,Induction stove,0.0
UserB,h03_su05,Gas stove,0.0
UserB,h03_su05,Gas National Grid,0.0
UserB,h04_su05,PV sys,0.0
UserB,h04_su05,National Grid EE,0.0
UserB,h04_su05,Storage EE,1.6884358380074838
UserB,h04_su05,Gas Boiler,0.0
UserB,h04_su05,HP,0.0
UserB,h04_su05,AC,0.0
UserB,h04_su05,Storage HW,0.0
UserB,h04_su05,Radiators,0.0
UserB,h04_su05,Floor heating,0.0
UserB,h04_su05,Induction stove,0.0
UserB,h04_su05,Gas stove,0.0
UserB,h04_su05,Gas National Grid,0.0
UserB,h05_su05,PV sys,0.0
UserB,h05_su05,National Grid EE,0.0
UserB,h05_su05,Storage EE,1.4902183727427414
UserB,h05_su05,Gas Boiler,0.0
UserB,h05_su05,HP,0.0
UserB,h05_su05,AC,0.0
UserB,h05_su05,Storage HW,0.0
UserB,h05_su05,Radiators,0.0
UserB,h05_su05,Floor heating,0.0
UserB,h05_su05,Induction stove,0.0
UserB,h05_su05,Gas stove,0.0
UserB,h05_su05,Gas National Grid,0.0
UserB,h06_su05,PV sys,0.0
UserB,h06_su05,National Grid EE,0.0
UserB,h06_su05,Storage EE,1.28772350845882
UserB,h06_su05,Gas Boiler,0.0
UserB,h06_su05,HP,0.0
UserB,h06_su05,AC,0.0
UserB,h06_su05,Storage HW,0.0
UserB,h06_su05,Radiators,0.0
UserB,h06_su05,Floor heating,0.0
UserB,h06_su05,Induction stove,0.0
UserB,h06_su05,Gas stove,0.0
UserB,h06_su05,Gas National Grid,0.0
UserB,h07_su05,PV sys,0.0
UserB,h07_su05,National Grid EE,0.0
UserB,h07_su05,Storage EE,1.3195939068064229
UserB,h07_su05,Gas Boiler,0.0
UserB,h07_su05,HP,0.0
UserB,h07_su05,AC,0.0
UserB,h07_su05,Storage HW,0.0
UserB,h07_su05,Radiators,0.0
UserB,h07_su05,Floor heating,0.0
UserB,h07_su05,Induction stove,0.0
UserB,h07_su05,Gas stove,0.0
UserB,h07_su05,Gas National Grid,0.0
UserB,h08_su05,PV sys,0.0
UserB,h08_su05,National Grid EE,0.0
UserB,h08_su05,Storage EE,0.6717102057712252
UserB,h08_su05,Gas Boiler,0.0
UserB,h08_su05,HP,0.0
UserB,h08_su05,AC,0.0
UserB,h08_su05,Storage HW,0.0
UserB,h08_su05,Radiators,0.0
UserB,h08_su05,Floor heating,0.0
UserB,h08_su05,Induction stove,0.0
UserB,h08_su05,Gas stove,0.0
UserB,h08_su05,Gas National Grid,0.0
UserB,h09_su05,PV sys,0.0
UserB,h09_su05,National Grid EE,0.0
UserB,h09_su05,Storage EE,0.6
UserB,h09_su05,Gas Boiler,0.0
UserB,h09_su05,HP,0.0
UserB,h09_su05,AC,0.0
UserB,h09_su05,Storage HW,0.0
UserB,h09_su05,Radiators,0.0
UserB,h09_su05,Floor heating,0.0
UserB,h09_su05,Induction stove,0.0
UserB,h09_su05,Gas stove,0.0
UserB,h09_su05,Gas National Grid,0.0
UserB,h10_su05,PV sys,0.0
UserB,h10_su05,National Grid EE,0.0
UserB,h10_su05,Storage EE,1.5494793119001564
UserB,h10_su05,Gas Boiler,0.0
UserB,h10_su05,HP,0.0
UserB,h10_su05,AC,0.0
UserB,h10_su05,Storage HW,0.0
UserB,h10_su05,Radiators,0.0
UserB,h10_su05,Floor heating,0.0
UserB,h10_su05,Induction stove,0.0
UserB,h10_su05,Gas stove,0.0
UserB,h10_su05,Gas National Grid,0.0
UserB,h11_su05,PV sys,0.0
UserB,h11_su05,National Grid EE,0.0
UserB,h11_su05,Storage EE,2.892030090184301
UserB,h11_su05,Gas Boiler,0.0
UserB,h11_su05,HP,0.0
UserB,h11_su05,AC,0.0
UserB,h11_su05,Storage HW,0.0
UserB,h11_su05,Radiators,0.0
UserB,h11_su05,Floor heating,0.0
UserB,h11_su05,Induction stove,0.0
UserB,h11_su05,Gas stove,0.0
UserB,h11_su05,Gas National Grid,0.0
UserB,h12_su05,PV sys,0.0
UserB,h12_su05,National Grid EE,0.0
UserB,h12_su05,Storage EE,5.110747072775682
UserB,h12_su05,Gas Boiler,0.0
UserB,h12_su05,HP,0.0
UserB,h12_su05,AC,0.0
UserB,h12_su05,Storage HW,0.0
UserB,h12_su05,Radiators,0.0
UserB,h12_su05,Floor heating,0.0
UserB,h12_su05,Induction stove,0.0
UserB,h12_su05,Gas stove,0.0
UserB,h12_su05,Gas National Grid,0.0
UserB,h13_su05,PV sys,0.0
UserB,h13_su05,National Grid EE,0.0
UserB,h13_su05,Storage EE,4.6726389108087005
UserB,h13_su05,Gas Boiler,0.0
UserB,h13_su05,HP,0.0
UserB,h13_su05,AC,0.0
UserB,h13_su05,Storage HW,0.0
UserB,h13_su05,Radiators,0.0
UserB,h13_su05,Floor heating,0.0
UserB,h13_su05,Induction stove,0.0
UserB,h13_su05,Gas stove,0.0
UserB,h13_su05,Gas National Grid,0.0
UserB,h14_su05,PV sys,0.0
UserB,h14_su05,National Grid EE,0.0
UserB,h14_su05,Storage EE,5.7
UserB,h14_su05,Gas Boiler,0.0
UserB,h14_su05,HP,0.0
UserB,h14_su05,AC,0.0
UserB,h14_su05,Storage HW,0.0
UserB,h14_su05,Radiators,0.0
UserB,h14_su05,Floor heating,0.0
UserB,h14_su05,Induction stove,0.0
UserB,h14_su05,Gas stove,0.0
UserB,h14_su05,Gas National Grid,0.0
UserB,h15_su05,PV sys,0.0
UserB,h15_su05,National Grid EE,0.0
UserB,h15_su05,Storage EE,5.7
UserB,h15_su05,Gas Boiler,0.0
UserB,h15_su05,HP,0.0
UserB,h15_su05,AC,0.0
UserB,h15_su05,Storage HW,0.0
UserB,h15_su05,Radiators,0.0
UserB,h15_su05,Floor heating,0.0
UserB,h15_su05,Induction stove,0.0
UserB,h15_su05,Gas stove,0.0
UserB,h15_su05,Gas National Grid,0.0
UserB,h16_su05,PV sys,0.0
UserB,h16_su05,National Grid EE,0.0
UserB,h16_su05,Storage EE,5.7
UserB,h16_su05,Gas Boiler,0.0
UserB,h16_su05,HP,0.0
UserB,h16_su05,AC,0.0
UserB,h16_su05,Storage HW,0.0
UserB,h16_su05,Radiators,0.0
UserB,h16_su05,Floor heating,0.0
UserB,h16_su05,Induction stove,0.0
UserB,h16_su05,Gas stove,0.0
UserB,h16_su05,Gas National Grid,0.0
UserB,h17_su05,PV sys,0.0
UserB,h17_su05,National Grid EE,0.0
UserB,h17_su05,Storage EE,5.669894550045767
UserB,h17_su05,Gas Boiler,0.0
UserB,h17_su05,HP,0.0
UserB,h17_su05,AC,0.0
UserB,h17_su05,Storage HW,0.0
UserB,h17_su05,Radiators,0.0
UserB,h17_su05,Floor heating,0.0
UserB,h17_su05,Induction stove,0.0
UserB,h17_su05,Gas stove,0.0
UserB,h17_su05,Gas National Grid,0.0
UserB,h18_su05,PV sys,0.0
UserB,h18_su05,National Grid EE,0.0
UserB,h18_su05,Storage EE,5.7
UserB,h18_su05,Gas Boiler,0.0
UserB,h18_su05,HP,0.0
UserB,h18_su05,AC,0.0
UserB,h18_su05,Storage HW,0.0
UserB,h18_su05,Radiators,0.0
UserB,h18_su05,Floor heating,0.0
UserB,h18_su05,Induction stove,0.0
UserB,h18_su05,Gas stove,0.0
UserB,h18_su05,Gas National Grid,0.0
UserB,h19_su05,PV sys,0.0
UserB,h19_su05,National Grid EE,0.0
UserB,h19_su05,Storage EE,5.7
UserB,h19_su05,Gas Boiler,0.0
UserB,h19_su05,HP,0.0
UserB,h19_su05,AC,0.0
UserB,h19_su05,Storage HW,0.0
UserB,h19_su05,Radiators,0.0
UserB,h19_su05,Floor heating,0.0
UserB,h19_su05,Induction stove,0.0
UserB,h19_su05,Gas stove,0.0
UserB,h19_su05,Gas National Grid,0.0
UserB,h20_su05,PV sys,0.0
UserB,h20_su05,National Grid EE,0.0
UserB,h20_su05,Storage EE,5.7
UserB,h20_su05,Gas Boiler,0.0
UserB,h20_su05,HP,0.0
UserB,h20_su05,AC,0.0
UserB,h20_su05,Storage HW,0.0
UserB,h20_su05,Radiators,0.0
UserB,h20_su05,Floor heating,0.0
UserB,h20_su05,Induction stove,0.0
UserB,h20_su05,Gas stove,0.0
UserB,h20_su05,Gas National Grid,0.0
UserB,h21_su05,PV sys,0.0
UserB,h21_su05,National Grid EE,0.0
UserB,h21_su05,Storage EE,5.7
UserB,h21_su05,Gas Boiler,0.0
UserB,h21_su05,HP,0.0
UserB,h21_su05,AC,0.0
UserB,h21_su05,Storage HW,0.0
UserB,h21_su05,Radiators,0.0
UserB,h21_su05,Floor heating,0.0
UserB,h21_su05,Induction stove,0.0
UserB,h21_su05,Gas stove,0.0
UserB,h21_su05,Gas National Grid,0.0
UserB,h22_su05,PV sys,0.0
UserB,h22_su05,National Grid EE,0.0
UserB,h22_su05,Storage EE,5.7
UserB,h22_su05,Gas Boiler,0.0
UserB,h22_su05,HP,0.0
UserB,h22_su05,AC,0.0
UserB,h22_su05,Storage HW,0.0
UserB,h22_su05,Radiators,0.0
UserB,h22_su05,Floor heating,0.0
UserB,h22_su05,Induction stove,0.0
UserB,h22_su05,Gas stove,0.0
UserB,h22_su05,Gas National Grid,0.0
UserB,h23_su05,PV sys,0.0
UserB,h23_su05,National Grid EE,0.0
UserB,h23_su05,Storage EE,5.7
UserB,h23_su05,Gas Boiler,0.0
UserB,h23_su05,HP,0.0
UserB,h23_su05,AC,0.0
UserB,h23_su05,Storage HW,0.0
UserB,h23_su05,Radiators,0.0
UserB,h23_su05,Floor heating,0.0
UserB,h23_su05,Induction stove,0.0
UserB,h23_su05,Gas stove,0.0
UserB,h23_su05,Gas National Grid,0.0
UserB,h24_su05,PV sys,0.0
UserB,h24_su05,National Grid EE,0.0
UserB,h24_su05,Storage EE,5.7
UserB,h24_su05,Gas Boiler,0.0
UserB,h24_su05,HP,0.0
UserB,h24_su05,AC,0.0
UserB,h24_su05,Storage HW,0.0
UserB,h24_su05,Radiators,0.0
UserB,h24_su05,Floor heating,0.0
UserB,h24_su05,Induction stove,0.0
UserB,h24_su05,Gas stove,0.0
UserB,h24_su05,Gas National Grid,0.0
UserB,h01_su06,PV sys,0.0
UserB,h01_su06,National Grid EE,0.0
UserB,h01_su06,Storage EE,5.491376946640127
UserB,h01_su06,Gas Boiler,0.0
UserB,h01_su06,HP,0.0
UserB,h01_su06,AC,0.0
UserB,h01_su06,Storage HW,0.0
UserB,h01_su06,Radiators,0.0
UserB,h01_su06,Floor heating,0.0
UserB,h01_su06,Induction stove,0.0
UserB,h01_su06,Gas stove,0.0
UserB,h01_su06,Gas National Grid,0.0
UserB,h02_su06,PV sys,0.0
UserB,h02_su06,National Grid EE,0.0
UserB,h02_su06,Storage EE,5.319032140985654
UserB,h02_su06,Gas Boiler,0.0
UserB,h02_su06,HP,0.0
UserB,h02_su06,AC,0.0
UserB,h02_su06,Storage HW,0.0
UserB,h02_su06,Radiators,0.0
UserB,h02_su06,Floor heating,0.0
UserB,h02_su06,Induction stove,0.0
UserB,h02_su06,Gas stove,0.0
UserB,h02_su06,Gas National Grid,0.0
UserB,h03_su06,PV sys,0.0
UserB,h03_su06,National Grid EE,0.0
UserB,h03_su06,Storage EE,5.130638006123259
UserB,h03_su06,Gas Boiler,0.0
UserB,h03_su06,HP,0.0
UserB,h03_su06,AC,0.0
UserB,h03_su06,Storage HW,0.0
UserB,h03_su06,Radiators,0.0
UserB,h03_su06,Floor heating,0.0
UserB,h03_su06,Induction stove,0.0
UserB,h03_su06,Gas stove,0.0
UserB,h03_su06,Gas National Grid,0.0
UserB,h04_su06,PV sys,0.0
UserB,h04_su06,National Grid EE,0.0
UserB,h04_su06,Storage EE,4.992924133483242
UserB,h04_su06,Gas Boiler,0.0
UserB,h04_su06,HP,0.0
UserB,h04_su06,AC,0.0
UserB,h04_su06,Storage HW,0.0
UserB,h04_su06,Radiators,0.0
UserB,h04_su06,Floor heating,0.0
UserB,h04_su06,Induction stove,0.0
UserB,h04_su06,Gas stove,0.0
UserB,h04_su06,Gas National Grid,0.0
UserB,h05_su06,PV sys,0.0
UserB,h05_su06,National Grid EE,0.0
UserB,h05_su06,Storage EE,4.884074160283386
UserB,h05_su06,Gas Boiler,0.0
UserB,h05_su06,HP,0.0
UserB,h05_su06,AC,0.0
UserB,h05_su06,Storage HW,0.0
UserB,h05_su06,Radiators,0.0
UserB,h05_su06,Floor heating,0.0
UserB,h05_su06,Induction stove,0.0
UserB,h05_su06,Gas stove,0.0
UserB,h05_su06,Gas National Grid,0.0
UserB,h06_su06,PV sys,0.0
UserB,h06_su06,National Grid EE,0.0
UserB,h06_su06,Storage EE,4.887302367385375
UserB,h06_su06,Gas Boiler,0.0
UserB,h06_su06,HP,0.0
UserB,h06_su06,AC,0.0
UserB,h06_su06,Storage HW,0.0
UserB,h06_su06,Radiators,0.0
UserB,h06_su06,Floor heating,0.0
UserB,h06_su06,Induction stove,0.0
UserB,h06_su06,Gas stove,0.0
UserB,h06_su06,Gas National Grid,0.0
UserB,h07_su06,PV sys,0.0
UserB,h07_su06,National Grid EE,0.0
UserB,h07_su06,Storage EE,4.957822661072286
UserB,h07_su06,Gas Boiler,0.0
UserB,h07_su06,HP,0.0
UserB,h07_su06,AC,0.0
UserB,h07_su06,Storage HW,0.0
UserB,h07_su06,Radiators,0.0
UserB,h07_su06,Floor heating,0.0
UserB,h07_su06,Induction stove,0.0
UserB,h07_su06,Gas stove,0.0
UserB,h07_su06,Gas National Grid,0.0
UserB,h08_su06,PV sys,0.0
UserB,h08_su06,National Grid EE,0.0
UserB,h08_su06,Storage EE,2.7684136013595535
UserB,h08_su06,Gas Boiler,0.0
UserB,h08_su06,HP,0.0
UserB,h08_su06,AC,0.0
UserB,h08_su06,Storage HW,0.0
UserB,h08_su06,Radiators,0.0
UserB,h08_su06,Floor heating,0.0
UserB,h08_su06,Induction stove,0.0
UserB,h08_su06,Gas stove,0.0
UserB,h08_su06,Gas National Grid,0.0
UserB,h09_su06,PV sys,0.0
UserB,h09_su06,National Grid EE,0.0
UserB,h09_su06,Storage EE,4.430437549186236
UserB,h09_su06,Gas Boiler,0.0
UserB,h09_su06,HP,0.0
UserB,h09_su06,AC,0.0
UserB,h09_su06,Storage HW,0.0
UserB,h09_su06,Radiators,0.0
UserB,h09_su06,Floor heating,0.0
UserB,h09_su06,Induction stove,0.0
UserB,h09_su06,Gas stove,0.0
UserB,h09_su06,Gas National Grid,0.0
UserB,h10_su06,PV sys,0.0
UserB,h10_su06,National Grid EE,0.0
UserB,h10_su06,Storage EE,3.8311746492154746
UserB,h10_su06,Gas Boiler,0.0
UserB,h10_su06,HP,0.0
UserB,h10_su06,AC,0.0
UserB,h10_su06,Storage HW,0.0
UserB,h10_su06,Radiators,0.0
UserB,h10_su06,Floor heating,0.0
UserB,h10_su06,Induction stove,0.0
UserB,h10_su06,Gas stove,0.0
UserB,h10_su06,Gas National Grid,0.0
UserB,h11_su06,PV sys,0.0
UserB,h11_su06,National Grid EE,0.0
UserB,h11_su06,Storage EE,3.6623706373637632
UserB,h11_su06,Gas Boiler,0.0
UserB,h11_su06,HP,0.0
UserB,h11_su06,AC,0.0
UserB,h11_su06,Storage HW,0.0
UserB,h11_su06,Radiators,0.0
UserB,h11_su06,Floor heating,0.0
UserB,h11_su06,Induction stove,0.0
UserB,h11_su06,Gas stove,0.0
UserB,h11_su06,Gas National Grid,0.0
UserB,h12_su06,PV sys,0.0
UserB,h12_su06,National Grid EE,0.0
UserB,h12_su06,Storage EE,3.8006192115654454
UserB,h12_su06,Gas Boiler,0.0
UserB,h12_su06,HP,0.0
UserB,h12_su06,AC,0.0
UserB,h12_su06,Storage HW,0.0
UserB,h12_su06,Radiators,0.0
UserB,h12_su06,Floor heating,0.0
UserB,h12_su06,Induction stove,0.0
UserB,h12_su06,Gas stove,0.0
UserB,h12_su06,Gas National Grid,0.0
UserB,h13_su06,PV sys,0.0
UserB,h13_su06,National Grid EE,0.0
UserB,h13_su06,Storage EE,3.8814394953234963
UserB,h13_su06,Gas Boiler,0.0
UserB,h13_su06,HP,0.0
UserB,h13_su06,AC,0.0
UserB,h13_su06,Storage HW,0.0
UserB,h13_su06,Radiators,0.0
UserB,h13_su06,Floor heating,0.0
UserB,h13_su06,Induction stove,0.0
UserB,h13_su06,Gas stove,0.0
UserB,h13_su06,Gas National Grid,0.0
UserB,h14_su06,PV sys,0.0
UserB,h14_su06,National Grid EE,0.0
UserB,h14_su06,Storage EE,3.6803563884946744
UserB,h14_su06,Gas Boiler,0.0
UserB,h14_su06,HP,0.0
UserB,h14_su06,AC,0.0
UserB,h14_su06,Storage HW,0.0
UserB,h14_su06,Radiators,0.0
UserB,h14_su06,Floor heating,0.0
UserB,h14_su06,Induction stove,0.0
UserB,h14_su06,Gas stove,0.0
UserB,h14_su06,Gas National Grid,0.0
UserB,h15_su06,PV sys,0.0
UserB,h15_su06,National Grid EE,0.0
UserB,h15_su06,Storage EE,3.0815217140635345
UserB,h15_su06,Gas Boiler,0.0
UserB,h15_su06,HP,0.0
UserB,h15_su06,AC,0.0
UserB,h15_su06,Storage HW,0.0
UserB,h15_su06,Radiators,0.0
UserB,h15_su06,Floor heating,0.0
UserB,h15_su06,Induction stove,0.0
UserB,h15_su06,Gas stove,0.0
UserB,h15_su06,Gas National Grid,0.0
UserB,h16_su06,PV sys,0.0
UserB,h16_su06,National Grid EE,0.0
UserB,h16_su06,Storage EE,4.858484984015298
UserB,h16_su06,Gas Boiler,0.0
UserB,h16_su06,HP,0.0
UserB,h16_su06,AC,0.0
UserB,h16_su06,Storage HW,0.0
UserB,h16_su06,Radiators,0.0
UserB,h16_su06,Floor heating,0.0
UserB,h16_su06,Induction stove,0.0
UserB,h16_su06,Gas stove,0.0
UserB,h16_su06,Gas National Grid,0.0
UserB,h17_su06,PV sys,0.0
UserB,h17_su06,National Grid EE,0.0
UserB,h17_su06,Storage EE,4.745866673294067
UserB,h17_su06,Gas Boiler,0.0
UserB,h17_su06,HP,0.0
UserB,h17_su06,AC,0.0
UserB,h17_su06,Storage HW,0.0
UserB,h17_su06,Radiators,0.0
UserB,h17_su06,Floor heating,0.0
UserB,h17_su06,Induction stove,0.0
UserB,h17_su06,Gas stove,0.0
UserB,h17_su06,Gas National Grid,0.0
UserB,h18_su06,PV sys,0.0
UserB,h18_su06,National Grid EE,0.0
UserB,h18_su06,Storage EE,4.678328666357173
UserB,h18_su06,Gas Boiler,0.0
UserB,h18_su06,HP,0.0
UserB,h18_su06,AC,0.0
UserB,h18_su06,Storage HW,0.0
UserB,h18_su06,Radiators,0.0
UserB,h18_su06,Floor heating,0.0
UserB,h18_su06,Induction stove,0.0
UserB,h18_su06,Gas stove,0.0
UserB,h18_su06,Gas National Grid,0.0
UserB,h19_su06,PV sys,0.0
UserB,h19_su06,National Grid EE,0.0
UserB,h19_su06,Storage EE,3.972571053072034
UserB,h19_su06,Gas Boiler,0.0
UserB,h19_su06,HP,0.0
UserB,h19_su06,AC,0.0
UserB,h19_su06,Storage HW,0.0
UserB,h19_su06,Radiators,0.0
UserB,h19_su06,Floor heating,0.0
UserB,h19_su06,Induction stove,0.0
UserB,h19_su06,Gas stove,0.0
UserB,h19_su06,Gas National Grid,0.0
UserB,h20_su06,PV sys,0.0
UserB,h20_su06,National Grid EE,0.0
UserB,h20_su06,Storage EE,2.990518429516574
UserB,h20_su06,Gas Boiler,0.0
UserB,h20_su06,HP,0.0
UserB,h20_su06,AC,0.0
UserB,h20_su06,Storage HW,0.0
UserB,h20_su06,Radiators,0.0
UserB,h20_su06,Floor heating,0.0
UserB,h20_su06,Induction stove,0.0
UserB,h20_su06,Gas stove,0.0
UserB,h20_su06,Gas National Grid,0.0
UserB,h21_su06,PV sys,0.0
UserB,h21_su06,National Grid EE,0.0
UserB,h21_su06,Storage EE,2.4050645325148317
UserB,h21_su06,Gas Boiler,0.0
UserB,h21_su06,HP,0.0
UserB,h21_su06,AC,0.0
UserB,h21_su06,Storage HW,0.0
UserB,h21_su06,Radiators,0.0
UserB,h21_su06,Floor heating,0.0
UserB,h21_su06,Induction stove,0.0
UserB,h21_su06,Gas stove,0.0
UserB,h21_su06,Gas National Grid,0.0
UserB,h22_su06,PV sys,0.0
UserB,h22_su06,National Grid EE,0.0
UserB,h22_su06,Storage EE,1.57257411549111
UserB,h22_su06,Gas Boiler,0.0
UserB,h22_su06,HP,0.0
UserB,h22_su06,AC,0.0
UserB,h22_su06,Storage HW,0.0
UserB,h22_su06,Radiators,0.0
UserB,h22_su06,Floor heating,0.0
UserB,h22_su06,Induction stove,0.0
UserB,h22_su06,Gas stove,0.0
UserB,h22_su06,Gas National Grid,0.0
UserB,h23_su06,PV sys,0.0
UserB,h23_su06,National Grid EE,0.0
UserB,h23_su06,Storage EE,1.0665298802854166
UserB,h23_su06,Gas Boiler,0.0
UserB,h23_su06,HP,0.0
UserB,h23_su06,AC,0.0
UserB,h23_su06,Storage HW,0.0
UserB,h23_su06,Radiators,0.0
UserB,h23_su06,Floor heating,0.0
UserB,h23_su06,Induction stove,0.0
UserB,h23_su06,Gas stove,0.0
UserB,h23_su06,Gas National Grid,0.0
UserB,h24_su06,PV sys,0.0
UserB,h24_su06,National Grid EE,0.0
UserB,h24_su06,Storage EE,0.6
UserB,h24_su06,Gas Boiler,0.0
UserB,h24_su06,HP,0.0
UserB,h24_su06,AC,0.0
UserB,h24_su06,Storage HW,0.0
UserB,h24_su06,Radiators,0.0
UserB,h24_su06,Floor heating,0.0
UserB,h24_su06,Induction stove,0.0
UserB,h24_su06,Gas stove,0.0
UserB,h24_su06,Gas National Grid,0.0
UserB,h01_su07,PV sys,0.0
UserB,h01_su07,National Grid EE,0.0
UserB,h01_su07,Storage EE,0.6
UserB,h01_su07,Gas Boiler,0.0
UserB,h01_su07,HP,0.0
UserB,h01_su07,AC,0.0
UserB,h01_su07,Storage HW,0.0
UserB,h01_su07,Radiators,0.0
UserB,h01_su07,Floor heating,0.0
UserB,h01_su07,Induction stove,0.0
UserB,h01_su07,Gas stove,0.0
UserB,h01_su07,Gas National Grid,0.0
UserB,h02_su07,PV sys,0.0
UserB,h02_su07,National Grid EE,0.0
UserB,h02_su07,Storage EE,0.6
UserB,h02_su07,Gas Boiler,0.0
UserB,h02_su07,HP,0.0
UserB,h02_su07,AC,0.0
UserB,h02_su07,Storage HW,0.0
UserB,h02_su07,Radiators,0.0
UserB,h02_su07,Floor heating,0.0
UserB,h02_su07,Induction stove,0.0
UserB,h02_su07,Gas stove,0.0
UserB,h02_su07,Gas National Grid,0.0
UserB,h03_su07,PV sys,0.0
UserB,h03_su07,National Grid EE,0.0
UserB,h03_su07,Storage EE,0.6
UserB,h03_su07,Gas Boiler,0.0
UserB,h03_su07,HP,0.0
UserB,h03_su07,AC,0.0
UserB,h03_su07,Storage HW,0.0
UserB,h03_su07,Radiators,0.0
UserB,h03_su07,Floor heating,0.0
UserB,h03_su07,Induction stove,0.0
UserB,h03_su07,Gas stove,0.0
UserB,h03_su07,Gas National Grid,0.0
UserB,h04_su07,PV sys,0.0
UserB,h04_su07,National Grid EE,0.0
UserB,h04_su07,Storage EE,0.6
UserB,h04_su07,Gas Boiler,0.0
UserB,h04_su07,HP,0.0
UserB,h04_su07,AC,0.0
UserB,h04_su07,Storage HW,0.0
UserB,h04_su07,Radiators,0.0
UserB,h04_su07,Floor heating,0.0
UserB,h04_su07,Induction stove,0.0
UserB,h04_su07,Gas stove,0.0
UserB,h04_su07,Gas National Grid,0.0
UserB,h05_su07,PV sys,0.0
UserB,h05_su07,National Grid EE,0.0
UserB,h05_su07,Storage EE,0.6
UserB,h05_su07,Gas Boiler,0.0
UserB,h05_su07,HP,0.0
UserB,h05_su07,AC,0.0
UserB,h05_su07,Storage HW,0.0
UserB,h05_su07,Radiators,0.0
UserB,h05_su07,Floor heating,0.0
UserB,h05_su07,Induction stove,0.0
UserB,h05_su07,Gas stove,0.0
UserB,h05_su07,Gas National Grid,0.0
UserB,h06_su07,PV sys,0.0
UserB,h06_su07,National Grid EE,0.0
UserB,h06_su07,Storage EE,0.6413249999977179
UserB,h06_su07,Gas Boiler,0.0
UserB,h06_su07,HP,0.0
UserB,h06_su07,AC,0.0
UserB,h06_su07,Storage HW,0.0
UserB,h06_su07,Radiators,0.0
UserB,h06_su07,Floor heating,0.0
UserB,h06_su07,Induction stove,0.0
UserB,h06_su07,Gas stove,0.0
UserB,h06_su07,Gas National Grid,0.0
UserB,h07_su07,PV sys,0.0
UserB,h07_su07,National Grid EE,0.0
UserB,h07_su07,Storage EE,0.9153499999972009
UserB,h07_su07,Gas Boiler,0.0
UserB,h07_su07,HP,0.0
UserB,h07_su07,AC,0.0
UserB,h07_su07,Storage HW,0.0
UserB,h07_su07,Radiators,0.0
UserB,h07_su07,Floor heating,0.0
UserB,h07_su07,Induction stove,0.0
UserB,h07_su07,Gas stove,0.0
UserB,h07_su07,Gas National Grid,0.0
UserB,h08_su07,PV sys,0.0
UserB,h08_su07,National Grid EE,0.0
UserB,h08_su07,Storage EE,0.7205341482197486
UserB,h08_su07,Gas Boiler,0.0
UserB,h08_su07,HP,0.0
UserB,h08_su07,AC,0.0
UserB,h08_su07,Storage HW,0.0
UserB,h08_su07,Radiators,0.0
UserB,h08_su07,Floor heating,0.0
UserB,h08_su07,Induction stove,0.0
UserB,h08_su07,Gas stove,0.0
UserB,h08_su07,Gas National Grid,0.0
UserB,h09_su07,PV sys,0.0
UserB,h09_su07,National Grid EE,0.0
UserB,h09_su07,Storage EE,0.6
UserB,h09_su07,Gas Boiler,0.0
UserB,h09_su07,HP,0.0
UserB,h09_su07,AC,0.0
UserB,h09_su07,Storage HW,0.0
UserB,h09_su07,Radiators,0.0
UserB,h09_su07,Floor heating,0.0
UserB,h09_su07,Induction stove,0.0
UserB,h09_su07,Gas stove,0.0
UserB,h09_su07,Gas National Grid,0.0
UserB,h10_su07,PV sys,0.0
UserB,h10_su07,National Grid EE,0.0
UserB,h10_su07,Storage EE,1.086373990422508
UserB,h10_su07,Gas Boiler,0.0
UserB,h10_su07,HP,0.0
UserB,h10_su07,AC,0.0
UserB,h10_su07,Storage HW,0.0
UserB,h10_su07,Radiators,0.0
UserB,h10_su07,Floor heating,0.0
UserB,h10_su07,Induction stove,0.0
UserB,h10_su07,Gas stove,0.0
UserB,h10_su07,Gas National Grid,0.0
UserB,h11_su07,PV sys,0.0
UserB,h11_su07,National Grid EE,0.0
UserB,h11_su07,Storage EE,2.5313197546651693
UserB,h11_su07,Gas Boiler,0.0
UserB,h11_su07,HP,0.0
UserB,h11_su07,AC,0.0
UserB,h11_su07,Storage HW,0.0
UserB,h11_su07,Radiators,0.0
UserB,h11_su07,Floor heating,0.0
UserB,h11_su07,Induction stove,0.0
UserB,h11_su07,Gas stove,0.0
UserB,h11_su07,Gas National Grid,0.0
UserB,h12_su07,PV sys,0.0
UserB,h12_su07,National Grid EE,0.0
UserB,h12_su07,Storage EE,4.728406504274318
UserB,h12_su07,Gas Boiler,0.0
UserB,h12_su07,HP,0.0
UserB,h12_su07,AC,0.0
UserB,h12_su07,Storage HW,0.0
UserB,h12_su07,Radiators,0.0
UserB,h12_su07,Floor heating,0.0
UserB,h12_su07,Induction stove,0.0
UserB,h12_su07,Gas stove,0.0
UserB,h12_su07,Gas National Grid,0.0
UserB,h13_su07,PV sys,0.0
UserB,h13_su07,National Grid EE,0.0
UserB,h13_su07,Storage EE,5.7
UserB,h13_su07,Gas Boiler,0.0
UserB,h13_su07,HP,0.0
UserB,h13_su07,AC,0.0
UserB,h13_su07,Storage HW,0.0
UserB,h13_su07,Radiators,0.0
UserB,h13_su07,Floor heating,0.0
UserB,h13_su07,Induction stove,0.0
UserB,h13_su07,Gas stove,0.0
UserB,h13_su07,Gas National Grid,0.0
UserB,h14_su07,PV sys,0.0
UserB,h14_su07,National Grid EE,0.0
UserB,h14_su07,Storage EE,5.7
UserB,h14_su07,Gas Boiler,0.0
UserB,h14_su07,HP,0.0
UserB,h14_su07,AC,0.0
UserB,h14_su07,Storage HW,0.0
UserB,h14_su07,Radiators,0.0
UserB,h14_su07,Floor heating,0.0
UserB,h14_su07,Induction stove,0.0
UserB,h14_su07,Gas stove,0.0
UserB,h14_su07,Gas National Grid,0.0
UserB,h15_su07,PV sys,0.0
UserB,h15_su07,National Grid EE,0.0
UserB,h15_su07,Storage EE,5.7
UserB,h15_su07,Gas Boiler,0.0
UserB,h15_su07,HP,0.0
UserB,h15_su07,AC,0.0
UserB,h15_su07,Storage HW,0.0
UserB,h15_su07,Radiators,0.0
UserB,h15_su07,Floor heating,0.0
UserB,h15_su07,Induction stove,0.0
UserB,h15_su07,Gas stove,0.0
UserB,h15_su07,Gas National Grid,0.0
UserB,h16_su07,PV sys,0.0
UserB,h16_su07,National Grid EE,0.0
UserB,h16_su07,Storage EE,4.897463304374217
UserB,h16_su07,Gas Boiler,0.0
UserB,h16_su07,HP,0.0
UserB,h16_su07,AC,0.0
UserB,h16_su07,Storage HW,0.0
UserB,h16_su07,Radiators,0.0
UserB,h16_su07,Floor heating,0.0
UserB,h16_su07,Induction stove,0.0
UserB,h16_su07,Gas stove,0.0
UserB,h16_su07,Gas National Grid,0.0
UserB,h17_su07,PV sys,0.0
UserB,h17_su07,National Grid EE,0.0
UserB,h17_su07,Storage EE,5.686832511425377
UserB,h17_su07,Gas Boiler,0.0
UserB,h17_su07,HP,0.0
UserB,h17_su07,AC,0.0
UserB,h17_su07,Storage HW,0.0
UserB,h17_su07,Radiators,0.0
UserB,h17_su07,Floor heating,0.0
UserB,h17_su07,Induction stove,0.0
UserB,h17_su07,Gas stove,0.0
UserB,h17_su07,Gas National Grid,0.0
UserB,h18_su07,PV sys,0.0
UserB,h18_su07,National Grid EE,0.0
UserB,h18_su07,Storage EE,5.7
UserB,h18_su07,Gas Boiler,0.0
UserB,h18_su07,HP,0.0
UserB,h18_su07,AC,0.0
UserB,h18_su07,Storage HW,0.0
UserB,h18_su07,Radiators,0.0
UserB,h18_su07,Floor heating,0.0
UserB,h18_su07,Induction stove,0.0
UserB,h18_su07,Gas stove,0.0
UserB,h18_su07,Gas National Grid,0.0
UserB,h19_su07,PV sys,0.0
UserB,h19_su07,National Grid EE,0.0
UserB,h19_su07,Storage EE,5.010754182773478
UserB,h19_su07,Gas Boiler,0.0
UserB,h19_su07,HP,0.0
UserB,h19_su07,AC,0.0
UserB,h19_su07,Storage HW,0.0
UserB,h19_su07,Radiators,0.0
UserB,h19_su07,Floor heating,0.0
UserB,h19_su07,Induction stove,0.0
UserB,h19_su07,Gas stove,0.0
UserB,h19_su07,Gas National Grid,0.0
UserB,h20_su07,PV sys,0.0
UserB,h20_su07,National Grid EE,0.0
UserB,h20_su07,Storage EE,4.2372014236420945
UserB,h20_su07,Gas Boiler,0.0
UserB,h20_su07,HP,0.0
UserB,h20_su07,AC,0.0
UserB,h20_su07,Storage HW,0.0
UserB,h20_su07,Radiators,0.0
UserB,h20_su07,Floor heating,0.0
UserB,h20_su07,Induction stove,0.0
UserB,h20_su07,Gas stove,0.0
UserB,h20_su07,Gas National Grid,0.0
UserB,h21_su07,PV sys,0.0
UserB,h21_su07,National Grid EE,0.0
UserB,h21_su07,Storage EE,3.7229615654384647
UserB,h21_su07,Gas Boiler,0.0
UserB,h21_su07,HP,0.0
UserB,h21_su07,AC,0.0
UserB,h21_su07,Storage HW,0.0
UserB,h21_su07,Radiators,0.0
UserB,h21_su07,Floor heating,0.0
UserB,h21_su07,Induction stove,0.0
UserB,h21_su07,Gas stove,0.0
UserB,h21_su07,Gas National Grid,0.0
UserB,h22_su07,PV sys,0.0
UserB,h22_su07,National Grid EE,0.0
UserB,h22_su07,Storage EE,3.0688896764090514
UserB,h22_su07,Gas Boiler,0.0
UserB,h22_su07,HP,0.0
UserB,h22_su07,AC,0.0
UserB,h22_su07,Storage HW,0.0
UserB,h22_su07,Radiators,0.0
UserB,h22_su07,Floor heating,0.0
UserB,h22_su07,Induction stove,0.0
UserB,h22_su07,Gas stove,0.0
UserB,h22_su07,Gas National Grid,0.0
UserB,h23_su07,PV sys,0.0
UserB,h23_su07,National Grid EE,0.0
UserB,h23_su07,Storage EE,2.539678624720564
UserB,h23_su07,Gas Boiler,0.0
UserB,h23_su07,HP,0.0
UserB,h23_su07,AC,0.0
UserB,h23_su07,Storage HW,0.0
UserB,h23_su07,Radiators,0.0
UserB,h23_su07,Floor heating,0.0
UserB,h23_su07,Induction stove,0.0
UserB,h23_su07,Gas stove,0.0
UserB,h23_su07,Gas National Grid,0.0
UserB,h24_su07,PV sys,0.0
UserB,h24_su07,National Grid EE,0.0
UserB,h24_su07,Storage EE,2.2304793178500244
UserB,h24_su07,Gas Boiler,0.0
UserB,h24_su07,HP,0.0
UserB,h24_su07,AC,0.0
UserB,h24_su07,Storage HW,0.0
UserB,h24_su07,Radiators,0.0
UserB,h24_su07,Floor heating,0.0
UserB,h24_su07,Induction stove,0.0
UserB,h24_su07,Gas stove,0.0
UserB,h24_su07,Gas National Grid,0.0
UserB,h01_su08,PV sys,0.0
UserB,h01_su08,National Grid EE,0.0
UserB,h01_su08,Storage EE,1.8280239108134153
UserB,h01_su08,Gas Boiler,0.0
UserB,h01_su08,HP,0.0
UserB,h01_su08,AC,0.0
UserB,h01_su08,Storage HW,0.0
UserB,h01_su08,Radiators,0.0
UserB,h01_su08,Floor heating,0.0
UserB,h01_su08,Induction stove,0.0
UserB,h01_su08,Gas stove,0.0
UserB,h01_su08,Gas National Grid,0.0
UserB,h02_su08,PV sys,0.0
UserB,h02_su08,National Grid EE,0.0
UserB,h02_su08,Storage EE,1.6932350576457469
UserB,h02_su08,Gas Boiler,0.0
UserB,h02_su08,HP,0.0
UserB,h02_su08,AC,0.0
UserB,h02_su08,Storage HW,0.0
UserB,h02_su08,Radiators,0.0
UserB,h02_su08,Floor heating,0.0
UserB,h02_su08,Induction stove,0.0
UserB,h02_su08,Gas stove,0.0
UserB,h02_su08,Gas National Grid,0.0
UserB,h03_su08,PV sys,0.0
UserB,h03_su08,National Grid EE,0.0
UserB,h03_su08,Storage EE,1.5423920645205391
UserB,h03_su08,Gas Boiler,0.0
UserB,h03_su08,HP,0.0
UserB,h03_su08,AC,0.0
UserB,h03_su08,Storage HW,0.0
UserB,h03_su08,Radiators,0.0
UserB,h03_su08,Floor heating,0.0
UserB,h03_su08,Induction stove,0.0
UserB,h03_su08,Gas stove,0.0
UserB,h03_su08,Gas National Grid,0.0
UserB,h04_su08,PV sys,0.0
UserB,h04_su08,National Grid EE,0.0
UserB,h04_su08,Storage EE,1.3113363018219082
UserB,h04_su08,Gas Boiler,0.0
UserB,h04_su08,HP,0.0
UserB,h04_su08,AC,0.0
UserB,h04_su08,Storage HW,0.0
UserB,h04_su08,Radiators,0.0
UserB,h04_su08,Floor heating,0.0
UserB,h04_su08,Induction stove,0.0
UserB,h04_su08,Gas stove,0.0
UserB,h04_su08,Gas National Grid,0.0
UserB,h05_su08,PV sys,0.0
UserB,h05_su08,National Grid EE,0.0
UserB,h05_su08,Storage EE,1.0284300987208366
UserB,h05_su08,Gas Boiler,0.0
UserB,h05_su08,HP,0.0
UserB,h05_su08,AC,0.0
UserB,h05_su08,Storage HW,0.0
UserB,h05_su08,Radiators,0.0
UserB,h05_su08,Floor heating,0.0
UserB,h05_su08,Induction stove,0.0
UserB,h05_su08,Gas stove,0.0
UserB,h05_su08,Gas National Grid,0.0
UserB,h06_su08,PV sys,0.0
UserB,h06_su08,National Grid EE,0.0
UserB,h06_su08,Storage EE,0.8123237889523383
UserB,h06_su08,Gas Boiler,0.0
UserB,h06_su08,HP,0.0
UserB,h06_su08,AC,0.0
UserB,h06_su08,Storage HW,0.0
UserB,h06_su08,Radiators,0.0
UserB,h06_su08,Floor heating,0.0
UserB,h06_su08,Induction stove,0.0
UserB,h06_su08,Gas stove,0.0
UserB,h06_su08,Gas National Grid,0.0
UserB,h07_su08,PV sys,0.0
UserB,h07_su08,National Grid EE,0.0
UserB,h07_su08,Storage EE,0.7941646167285528
UserB,h07_su08,Gas Boiler,0.0
UserB,h07_su08,HP,0.0
UserB,h07_su08,AC,0.0
UserB,h07_su08,Storage HW,0.0
UserB,h07_su08,Radiators,0.0
UserB,h07_su08,Floor heating,0.0
UserB,h07_su08,Induction stove,0.0
UserB,h07_su08,Gas stove,0.0
UserB,h07_su08,Gas National Grid,0.0
UserB,h08_su08,PV sys,0.0
UserB,h08_su08,National Grid EE,0.0
UserB,h08_su08,Storage EE,1.4086553034882252
UserB,h08_su08,Gas Boiler,0.0
UserB,h08_su08,HP,0.0
UserB,h08_su08,AC,0.0
UserB,h08_su08,Storage HW,0.0
UserB,h08_su08,Radiators,0.0
UserB,h08_su08,Floor heating,0.0
UserB,h08_su08,Induction stove,0.0
UserB,h08_su08,Gas stove,0.0
UserB,h08_su08,Gas National Grid,0.0
UserB,h09_su08,PV sys,0.0
UserB,h09_su08,National Grid EE,0.0
UserB,h09_su08,Storage EE,2.572653604380743
UserB,h09_su08,Gas Boiler,0.0
UserB,h09_su08,HP,0.0
UserB,h09_su08,AC,0.0
UserB,h09_su08,Storage HW,0.0
UserB,h09_su08,Radiators,0.0
UserB,h09_su08,Floor heating,0.0
UserB,h09_su08,Induction stove,0.0
UserB,h09_su08,Gas stove,0.0
UserB,h09_su08,Gas National Grid,0.0
UserB,h10_su08,PV sys,0.0
UserB,h10_su08,National Grid EE,0.0
UserB,h10_su08,Storage EE,1.736555028398247
UserB,h10_su08,Gas Boiler,0.0
UserB,h10_su08,HP,0.0
UserB,h10_su08,AC,0.0
UserB,h10_su08,Storage HW,0.0
UserB,h10_su08,Radiators,0.0
UserB,h10_su08,Floor heating,0.0
UserB,h10_su08,Induction stove,0.0
UserB,h10_su08,Gas stove,0.0
UserB,h10_su08,Gas National Grid,0.0
UserB,h11_su08,PV sys,0.0
UserB,h11_su08,National Grid EE,0.0
UserB,h11_su08,Storage EE,1.7261139212880576
UserB,h11_su08,Gas Boiler,0.0
UserB,h11_su08,HP,0.0
UserB,h11_su08,AC,0.0
UserB,h11_su08,Storage HW,0.0
UserB,h11_su08,Radiators,0.0
UserB,h11_su08,Floor heating,0.0
UserB,h11_su08,Induction stove,0.0
UserB,h11_su08,Gas stove,0.0
UserB,h11_su08,Gas National Grid,0.0
UserB,h12_su08,PV sys,0.0
UserB,h12_su08,National Grid EE,0.0
UserB,h12_su08,Storage EE,0.737088801606351
UserB,h12_su08,Gas Boiler,0.0
UserB,h12_su08,HP,0.0
UserB,h12_su08,AC,0.0
UserB,h12_su08,Storage HW,0.0
UserB,h12_su08,Radiators,0.0
UserB,h12_su08,Floor heating,0.0
UserB,h12_su08,Induction stove,0.0
UserB,h12_su08,Gas stove,0.0
UserB,h12_su08,Gas National Grid,0.0
UserB,h13_su08,PV sys,0.0
UserB,h13_su08,National Grid EE,0.0
UserB,h13_su08,Storage EE,1.4762475907587564
UserB,h13_su08,Gas Boiler,0.0
UserB,h13_su08,HP,0.0
UserB,h13_su08,AC,0.0
UserB,h13_su08,Storage HW,0.0
UserB,h13_su08,Radiators,0.0
UserB,h13_su08,Floor heating,0.0
UserB,h13_su08,Induction stove,0.0
UserB,h13_su08,Gas stove,0.0
UserB,h13_su08,Gas National Grid,0.0
UserB,h14_su08,PV sys,0.0
UserB,h14_su08,National Grid EE,0.0
UserB,h14_su08,Storage EE,2.784710851242192
UserB,h14_su08,Gas Boiler,0.0
UserB,h14_su08,HP,0.0
UserB,h14_su08,AC,0.0
UserB,h14_su08,Storage HW,0.0
UserB,h14_su08,Radiators,0.0
UserB,h14_su08,Floor heating,0.0
UserB,h14_su08,Induction stove,0.0
UserB,h14_su08,Gas stove,0.0
UserB,h14_su08,Gas National Grid,0.0
UserB,h15_su08,PV sys,0.0
UserB,h15_su08,National Grid EE,0.0
UserB,h15_su08,Storage EE,5.1800259812427605
UserB,h15_su08,Gas Boiler,0.0
UserB,h15_su08,HP,0.0
UserB,h15_su08,AC,0.0
UserB,h15_su08,Storage HW,0.0
UserB,h15_su08,Radiators,0.0
UserB,h15_su08,Floor heating,0.0
UserB,h15_su08,Induction stove,0.0
UserB,h15_su08,Gas stove,0.0
UserB,h15_su08,Gas National Grid,0.0
UserB,h16_su08,PV sys,0.0
UserB,h16_su08,National Grid EE,0.0
UserB,h16_su08,Storage EE,5.7
UserB,h16_su08,Gas Boiler,0.0
UserB,h16_su08,HP,0.0
UserB,h16_su08,AC,0.0
UserB,h16_su08,Storage HW,0.0
UserB,h16_su08,Radiators,0.0
UserB,h16_su08,Floor heating,0.0
UserB,h16_su08,Induction stove,0.0
UserB,h16_su08,Gas stove,0.0
UserB,h16_su08,Gas National Grid,0.0
UserB,h17_su08,PV sys,0.0
UserB,h17_su08,National Grid EE,0.0
UserB,h17_su08,Storage EE,5.7
UserB,h17_su08,Gas Boiler,0.0
UserB,h17_su08,HP,0.0
UserB,h17_su08,AC,0.0
UserB,h17_su08,Storage HW,0.0
UserB,h17_su08,Radiators,0.0
UserB,h17_su08,Floor heating,0.0
UserB,h17_su08,Induction stove,0.0
UserB,h17_su08,Gas stove,0.0
UserB,h17_su08,Gas National Grid,0.0
UserB,h18_su08,PV sys,0.0
UserB,h18_su08,National Grid EE,0.0
UserB,h18_su08,Storage EE,5.673917469140591
UserB,h18_su08,Gas Boiler,0.0
UserB,h18_su08,HP,0.0
UserB,h18_su08,AC,0.0
UserB,h18_su08,Storage HW,0.0
UserB,h18_su08,Radiators,0.0
UserB,h18_su08,Floor heating,0.0
UserB,h18_su08,Induction stove,0.0
UserB,h18_su08,Gas stove,0.0
UserB,h18_su08,Gas National Grid,0.0
UserB,h19_su08,PV sys,0.0
UserB,h19_su08,National Grid EE,0.0
UserB,h19_su08,Storage EE,4.6912417017649695
UserB,h19_su08,Gas Boiler,0.0
UserB,h19_su08,HP,0.0
UserB,h19_su08,AC,0.0
UserB,h19_su08,Storage HW,0.0
UserB,h19_su08,Radiators,0.0
UserB,h19_su08,Floor heating,0.0
UserB,h19_su08,Induction stove,0.0
UserB,h19_su08,Gas stove,0.0
UserB,h19_su08,Gas National Grid,0.0
UserB,h20_su08,PV sys,0.0
UserB,h20_su08,National Grid EE,0.0
UserB,h20_su08,Storage EE,4.181171743603494
UserB,h20_su08,Gas Boiler,0.0
UserB,h20_su08,HP,0.0
UserB,h20_su08,AC,0.0
UserB,h20_su08,Storage HW,0.0
UserB,h20_su08,Radiators,0.0
UserB,h20_su08,Floor heating,0.0
UserB,h20_su08,Induction stove,0.0
UserB,h20_su08,Gas stove,0.0
UserB,h20_su08,Gas National Grid,0.0
UserB,h21_su08,PV sys,0.0
UserB,h21_su08,National Grid EE,0.0
UserB,h21_su08,Storage EE,3.605329250326145
UserB,h21_su08,Gas Boiler,0.0
UserB,h21_su08,HP,0.0
UserB,h21_su08,AC,0.0
UserB,h21_su08,Storage HW,0.0
UserB,h21_su08,Radiators,0.0
UserB,h21_su08,Floor heating,0.0
UserB,h21_su08,Induction stove,0.0
UserB,h21_su08,Gas stove,0.0
UserB,h21_su08,Gas National Grid,0.0
UserB,h22_su08,PV sys,0.0
UserB,h22_su08,National Grid EE,0.0
UserB,h22_su08,Storage EE,1.9521947792443481
UserB,h22_su08,Gas Boiler,0.0
UserB,h22_su08,HP,0.0
UserB,h22_su08,AC,0.0
UserB,h22_su08,Storage HW,0.0
UserB,h22_su08,Radiators,0.0
UserB,h22_su08,Floor heating,0.0
UserB,h22_su08,Induction stove,0.0
UserB,h22_su08,Gas stove,0.0
UserB,h22_su08,Gas National Grid,0.0
UserB,h23_su08,PV sys,0.0
UserB,h23_su08,National Grid EE,0.0
UserB,h23_su08,Storage EE,1.9521947792438226
UserB,h23_su08,Gas Boiler,0.0
UserB,h23_su08,HP,0.0
UserB,h23_su08,AC,0.0
UserB,h23_su08,Storage HW,0.0
UserB,h23_su08,Radiators,0.0
UserB,h23_su08,Floor heating,0.0
UserB,h23_su08,Induction stove,0.0
UserB,h23_su08,Gas stove,0.0
UserB,h23_su08,Gas National Grid,0.0
UserB,h24_su08,PV sys,0.0
UserB,h24_su08,National Grid EE,0.0
UserB,h24_su08,Storage EE,1.357835437763717
UserB,h24_su08,Gas Boiler,0.0
UserB,h24_su08,HP,0.0
UserB,h24_su08,AC,0.0
UserB,h24_su08,Storage HW,0.0
UserB,h24_su08,Radiators,0.0
UserB,h24_su08,Floor heating,0.0
UserB,h24_su08,Induction stove,0.0
UserB,h24_su08,Gas stove,0.0
UserB,h24_su08,Gas National Grid,0.0
UserB,h01_su09,PV sys,0.0
UserB,h01_su09,National Grid EE,0.0
UserB,h01_su09,Storage EE,1.357835437761994
UserB,h01_su09,Gas Boiler,0.0
UserB,h01_su09,HP,0.0
UserB,h01_su09,AC,0.0
UserB,h01_su09,Storage HW,0.0
UserB,h01_su09,Radiators,0.0
UserB,h01_su09,Floor heating,0.0
UserB,h01_su09,Induction stove,0.0
UserB,h01_su09,Gas stove,0.0
UserB,h01_su09,Gas National Grid,0.0
UserB,h02_su09,PV sys,0.0
UserB,h02_su09,National Grid EE,0.0
UserB,h02_su09,Storage EE,1.2207581042946498
UserB,h02_su09,Gas Boiler,0.0
UserB,h02_su09,HP,0.0
UserB,h02_su09,AC,0.0
UserB,h02_su09,Storage HW,0.0
UserB,h02_su09,Radiators,0.0
UserB,h02_su09,Floor heating,0.0
UserB,h02_su09,Induction stove,0.0
UserB,h02_su09,Gas stove,0.0
UserB,h02_su09,Gas National Grid,0.0
UserB,h03_su09,PV sys,0.0
UserB,h03_su09,National Grid EE,0.0
UserB,h03_su09,Storage EE,1.2207581042984927
UserB,h03_su09,Gas Boiler,0.0
UserB,h03_su09,HP,0.0
UserB,h03_su09,AC,0.0
UserB,h03_su09,Storage HW,0.0
UserB,h03_su09,Radiators,0.0
UserB,h03_su09,Floor heating,0.0
UserB,h03_su09,Induction stove,0.0
UserB,h03_su09,Gas stove,0.0
UserB,h03_su09,Gas National Grid,0.0
UserB,h04_su09,PV sys,0.0
UserB,h04_su09,National Grid EE,0.0
UserB,h04_su09,Storage EE,1.0024304326520683
UserB,h04_su09,Gas Boiler,0.0
UserB,h04_su09,HP,0.0
UserB,h04_su09,AC,0.0
UserB,h04_su09,Storage HW,0.0
UserB,h04_su09,Radiators,0.0
UserB,h04_su09,Floor heating,0.0
UserB,h04_su09,Induction stove,0.0
UserB,h04_su09,Gas stove,0.0
UserB,h04_su09,Gas National Grid,0.0
UserB,h05_su09,PV sys,0.0
UserB,h05_su09,National Grid EE,0.0
UserB,h05_su09,Storage EE,0.7794411812488413
UserB,h05_su09,Gas Boiler,0.0
UserB,h05_su09,HP,0.0
UserB,h05_su09,AC,0.0
UserB,h05_su09,Storage HW,0.0
UserB,h05_su09,Radiators,0.0
UserB,h05_su09,Floor heating,0.0
UserB,h05_su09,Induction stove,0.0
UserB,h05_su09,Gas stove,0.0
UserB,h05_su09,Gas National Grid,0.0
UserB,h06_su09,PV sys,0.0
UserB,h06_su09,National Grid EE,0.0
UserB,h06_su09,Storage EE,0.6
UserB,h06_su09,Gas Boiler,0.0
UserB,h06_su09,HP,0.0
UserB,h06_su09,AC,0.0
UserB,h06_su09,Storage HW,0.0
UserB,h06_su09,Radiators,0.0
UserB,h06_su09,Floor heating,0.0
UserB,h06_su09,Induction stove,0.0
UserB,h06_su09,Gas stove,0.0
UserB,h06_su09,Gas National Grid,0.0
UserB,h07_su09,PV sys,0.0
UserB,h07_su09,National Grid EE,0.0
UserB,h07_su09,Storage EE,0.6953358153612794
UserB,h07_su09,Gas Boiler,0.0
UserB,h07_su09,HP,0.0
UserB,h07_su09,AC,0.0
UserB,h07_su09,Storage HW,0.0
UserB,h07_su09,Radiators,0.0
UserB,h07_su09,Floor heating,0.0
UserB,h07_su09,Induction stove,0.0
UserB,h07_su09,Gas stove,0.0
UserB,h07_su09,Gas National Grid,0.0
UserB,h08_su09,PV sys,0.0
UserB,h08_su09,National Grid EE,0.0
UserB,h08_su09,Storage EE,1.0553590903154917
UserB,h08_su09,Gas Boiler,0.0
UserB,h08_su09,HP,0.0
UserB,h08_su09,AC,0.0
UserB,h08_su09,Storage HW,0.0
UserB,h08_su09,Radiators,0.0
UserB,h08_su09,Floor heating,0.0
UserB,h08_su09,Induction stove,0.0
UserB,h08_su09,Gas stove,0.0
UserB,h08_su09,Gas National Grid,0.0
UserB,h09_su09,PV sys,0.0
UserB,h09_su09,National Grid EE,0.0
UserB,h09_su09,Storage EE,0.6
UserB,h09_su09,Gas Boiler,0.0
UserB,h09_su09,HP,0.0
UserB,h09_su09,AC,0.0
UserB,h09_su09,Storage HW,0.0
UserB,h09_su09,Radiators,0.0
UserB,h09_su09,Floor heating,0.0
UserB,h09_su09,Induction stove,0.0
UserB,h09_su09,Gas stove,0.0
UserB,h09_su09,Gas National Grid,0.0
UserB,h10_su09,PV sys,0.0
UserB,h10_su09,National Grid EE,0.0
UserB,h10_su09,Storage EE,2.851131694480275
UserB,h10_su09,Gas Boiler,0.0
UserB,h10_su09,HP,0.0
UserB,h10_su09,AC,0.0
UserB,h10_su09,Storage HW,0.0
UserB,h10_su09,Radiators,0.0
UserB,h10_su09,Floor heating,0.0
UserB,h10_su09,Induction stove,0.0
UserB,h10_su09,Gas stove,0.0
UserB,h10_su09,Gas National Grid,0.0
UserB,h11_su09,PV sys,0.0
UserB,h11_su09,National Grid EE,0.0
UserB,h11_su09,Storage EE,5.599339539627758
UserB,h11_su09,Gas Boiler,0.0
UserB,h11_su09,HP,0.0
UserB,h11_su09,AC,0.0
UserB,h11_su09,Storage HW,0.0
UserB,h11_su09,Radiators,0.0
UserB,h11_su09,Floor heating,0.0
UserB,h11_su09,Induction stove,0.0
UserB,h11_su09,Gas stove,0.0
UserB,h11_su09,Gas National Grid,0.0
UserB,h12_su09,PV sys,0.0
UserB,h12_su09,National Grid EE,0.0
UserB,h12_su09,Storage EE,5.7
UserB,h12_su09,Gas Boiler,0.0
UserB,h12_su09,HP,0.0
UserB,h12_su09,AC,0.0
UserB,h12_su09,Storage HW,0.0
UserB,h12_su09,Radiators,0.0
UserB,h12_su09,Floor heating,0.0
UserB,h12_su09,Induction stove,0.0
UserB,h12_su09,Gas stove,0.0
UserB,h12_su09,Gas National Grid,0.0
UserB,h13_su09,PV sys,0.0
UserB,h13_su09,National Grid EE,0.0
UserB,h13_su09,Storage EE,5.7
UserB,h13_su09,Gas Boiler,0.0
UserB,h13_su09,HP,0.0
UserB,h13_su09,AC,0.0
UserB,h13_su09,Storage HW,0.0
UserB,h13_su09,Radiators,0.0
UserB,h13_su09,Floor heating,0.0
UserB,h13_su09,Induction stove,0.0
UserB,h13_su09,Gas stove,0.0
UserB,h13_su09,Gas National Grid,0.0
UserB,h14_su09,PV sys,0.0
UserB,h14_su09,National Grid EE,0.0
UserB,h14_su09,Storage EE,5.7
UserB,h14_su09,Gas Boiler,0.0
UserB,h14_su09,HP,0.0
UserB,h14_su09,AC,0.0
UserB,h14_su09,Storage HW,0.0
UserB,h14_su09,Radiators,0.0
UserB,h14_su09,Floor heating,0.0
UserB,h14_su09,Induction stove,0.0
UserB,h14_su09,Gas stove,0.0
UserB,h14_su09,Gas National Grid,0.0
UserB,h15_su09,PV sys,0.0
UserB,h15_su09,National Grid EE,0.0
UserB,h15_su09,Storage EE,5.7
UserB,h15_su09,Gas Boiler,0.0
UserB,h15_su09,HP,0.0
UserB,h15_su09,AC,0.0
UserB,h15_su09,Storage HW,0.0
UserB,h15_su09,Radiators,0.0
UserB,h15_su09,Floor heating,0.0
UserB,h15_su09,Induction stove,0.0
UserB,h15_su09,Gas stove,0.0
UserB,h15_su09,Gas National Grid,0.0
UserB,h16_su09,PV sys,0.0
UserB,h16_su09,National Grid EE,0.0
UserB,h16_su09,Storage EE,5.7
UserB,h16_su09,Gas Boiler,0.0
UserB,h16_su09,HP,0.0
UserB,h16_su09,AC,0.0
UserB,h16_su09,Storage HW,0.0
UserB,h16_su09,Radiators,0.0
UserB,h16_su09,Floor heating,0.0
UserB,h16_su09,Induction stove,0.0
UserB,h16_su09,Gas stove,0.0
UserB,h16_su09,Gas National Grid,0.0
UserB,h17_su09,PV sys,0.0
UserB,h17_su09,National Grid EE,0.0
UserB,h17_su09,Storage EE,5.699773392906791
UserB,h17_su09,Gas Boiler,0.0
UserB,h17_su09,HP,0.0
UserB,h17_su09,AC,0.0
UserB,h17_su09,Storage HW,0.0
UserB,h17_su09,Radiators,0.0
UserB,h17_su09,Floor heating,0.0
UserB,h17_su09,Induction stove,0.0
UserB,h17_su09,Gas stove,0.0
UserB,h17_su09,Gas National Grid,0.0
UserB,h18_su09,PV sys,0.0
UserB,h18_su09,National Grid EE,0.0
UserB,h18_su09,Storage EE,5.7
UserB,h18_su09,Gas Boiler,0.0
UserB,h18_su09,HP,0.0
UserB,h18_su09,AC,0.0
UserB,h18_su09,Storage HW,0.0
UserB,h18_su09,Radiators,0.0
UserB,h18_su09,Floor heating,0.0
UserB,h18_su09,Induction stove,0.0
UserB,h18_su09,Gas stove,0.0
UserB,h18_su09,Gas National Grid,0.0
UserB,h19_su09,PV sys,0.0
UserB,h19_su09,National Grid EE,0.0
UserB,h19_su09,Storage EE,4.95965097208856
UserB,h19_su09,Gas Boiler,0.0
UserB,h19_su09,HP,0.0
UserB,h19_su09,AC,0.0
UserB,h19_su09,Storage HW,0.0
UserB,h19_su09,Radiators,0.0
UserB,h19_su09,Floor heating,0.0
UserB,h19_su09,Induction stove,0.0
UserB,h19_su09,Gas stove,0.0
UserB,h19_su09,Gas National Grid,0.0
UserB,h20_su09,PV sys,0.0
UserB,h20_su09,National Grid EE,0.0
UserB,h20_su09,Storage EE,4.336300048542512
UserB,h20_su09,Gas Boiler,0.0
UserB,h20_su09,HP,0.0
UserB,h20_su09,AC,0.0
UserB,h20_su09,Storage HW,0.0
UserB,h20_su09,Radiators,0.0
UserB,h20_su09,Floor heating,0.0
UserB,h20_su09,Induction stove,0.0
UserB,h20_su09,Gas stove,0.0
UserB,h20_su09,Gas National Grid,0.0
UserB,h21_su09,PV sys,0.0
UserB,h21_su09,National Grid EE,0.0
UserB,h21_su09,Storage EE,3.542474503198949
UserB,h21_su09,Gas Boiler,0.0
UserB,h21_su09,HP,0.0
UserB,h21_su09,AC,0.0
UserB,h21_su09,Storage HW,0.0
UserB,h21_su09,Radiators,0.0
UserB,h21_su09,Floor heating,0.0
UserB,h21_su09,Induction stove,0.0
UserB,h21_su09,Gas stove,0.0
UserB,h21_su09,Gas National Grid,0.0
UserB,h22_su09,PV sys,0.0
UserB,h22_su09,National Grid EE,0.0
UserB,h22_su09,Storage EE,2.726505520151431
UserB,h22_su09,Gas Boiler,0.0
UserB,h22_su09,HP,0.0
UserB,h22_su09,AC,0.0
UserB,h22_su09,Storage HW,0.0
UserB,h22_su09,Radiators,0.0
UserB,h22_su09,Floor heating,0.0
UserB,h22_su09,Induction stove,0.0
UserB,h22_su09,Gas stove,0.0
UserB,h22_su09,Gas National Grid,0.0
UserB,h23_su09,PV sys,0.0
UserB,h23_su09,National Grid EE,0.0
UserB,h23_su09,Storage EE,1.1671102781861586
UserB,h23_su09,Gas Boiler,0.0
UserB,h23_su09,HP,0.0
UserB,h23_su09,AC,0.0
UserB,h23_su09,Storage HW,0.0
UserB,h23_su09,Radiators,0.0
UserB,h23_su09,Floor heating,0.0
UserB,h23_su09,Induction stove,0.0
UserB,h23_su09,Gas stove,0.0
UserB,h23_su09,Gas National Grid,0.0
UserB,h24_su09,PV sys,0.0
UserB,h24_su09,National Grid EE,0.0
UserB,h24_su09,Storage EE,0.6
UserB,h24_su09,Gas Boiler,0.0
UserB,h24_su09,HP,0.0
UserB,h24_su09,AC,0.0
UserB,h24_su09,Storage HW,0.0
UserB,h24_su09,Radiators,0.0
UserB,h24_su09,Floor heating,0.0
UserB,h24_su09,Induction stove,0.0
UserB,h24_su09,Gas stove,0.0
UserB,h24_su09,Gas National Grid,0.0
UserB,h01_su10,PV sys,0.0
UserB,h01_su10,National Grid EE,0.0
UserB,h01_su10,Storage EE,0.6
UserB,h01_su10,Gas Boiler,0.0
UserB,h01_su10,HP,0.0
UserB,h01_su10,AC,0.0
UserB,h01_su10,Storage HW,0.0
UserB,h01_su10,Radiators,0.0
UserB,h01_su10,Floor heating,0.0
UserB,h01_su10,Induction stove,0.0
UserB,h01_su10,Gas stove,0.0
UserB,h01_su10,Gas National Grid,0.0
UserB,h02_su10,PV sys,0.0
UserB,h02_su10,National Grid EE,0.0
UserB,h02_su10,Storage EE,0.6
UserB,h02_su10,Gas Boiler,0.0
UserB,h02_su10,HP,0.0
UserB,h02_su10,AC,0.0
UserB,h02_su10,Storage HW,0.0
UserB,h02_su10,Radiators,0.0
UserB,h02_su10,Floor heating,0.0
UserB,h02_su10,Induction stove,0.0
UserB,h02_su10,Gas stove,0.0
UserB,h02_su10,Gas National Grid,0.0
UserB,h03_su10,PV sys,0.0
UserB,h03_su10,National Grid EE,0.0
UserB,h03_su10,Storage EE,0.6
UserB,h03_su10,Gas Boiler,0.0
UserB,h03_su10,HP,0.0
UserB,h03_su10,AC,0.0
UserB,h03_su10,Storage HW,0.0
UserB,h03_su10,Radiators,0.0
UserB,h03_su10,Floor heating,0.0
UserB,h03_su10,Induction stove,0.0
UserB,h03_su10,Gas stove,0.0
UserB,h03_su10,Gas National Grid,0.0
UserB,h04_su10,PV sys,0.0
UserB,h04_su10,National Grid EE,0.0
UserB,h04_su10,Storage EE,0.6
UserB,h04_su10,Gas Boiler,0.0
UserB,h04_su10,HP,0.0
UserB,h04_su10,AC,0.0
UserB,h04_su10,Storage HW,0.0
UserB,h04_su10,Radiators,0.0
UserB,h04_su10,Floor heating,0.0
UserB,h04_su10,Induction stove,0.0
UserB,h04_su10,Gas stove,0.0
UserB,h04_su10,Gas National Grid,0.0
UserB,h05_su10,PV sys,0.0
UserB,h05_su10,National Grid EE,0.0
UserB,h05_su10,Storage EE,0.6
UserB,h05_su10,Gas Boiler,0.0
UserB,h05_su10,HP,0.0
UserB,h05_su10,AC,0.0
UserB,h05_su10,Storage HW,0.0
UserB,h05_su10,Radiators,0.0
UserB,h05_su10,Floor heating,0.0
UserB,h05_su10,Induction stove,0.0
UserB,h05_su10,Gas stove,0.0
UserB,h05_su10,Gas National Grid,0.0
UserB,h06_su10,PV sys,0.0
UserB,h06_su10,National Grid EE,0.0
UserB,h06_su10,Storage EE,0.6
UserB,h06_su10,Gas Boiler,0.0
UserB,h06_su10,HP,0.0
UserB,h06_su10,AC,0.0
UserB,h06_su10,Storage HW,0.0
UserB,h06_su10,Radiators,0.0
UserB,h06_su10,Floor heating,0.0
UserB,h06_su10,Induction stove,0.0
UserB,h06_su10,Gas stove,0.0
UserB,h06_su10,Gas National Grid,0.0
UserB,h07_su10,PV sys,0.0
UserB,h07_su10,National Grid EE,0.0
UserB,h07_su10,Storage EE,0.6168616839945773
UserB,h07_su10,Gas Boiler,0.0
UserB,h07_su10,HP,0.0
UserB,h07_su10,AC,0.0
UserB,h07_su10,Storage HW,0.0
UserB,h07_su10,Radiators,0.0
UserB,h07_su10,Floor heating,0.0
UserB,h07_su10,Induction stove,0.0
UserB,h07_su10,Gas stove,0.0
UserB,h07_su10,Gas National Grid,0.0
UserB,h08_su10,PV sys,0.0
UserB,h08_su10,National Grid EE,0.0
UserB,h08_su10,Storage EE,1.086313326808297
UserB,h08_su10,Gas Boiler,0.0
UserB,h08_su10,HP,0.0
UserB,h08_su10,AC,0.0
UserB,h08_su10,Storage HW,0.0
UserB,h08_su10,Radiators,0.0
UserB,h08_su10,Floor heating,0.0
UserB,h08_su10,Induction stove,0.0
UserB,h08_su10,Gas stove,0.0
UserB,h08_su10,Gas National Grid,0.0
UserB,h09_su10,PV sys,0.0
UserB,h09_su10,National Grid EE,0.0
UserB,h09_su10,Storage EE,1.0473658920389624
UserB,h09_su10,Gas Boiler,0.0
UserB,h09_su10,HP,0.0
UserB,h09_su10,AC,0.0
UserB,h09_su10,Storage HW,0.0
UserB,h09_su10,Radiators,0.0
UserB,h09_su10,Floor heating,0.0
UserB,h09_su10,Induction stove,0.0
UserB,h09_su10,Gas stove,0.0
UserB,h09_su10,Gas National Grid,0.0
UserB,h10_su10,PV sys,0.0
UserB,h10_su10,National Grid EE,0.0
UserB,h10_su10,Storage EE,2.547053463656876
UserB,h10_su10,Gas Boiler,0.0
UserB,h10_su10,HP,0.0
UserB,h10_su10,AC,0.0
UserB,h10_su10,Storage HW,0.0
UserB,h10_su10,Radiators,0.0
UserB,h10_su10,Floor heating,0.0
UserB,h10_su10,Induction stove,0.0
UserB,h10_su10,Gas stove,0.0
UserB,h10_su10,Gas National Grid,0.0
UserB,h11_su10,PV sys,0.0
UserB,h11_su10,National Grid EE,0.0
UserB,h11_su10,Storage EE,2.0414586061023705
UserB,h11_su10,Gas Boiler,0.0
UserB,h11_su10,HP,0.0
UserB,h11_su10,AC,0.0
UserB,h11_su10,Storage HW,0.0
UserB,h11_su10,Radiators,0.0
UserB,h11_su10,Floor heating,0.0
UserB,h11_su10,Induction stove,0.0
UserB,h11_su10,Gas stove,0.0
UserB,h11_su10,Gas National Grid,0.0
UserB,h12_su10,PV sys,0.0
UserB,h12_su10,National Grid EE,0.0
UserB,h12_su10,Storage EE,3.9659956639419733
UserB,h12_su10,Gas Boiler,0.0
UserB,h12_su10,HP,0.0
UserB,h12_su10,AC,0.0
UserB,h12_su10,Storage HW,0.0
UserB,h12_su10,Radiators,0.0
UserB,h12_su10,Floor heating,0.0
UserB,h12_su10,Induction stove,0.0
UserB,h12_su10,Gas stove,0.0
UserB,h12_su10,Gas National Grid,0.0
UserB,h13_su10,PV sys,0.0
UserB,h13_su10,National Grid EE,0.0
UserB,h13_su10,Storage EE,5.022198397470209
UserB,h13_su10,Gas Boiler,0.0
UserB,h13_su10,HP,0.0
UserB,h13_su10,AC,0.0
UserB,h13_su10,Storage HW,0.0
UserB,h13_su10,Radiators,0.0
UserB,h13_su10,Floor heating,0.0
UserB,h13_su10,Induction stove,0.0
UserB,h13_su10,Gas stove,0.0
UserB,h13_su10,Gas National Grid,0.0
UserB,h14_su10,PV sys,0.0
UserB,h14_su10,National Grid EE,0.0
UserB,h14_su10,Storage EE,3.7384025746642076
UserB,h14_su10,Gas Boiler,0.0
UserB,h14_su10,HP,0.0
UserB,h14_su10,AC,0.0
UserB,h14_su10,Storage HW,0.0
UserB,h14_su10,Radiators,0.0
UserB,h14_su10,Floor heating,0.0
UserB,h14_su10,Induction stove,0.0
UserB,h14_su10,Gas stove,0.0
UserB,h14_su10,Gas National Grid,0.0
UserB,h15_su10,PV sys,0.0
UserB,h15_su10,National Grid EE,0.0
UserB,h15_su10,Storage EE,4.576066608868244
UserB,h15_su10,Gas Boiler,0.0
UserB,h15_su10,HP,0.0
UserB,h15_su10,AC,0.0
UserB,h15_su10,Storage HW,0.0
UserB,h15_su10,Radiators,0.0
UserB,h15_su10,Floor heating,0.0
UserB,h15_su10,Induction stove,0.0
UserB,h15_su10,Gas stove,0.0
UserB,h15_su10,Gas National Grid,0.0
UserB,h16_su10,PV sys,0.0
UserB,h16_su10,National Grid EE,0.0
UserB,h16_su10,Storage EE,5.250071651177292
UserB,h16_su10,Gas Boiler,0.0
UserB,h16_su10,HP,0.0
UserB,h16_su10,AC,0.0
UserB,h16_su10,Storage HW,0.0
UserB,h16_su10,Radiators,0.0
UserB,h16_su10,Floor heating,0.0
UserB,h16_su10,Induction stove,0.0
UserB,h16_su10,Gas stove,0.0
UserB,h16_su10,Gas National Grid,0.0
UserB,h17_su10,PV sys,0.0
UserB,h17_su10,National Grid EE,0.0
UserB,h17_su10,Storage EE,5.676660725547121
UserB,h17_su10,Gas Boiler,0.0
UserB,h17_su10,HP,0.0
UserB,h17_su10,AC,0.0
UserB,h17_su10,Storage HW,0.0
UserB,h17_su10,Radiators,0.0
UserB,h17_su10,Floor heating,0.0
UserB,h17_su10,Induction stove,0.0
UserB,h17_su10,Gas stove,0.0
UserB,h17_su10,Gas National Grid,0.0
UserB,h18_su10,PV sys,0.0
UserB,h18_su10,National Grid EE,0.0
UserB,h18_su10,Storage EE,5.7
UserB,h18_su10,Gas Boiler,0.0
UserB,h18_su10,HP,0.0
UserB,h18_su10,AC,0.0
UserB,h18_su10,Storage HW,0.0
UserB,h18_su10,Radiators,0.0
UserB,h18_su10,Floor heating,0.0
UserB,h18_su10,Induction stove,0.0
UserB,h18_su10,Gas stove,0.0
UserB,h18_su10,Gas National Grid,0.0
UserB,h19_su10,PV sys,0.0
UserB,h19_su10,National Grid EE,0.0
UserB,h19_su10,Storage EE,5.0966620505812745
UserB,h19_su10,Gas Boiler,0.0
UserB,h19_su10,HP,0.0
UserB,h19_su10,AC,0.0
UserB,h19_su10,Storage HW,0.0
UserB,h19_su10,Radiators,0.0
UserB,h19_su10,Floor heating,0.0
UserB,h19_su10,Induction stove,0.0
UserB,h19_su10,Gas stove,0.0
UserB,h19_su10,Gas National Grid,0.0
UserB,h20_su10,PV sys,0.0
UserB,h20_su10,National Grid EE,0.0
UserB,h20_su10,Storage EE,3.898146270484978
UserB,h20_su10,Gas Boiler,0.0
UserB,h20_su10,HP,0.0
UserB,h20_su10,AC,0.0
UserB,h20_su10,Storage HW,0.0
UserB,h20_su10,Radiators,0.0
UserB,h20_su10,Floor heating,0.0
UserB,h20_su10,Induction stove,0.0
UserB,h20_su10,Gas stove,0.0
UserB,h20_su10,Gas National Grid,0.0
UserB,h21_su10,PV sys,0.0
UserB,h21_su10,National Grid EE,0.0
UserB,h21_su10,Storage EE,3.214165085806952
UserB,h21_su10,Gas Boiler,0.0
UserB,h21_su10,HP,0.0
UserB,h21_su10,AC,0.0
UserB,h21_su10,Storage HW,0.0
UserB,h21_su10,Radiators,0.0
UserB,h21_su10,Floor heating,0.0
UserB,h21_su10,Induction stove,0.0
UserB,h21_su10,Gas stove,0.0
UserB,h21_su10,Gas National Grid,0.0
UserB,h22_su10,PV sys,0.0
UserB,h22_su10,National Grid EE,0.0
UserB,h22_su10,Storage EE,2.6382557350891362
UserB,h22_su10,Gas Boiler,0.0
UserB,h22_su10,HP,0.0
UserB,h22_su10,AC,0.0
UserB,h22_su10,Storage HW,0.0
UserB,h22_su10,Radiators,0.0
UserB,h22_su10,Floor heating,0.0
UserB,h22_su10,Induction stove,0.0
UserB,h22_su10,Gas stove,0.0
UserB,h22_su10,Gas National Grid,0.0
UserB,h23_su10,PV sys,0.0
UserB,h23_su10,National Grid EE,0.0
UserB,h23_su10,Storage EE,1.8888163309310886
UserB,h23_su10,Gas Boiler,0.0
UserB,h23_su10,HP,0.0
UserB,h23_su10,AC,0.0
UserB,h23_su10,Storage HW,0.0
UserB,h23_su10,Radiators,0.0
UserB,h23_su10,Floor heating,0.0
UserB,h23_su10,Induction stove,0.0
UserB,h23_su10,Gas stove,0.0
UserB,h23_su10,Gas National Grid,0.0
UserB,h24_su10,PV sys,0.0
UserB,h24_su10,National Grid EE,0.0
UserB,h24_su10,Storage EE,0.6
UserB,h24_su10,Gas Boiler,0.0
UserB,h24_su10,HP,0.0
UserB,h24_su10,AC,0.0
UserB,h24_su10,Storage HW,0.0
UserB,h24_su10,Radiators,0.0
UserB,h24_su10,Floor heating,0.0
UserB,h24_su10,Induction stove,0.0
UserB,h24_su10,Gas stove,0.0
UserB,h24_su10,Gas National Grid,0.0
UserB,h01_su11,PV sys,0.0
UserB,h01_su11,National Grid EE,0.0
UserB,h01_su11,Storage EE,0.6
UserB,h01_su11,Gas Boiler,0.0
UserB,h01_su11,HP,0.0
UserB,h01_su11,AC,0.0
UserB,h01_su11,Storage HW,0.0
UserB,h01_su11,Radiators,0.0
UserB,h01_su11,Floor heating,0.0
UserB,h01_su11,Induction stove,0.0
UserB,h01_su11,Gas stove,0.0
UserB,h01_su11,Gas National Grid,0.0
UserB,h02_su11,PV sys,0.0
UserB,h02_su11,National Grid EE,0.0
UserB,h02_su11,Storage EE,0.6
UserB,h02_su11,Gas Boiler,0.0
UserB,h02_su11,HP,0.0
UserB,h02_su11,AC,0.0
UserB,h02_su11,Storage HW,0.0
UserB,h02_su11,Radiators,0.0
UserB,h02_su11,Floor heating,0.0
UserB,h02_su11,Induction stove,0.0
UserB,h02_su11,Gas stove,0.0
UserB,h02_su11,Gas National Grid,0.0
UserB,h03_su11,PV sys,0.0
UserB,h03_su11,National Grid EE,0.0
UserB,h03_su11,Storage EE,0.6
UserB,h03_su11,Gas Boiler,0.0
UserB,h03_su11,HP,0.0
UserB,h03_su11,AC,0.0
UserB,h03_su11,Storage HW,0.0
UserB,h03_su11,Radiators,0.0
UserB,h03_su11,Floor heating,0.0
UserB,h03_su11,Induction stove,0.0
UserB,h03_su11,Gas stove,0.0
UserB,h03_su11,Gas National Grid,0.0
UserB,h04_su11,PV sys,0.0
UserB,h04_su11,National Grid EE,0.0
UserB,h04_su11,Storage EE,0.6
UserB,h04_su11,Gas Boiler,0.0
UserB,h04_su11,HP,0.0
UserB,h04_su11,AC,0.0
UserB,h04_su11,Storage HW,0.0
UserB,h04_su11,Radiators,0.0
UserB,h04_su11,Floor heating,0.0
UserB,h04_su11,Induction stove,0.0
UserB,h04_su11,Gas stove,0.0
UserB,h04_su11,Gas National Grid,0.0
UserB,h05_su11,PV sys,0.0
UserB,h05_su11,National Grid EE,0.0
UserB,h05_su11,Storage EE,0.6
UserB,h05_su11,Gas Boiler,0.0
UserB,h05_su11,HP,0.0
UserB,h05_su11,AC,0.0
UserB,h05_su11,Storage HW,0.0
UserB,h05_su11,Radiators,0.0
UserB,h05_su11,Floor heating,0.0
UserB,h05_su11,Induction stove,0.0
UserB,h05_su11,Gas stove,0.0
UserB,h05_su11,Gas National Grid,0.0
UserB,h06_su11,PV sys,0.0
UserB,h06_su11,National Grid EE,0.0
UserB,h06_su11,Storage EE,0.6
UserB,h06_su11,Gas Boiler,0.0
UserB,h06_su11,HP,0.0
UserB,h06_su11,AC,0.0
UserB,h06_su11,Storage HW,0.0
UserB,h06_su11,Radiators,0.0
UserB,h06_su11,Floor heating,0.0
UserB,h06_su11,Induction stove,0.0
UserB,h06_su11,Gas stove,0.0
UserB,h06_su11,Gas National Grid,0.0
UserB,h07_su11,PV sys,0.0
UserB,h07_su11,National Grid EE,0.0
UserB,h07_su11,Storage EE,0.6
UserB,h07_su11,Gas Boiler,0.0
UserB,h07_su11,HP,0.0
UserB,h07_su11,AC,0.0
UserB,h07_su11,Storage HW,0.0
UserB,h07_su11,Radiators,0.0
UserB,h07_su11,Floor heating,0.0
UserB,h07_su11,Induction stove,0.0
UserB,h07_su11,Gas stove,0.0
UserB,h07_su11,Gas National Grid,0.0
UserB,h08_su11,PV sys,0.0
UserB,h08_su11,National Grid EE,0.0
UserB,h08_su11,Storage EE,0.6
UserB,h08_su11,Gas Boiler,0.0
UserB,h08_su11,HP,0.0
UserB,h08_su11,AC,0.0
UserB,h08_su11,Storage HW,0.0
UserB,h08_su11,Radiators,0.0
UserB,h08_su11,Floor heating,0.0
UserB,h08_su11,Induction stove,0.0
UserB,h08_su11,Gas stove,0.0
UserB,h08_su11,Gas National Grid,0.0
UserB,h09_su11,PV sys,0.0
UserB,h09_su11,National Grid EE,0.0
UserB,h09_su11,Storage EE,2.0640343906386334
UserB,h09_su11,Gas Boiler,0.0
UserB,h09_su11,HP,0.0
UserB,h09_su11,AC,0.0
UserB,h09_su11,Storage HW,0.0
UserB,h09_su11,Radiators,0.0
UserB,h09_su11,Floor heating,0.0
UserB,h09_su11,Induction stove,0.0
UserB,h09_su11,Gas stove,0.0
UserB,h09_su11,Gas National Grid,0.0
UserB,h10_su11,PV sys,0.0
UserB,h10_su11,National Grid EE,0.0
UserB,h10_su11,Storage EE,1.8629037468226712
UserB,h10_su11,Gas Boiler,0.0
UserB,h10_su11,HP,0.0
UserB,h10_su11,AC,0.0
UserB,h10_su11,Storage HW,0.0
UserB,h10_su11,Radiators,0.0
UserB,h10_su11,Floor heating,0.0
UserB,h10_su11,Induction stove,0.0
UserB,h10_su11,Gas stove,0.0
UserB,h10_su11,Gas National Grid,0.0
UserB,h11_su11,PV sys,0.0
UserB,h11_su11,National Grid EE,0.0
UserB,h11_su11,Storage EE,2.314285231701415
UserB,h11_su11,Gas Boiler,0.0
UserB,h11_su11,HP,0.0
UserB,h11_su11,AC,0.0
UserB,h11_su11,Storage HW,0.0
UserB,h11_su11,Radiators,0.0
UserB,h11_su11,Floor heating,0.0
UserB,h11_su11,Induction stove,0.0
UserB,h11_su11,Gas stove,0.0
UserB,h11_su11,Gas National Grid,0.0
UserB,h12_su11,PV sys,0.0
UserB,h12_su11,National Grid EE,0.0
UserB,h12_su11,Storage EE,2.92635341802363
UserB,h12_su11,Gas Boiler,0.0
UserB,h12_su11,HP,0.0
UserB,h12_su11,AC,0.0
UserB,h12_su11,Storage HW,0.0
UserB,h12_su11,Radiators,0.0
UserB,h12_su11,Floor heating,0.0
UserB,h12_su11,Induction stove,0.0
UserB,h12_su11,Gas stove,0.0
UserB,h12_su11,Gas National Grid,0.0
UserB,h13_su11,PV sys,0.0
UserB,h13_su11,National Grid EE,0.0
UserB,h13_su11,Storage EE,3.4954195885434087
UserB,h13_su11,Gas Boiler,0.0
UserB,h13_su11,HP,0.0
UserB,h13_su11,AC,0.0
UserB,h13_su11,Storage HW,0.0
UserB,h13_su11,Radiators,0.0
UserB,h13_su11,Floor heating,0.0
UserB,h13_su11,Induction stove,0.0
UserB,h13_su11,Gas stove,0.0
UserB,h13_su11,Gas National Grid,0.0
UserB,h14_su11,PV sys,0.0
UserB,h14_su11,National Grid EE,0.0
UserB,h14_su11,Storage EE,4.968107491168369
UserB,h14_su11,Gas Boiler,0.0
UserB,h14_su11,HP,0.0
UserB,h14_su11,AC,0.0
UserB,h14_su11,Storage HW,0.0
UserB,h14_su11,Radiators,0.0
UserB,h14_su11,Floor heating,0.0
UserB,h14_su11,Induction stove,0.0
UserB,h14_su11,Gas stove,0.0
UserB,h14_su11,Gas National Grid,0.0
UserB,h15_su11,PV sys,0.0
UserB,h15_su11,National Grid EE,0.0
UserB,h15_su11,Storage EE,4.7771058073010115
UserB,h15_su11,Gas Boiler,0.0
UserB,h15_su11,HP,0.0
UserB,h15_su11,AC,0.0
UserB,h15_su11,Storage HW,0.0
UserB,h15_su11,Radiators,0.0
UserB,h15_su11,Floor heating,0.0
UserB,h15_su11,Induction stove,0.0
UserB,h15_su11,Gas stove,0.0
UserB,h15_su11,Gas National Grid,0.0
UserB,h16_su11,PV sys,0.0
UserB,h16_su11,National Grid EE,0.0
UserB,h16_su11,Storage EE,4.578422769466437
UserB,h16_su11,Gas Boiler,0.0
UserB,h16_su11,HP,0.0
UserB,h16_su11,AC,0.0
UserB,h16_su11,Storage HW,0.0
UserB,h16_su11,Radiators,0.0
UserB,h16_su11,Floor heating,0.0
UserB,h16_su11,Induction stove,0.0
UserB,h16_su11,Gas stove,0.0
UserB,h16_su11,Gas National Grid,0.0
UserB,h17_su11,PV sys,0.0
UserB,h17_su11,National Grid EE,0.0
UserB,h17_su11,Storage EE,5.635036061406842
UserB,h17_su11,Gas Boiler,0.0
UserB,h17_su11,HP,0.0
UserB,h17_su11,AC,0.0
UserB,h17_su11,Storage HW,0.0
UserB,h17_su11,Radiators,0.0
UserB,h17_su11,Floor heating,0.0
UserB,h17_su11,Induction stove,0.0
UserB,h17_su11,Gas stove,0.0
UserB,h17_su11,Gas National Grid,0.0
UserB,h18_su11,PV sys,0.0
UserB,h18_su11,National Grid EE,0.0
UserB,h18_su11,Storage EE,5.7
UserB,h18_su11,Gas Boiler,0.0
UserB,h18_su11,HP,0.0
UserB,h18_su11,AC,0.0
UserB,h18_su11,Storage HW,0.0
UserB,h18_su11,Radiators,0.0
UserB,h18_su11,Floor heating,0.0
UserB,h18_su11,Induction stove,0.0
UserB,h18_su11,Gas stove,0.0
UserB,h18_su11,Gas National Grid,0.0
UserB,h19_su11,PV sys,0.0
UserB,h19_su11,National Grid EE,0.0
UserB,h19_su11,Storage EE,5.7
UserB,h19_su11,Gas Boiler,0.0
UserB,h19_su11,HP,0.0
UserB,h19_su11,AC,0.0
UserB,h19_su11,Storage HW,0.0
UserB,h19_su11,Radiators,0.0
UserB,h19_su11,Floor heating,0.0
UserB,h19_su11,Induction stove,0.0
UserB,h19_su11,Gas stove,0.0
UserB,h19_su11,Gas National Grid,0.0
UserB,h20_su11,PV sys,0.0
UserB,h20_su11,National Grid EE,0.0
UserB,h20_su11,Storage EE,5.7
UserB,h20_su11,Gas Boiler,0.0
UserB,h20_su11,HP,0.0
UserB,h20_su11,AC,0.0
UserB,h20_su11,Storage HW,0.0
UserB,h20_su11,Radiators,0.0
UserB,h20_su11,Floor heating,0.0
UserB,h20_su11,Induction stove,0.0
UserB,h20_su11,Gas stove,0.0
UserB,h20_su11,Gas National Grid,0.0
UserB,h21_su11,PV sys,0.0
UserB,h21_su11,National Grid EE,0.0
UserB,h21_su11,Storage EE,5.7
UserB,h21_su11,Gas Boiler,0.0
UserB,h21_su11,HP,0.0
UserB,h21_su11,AC,0.0
UserB,h21_su11,Storage HW,0.0
UserB,h21_su11,Radiators,0.0
UserB,h21_su11,Floor heating,0.0
UserB,h21_su11,Induction stove,0.0
UserB,h21_su11,Gas stove,0.0
UserB,h21_su11,Gas National Grid,0.0
UserB,h22_su11,PV sys,0.0
UserB,h22_su11,National Grid EE,0.0
UserB,h22_su11,Storage EE,5.7
UserB,h22_su11,Gas Boiler,0.0
UserB,h22_su11,HP,0.0
UserB,h22_su11,AC,0.0
UserB,h22_su11,Storage HW,0.0
UserB,h22_su11,Radiators,0.0
UserB,h22_su11,Floor heating,0.0
UserB,h22_su11,Induction stove,0.0
UserB,h22_su11,Gas stove,0.0
UserB,h22_su11,Gas National Grid,0.0
UserB,h23_su11,PV sys,0.0
UserB,h23_su11,National Grid EE,0.0
UserB,h23_su11,Storage EE,5.7
UserB,h23_su11,Gas Boiler,0.0
UserB,h23_su11,HP,0.0
UserB,h23_su11,AC,0.0
UserB,h23_su11,Storage HW,0.0
UserB,h23_su11,Radiators,0.0
UserB,h23_su11,Floor heating,0.0
UserB,h23_su11,Induction stove,0.0
UserB,h23_su11,Gas stove,0.0
UserB,h23_su11,Gas National Grid,0.0
UserB,h24_su11,PV sys,0.0
UserB,h24_su11,National Grid EE,0.0
UserB,h24_su11,Storage EE,5.7
UserB,h24_su11,Gas Boiler,0.0
UserB,h24_su11,HP,0.0
UserB,h24_su11,AC,0.0
UserB,h24_su11,Storage HW,0.0
UserB,h24_su11,Radiators,0.0
UserB,h24_su11,Floor heating,0.0
UserB,h24_su11,Induction stove,0.0
UserB,h24_su11,Gas stove,0.0
UserB,h24_su11,Gas National Grid,0.0
UserB,h01_su12,PV sys,0.0
UserB,h01_su12,National Grid EE,0.0
UserB,h01_su12,Storage EE,5.7
UserB,h01_su12,Gas Boiler,0.0
UserB,h01_su12,HP,0.0
UserB,h01_su12,AC,0.0
UserB,h01_su12,Storage HW,0.0
UserB,h01_su12,Radiators,0.0
UserB,h01_su12,Floor heating,0.0
UserB,h01_su12,Induction stove,0.0
UserB,h01_su12,Gas stove,0.0
UserB,h01_su12,Gas National Grid,0.0
UserB,h02_su12,PV sys,0.0
UserB,h02_su12,National Grid EE,0.0
UserB,h02_su12,Storage EE,5.556256152915699
UserB,h02_su12,Gas Boiler,0.0
UserB,h02_su12,HP,0.0
UserB,h02_su12,AC,0.0
UserB,h02_su12,Storage HW,0.0
UserB,h02_su12,Radiators,0.0
UserB,h02_su12,Floor heating,0.0
UserB,h02_su12,Induction stove,0.0
UserB,h02_su12,Gas stove,0.0
UserB,h02_su12,Gas National Grid,0.0
UserB,h03_su12,PV sys,0.0
UserB,h03_su12,National Grid EE,0.0
UserB,h03_su12,Storage EE,5.556256152915186
UserB,h03_su12,Gas Boiler,0.0
UserB,h03_su12,HP,0.0
UserB,h03_su12,AC,0.0
UserB,h03_su12,Storage HW,0.0
UserB,h03_su12,Radiators,0.0
UserB,h03_su12,Floor heating,0.0
UserB,h03_su12,Induction stove,0.0
UserB,h03_su12,Gas stove,0.0
UserB,h03_su12,Gas National Grid,0.0
UserB,h04_su12,PV sys,0.0
UserB,h04_su12,National Grid EE,0.0
UserB,h04_su12,Storage EE,5.393652981558616
UserB,h04_su12,Gas Boiler,0.0
UserB,h04_su12,HP,0.0
UserB,h04_su12,AC,0.0
UserB,h04_su12,Storage HW,0.0
UserB,h04_su12,Radiators,0.0
UserB,h04_su12,Floor heating,0.0
UserB,h04_su12,Induction stove,0.0
UserB,h04_su12,Gas stove,0.0
UserB,h04_su12,Gas National Grid,0.0
UserB,h05_su12,PV sys,0.0
UserB,h05_su12,National Grid EE,0.0
UserB,h05_su12,Storage EE,5.393652981558616
UserB,h05_su12,Gas Boiler,0.0
UserB,h05_su12,HP,0.0
UserB,h05_su12,AC,0.0
UserB,h05_su12,Storage HW,0.0
UserB,h05_su12,Radiators,0.0
UserB,h05_su12,Floor heating,0.0
UserB,h05_su12,Induction stove,0.0
UserB,h05_su12,Gas stove,0.0
UserB,h05_su12,Gas National Grid,0.0
UserB,h06_su12,PV sys,0.0
UserB,h06_su12,National Grid EE,0.0
UserB,h06_su12,Storage EE,5.393652981561005
UserB,h06_su12,Gas Boiler,0.0
UserB,h06_su12,HP,0.0
UserB,h06_su12,AC,0.0
UserB,h06_su12,Storage HW,0.0
UserB,h06_su12,Radiators,0.0
UserB,h06_su12,Floor heating,0.0
UserB,h06_su12,Induction stove,0.0
UserB,h06_su12,Gas stove,0.0
UserB,h06_su12,Gas National Grid,0.0
UserB,h07_su12,PV sys,0.0
UserB,h07_su12,National Grid EE,0.0
UserB,h07_su12,Storage EE,5.4546529812714954
UserB,h07_su12,Gas Boiler,0.0
UserB,h07_su12,HP,0.0
UserB,h07_su12,AC,0.0
UserB,h07_su12,Storage HW,0.0
UserB,h07_su12,Radiators,0.0
UserB,h07_su12,Floor heating,0.0
UserB,h07_su12,Induction stove,0.0
UserB,h07_su12,Gas stove,0.0
UserB,h07_su12,Gas National Grid,0.0
UserB,h08_su12,PV sys,0.0
UserB,h08_su12,National Grid EE,0.0
UserB,h08_su12,Storage EE,5.578002981270704
UserB,h08_su12,Gas Boiler,0.0
UserB,h08_su12,HP,0.0
UserB,h08_su12,AC,0.0
UserB,h08_su12,Storage HW,0.0
UserB,h08_su12,Radiators,0.0
UserB,h08_su12,Floor heating,0.0
UserB,h08_su12,Induction stove,0.0
UserB,h08_su12,Gas stove,0.0
UserB,h08_su12,Gas National Grid,0.0
UserB,h09_su12,PV sys,0.0
UserB,h09_su12,National Grid EE,0.0
UserB,h09_su12,Storage EE,4.8376677752188915
UserB,h09_su12,Gas Boiler,0.0
UserB,h09_su12,HP,0.0
UserB,h09_su12,AC,0.0
UserB,h09_su12,Storage HW,0.0
UserB,h09_su12,Radiators,0.0
UserB,h09_su12,Floor heating,0.0
UserB,h09_su12,Induction stove,0.0
UserB,h09_su12,Gas stove,0.0
UserB,h09_su12,Gas National Grid,0.0
UserB,h10_su12,PV sys,0.0
UserB,h10_su12,National Grid EE,0.0
UserB,h10_su12,Storage EE,5.349567775218244
UserB,h10_su12,Gas Boiler,0.0
UserB,h10_su12,HP,0.0
UserB,h10_su12,AC,0.0
UserB,h10_su12,Storage HW,0.0
UserB,h10_su12,Radiators,0.0
UserB,h10_su12,Floor heating,0.0
UserB,h10_su12,Induction stove,0.0
UserB,h10_su12,Gas stove,0.0
UserB,h10_su12,Gas National Grid,0.0
UserB,h11_su12,PV sys,0.0
UserB,h11_su12,National Grid EE,0.0
UserB,h11_su12,Storage EE,5.103993553792221
UserB,h11_su12,Gas Boiler,0.0
UserB,h11_su12,HP,0.0
UserB,h11_su12,AC,0.0
UserB,h11_su12,Storage HW,0.0
UserB,h11_su12,Radiators,0.0
UserB,h11_su12,Floor heating,0.0
UserB,h11_su12,Induction stove,0.0
UserB,h11_su12,Gas stove,0.0
UserB,h11_su12,Gas National Grid,0.0
UserB,h12_su12,PV sys,0.0
UserB,h12_su12,National Grid EE,0.0
UserB,h12_su12,Storage EE,5.074010536375303
UserB,h12_su12,Gas Boiler,0.0
UserB,h12_su12,HP,0.0
UserB,h12_su12,AC,0.0
UserB,h12_su12,Storage HW,0.0
UserB,h12_su12,Radiators,0.0
UserB,h12_su12,Floor heating,0.0
UserB,h12_su12,Induction stove,0.0
UserB,h12_su12,Gas stove,0.0
UserB,h12_su12,Gas National Grid,0.0
UserB,h13_su12,PV sys,0.0
UserB,h13_su12,National Grid EE,0.0
UserB,h13_su12,Storage EE,5.139902374408161
UserB,h13_su12,Gas Boiler,0.0
UserB,h13_su12,HP,0.0
UserB,h13_su12,AC,0.0
UserB,h13_su12,Storage HW,0.0
UserB,h13_su12,Radiators,0.0
UserB,h13_su12,Floor heating,0.0
UserB,h13_su12,Induction stove,0.0
UserB,h13_su12,Gas stove,0.0
UserB,h13_su12,Gas National Grid,0.0
UserB,h14_su12,PV sys,0.0
UserB,h14_su12,National Grid EE,0.0
UserB,h14_su12,Storage EE,5.522102374408367
UserB,h14_su12,Gas Boiler,0.0
UserB,h14_su12,HP,0.0
UserB,h14_su12,AC,0.0
UserB,h14_su12,Storage HW,0.0
UserB,h14_su12,Radiators,0.0
UserB,h14_su12,Floor heating,0.0
UserB,h14_su12,Induction stove,0.0
UserB,h14_su12,Gas stove,0.0
UserB,h14_su12,Gas National Grid,0.0
UserB,h15_su12,PV sys,0.0
UserB,h15_su12,National Grid EE,0.0
UserB,h15_su12,Storage EE,5.62908261664155
UserB,h15_su12,Gas Boiler,0.0
UserB,h15_su12,HP,0.0
UserB,h15_su12,AC,0.0
UserB,h15_su12,Storage HW,0.0
UserB,h15_su12,Radiators,0.0
UserB,h15_su12,Floor heating,0.0
UserB,h15_su12,Induction stove,0.0
UserB,h15_su12,Gas stove,0.0
UserB,h15_su12,Gas National Grid,0.0
UserB,h16_su12,PV sys,0.0
UserB,h16_su12,National Grid EE,0.0
UserB,h16_su12,Storage EE,5.7
UserB,h16_su12,Gas Boiler,0.0
UserB,h16_su12,HP,0.0
UserB,h16_su12,AC,0.0
UserB,h16_su12,Storage HW,0.0
UserB,h16_su12,Radiators,0.0
UserB,h16_su12,Floor heating,0.0
UserB,h16_su12,Induction stove,0.0
UserB,h16_su12,Gas stove,0.0
UserB,h16_su12,Gas National Grid,0.0
UserB,h17_su12,PV sys,0.0
UserB,h17_su12,National Grid EE,0.0
UserB,h17_su12,Storage EE,5.7
UserB,h17_su12,Gas Boiler,0.0
UserB,h17_su12,HP,0.0
UserB,h17_su12,AC,0.0
UserB,h17_su12,Storage HW,0.0
UserB,h17_su12,Radiators,0.0
UserB,h17_su12,Floor heating,0.0
UserB,h17_su12,Induction stove,0.0
UserB,h17_su12,Gas stove,0.0
UserB,h17_su12,Gas National Grid,0.0
UserB,h18_su12,PV sys,0.0
UserB,h18_su12,National Grid EE,0.0
UserB,h18_su12,Storage EE,5.7
UserB,h18_su12,Gas Boiler,0.0
UserB,h18_su12,HP,0.0
UserB,h18_su12,AC,0.0
UserB,h18_su12,Storage HW,0.0
UserB,h18_su12,Radiators,0.0
UserB,h18_su12,Floor heating,0.0
UserB,h18_su12,Induction stove,0.0
UserB,h18_su12,Gas stove,0.0
UserB,h18_su12,Gas National Grid,0.0
UserB,h19_su12,PV sys,0.0
UserB,h19_su12,National Grid EE,0.0
UserB,h19_su12,Storage EE,5.7
UserB,h19_su12,Gas Boiler,0.0
UserB,h19_su12,HP,0.0
UserB,h19_su12,AC,0.0
UserB,h19_su12,Storage HW,0.0
UserB,h19_su12,Radiators,0.0
UserB,h19_su12,Floor heating,0.0
UserB,h19_su12,Induction stove,0.0
UserB,h19_su12,Gas stove,0.0
UserB,h19_su12,Gas National Grid,0.0
UserB,h20_su12,PV sys,0.0
UserB,h20_su12,National Grid EE,0.0
UserB,h20_su12,Storage EE,5.7
UserB,h20_su12,Gas Boiler,0.0
UserB,h20_su12,HP,0.0
UserB,h20_su12,AC,0.0
UserB,h20_su12,Storage HW,0.0
UserB,h20_su12,Radiators,0.0
UserB,h20_su12,Floor heating,0.0
UserB,h20_su12,Induction stove,0.0
UserB,h20_su12,Gas stove,0.0
UserB,h20_su12,Gas National Grid,0.0
UserB,h21_su12,PV sys,0.0
UserB,h21_su12,National Grid EE,0.0
UserB,h21_su12,Storage EE,5.7
UserB,h21_su12,Gas Boiler,0.0
UserB,h21_su12,HP,0.0
UserB,h21_su12,AC,0.0
UserB,h21_su12,Storage HW,0.0
UserB,h21_su12,Radiators,0.0
UserB,h21_su12,Floor heating,0.0
UserB,h21_su12,Induction stove,0.0
UserB,h21_su12,Gas stove,0.0
UserB,h21_su12,Gas National Grid,0.0
UserB,h22_su12,PV sys,0.0
UserB,h22_su12,National Grid EE,0.0
UserB,h22_su12,Storage EE,5.7
UserB,h22_su12,Gas Boiler,0.0
UserB,h22_su12,HP,0.0
UserB,h22_su12,AC,0.0
UserB,h22_su12,Storage HW,0.0
UserB,h22_su12,Radiators,0.0
UserB,h22_su12,Floor heating,0.0
UserB,h22_su12,Induction stove,0.0
UserB,h22_su12,Gas stove,0.0
UserB,h22_su12,Gas National Grid,0.0
UserB,h23_su12,PV sys,0.0
UserB,h23_su12,National Grid EE,0.0
UserB,h23_su12,Storage EE,5.7
UserB,h23_su12,Gas Boiler,0.0
UserB,h23_su12,HP,0.0
UserB,h23_su12,AC,0.0
UserB,h23_su12,Storage HW,0.0
UserB,h23_su12,Radiators,0.0
UserB,h23_su12,Floor heating,0.0
UserB,h23_su12,Induction stove,0.0
UserB,h23_su12,Gas stove,0.0
UserB,h23_su12,Gas National Grid,0.0
UserB,h24_su12,PV sys,0.0
UserB,h24_su12,National Grid EE,0.0
UserB,h24_su12,Storage EE,5.7
UserB,h24_su12,Gas Boiler,0.0
UserB,h24_su12,HP,0.0
UserB,h24_su12,AC,0.0
UserB,h24_su12,Storage HW,0.0
UserB,h24_su12,Radiators,0.0
UserB,h24_su12,Floor heating,0.0
UserB,h24_su12,Induction stove,0.0
UserB,h24_su12,Gas stove,0.0
UserB,h24_su12,Gas National Grid,0.0
UserB,h01_su13,PV sys,0.0
UserB,h01_su13,National Grid EE,0.0
UserB,h01_su13,Storage EE,5.491376946640079
UserB,h01_su13,Gas Boiler,0.0
UserB,h01_su13,HP,0.0
UserB,h01_su13,AC,0.0
UserB,h01_su13,Storage HW,0.0
UserB,h01_su13,Radiators,0.0
UserB,h01_su13,Floor heating,0.0
UserB,h01_su13,Induction stove,0.0
UserB,h01_su13,Gas stove,0.0
UserB,h01_su13,Gas National Grid,0.0
UserB,h02_su13,PV sys,0.0
UserB,h02_su13,National Grid EE,0.0
UserB,h02_su13,Storage EE,5.3190321409775985
UserB,h02_su13,Gas Boiler,0.0
UserB,h02_su13,HP,0.0
UserB,h02_su13,AC,0.0
UserB,h02_su13,Storage HW,0.0
UserB,h02_su13,Radiators,0.0
UserB,h02_su13,Floor heating,0.0
UserB,h02_su13,Induction stove,0.0
UserB,h02_su13,Gas stove,0.0
UserB,h02_su13,Gas National Grid,0.0
UserB,h03_su13,PV sys,0.0
UserB,h03_su13,National Grid EE,0.0
UserB,h03_su13,Storage EE,5.319032140976617
UserB,h03_su13,Gas Boiler,0.0
UserB,h03_su13,HP,0.0
UserB,h03_su13,AC,0.0
UserB,h03_su13,Storage HW,0.0
UserB,h03_su13,Radiators,0.0
UserB,h03_su13,Floor heating,0.0
UserB,h03_su13,Induction stove,0.0
UserB,h03_su13,Gas stove,0.0
UserB,h03_su13,Gas National Grid,0.0
UserB,h04_su13,PV sys,0.0
UserB,h04_su13,National Grid EE,0.0
UserB,h04_su13,Storage EE,5.31903214097575
UserB,h04_su13,Gas Boiler,0.0
UserB,h04_su13,HP,0.0
UserB,h04_su13,AC,0.0
UserB,h04_su13,Storage HW,0.0
UserB,h04_su13,Radiators,0.0
UserB,h04_su13,Floor heating,0.0
UserB,h04_su13,Induction stove,0.0
UserB,h04_su13,Gas stove,0.0
UserB,h04_su13,Gas National Grid,0.0
UserB,h05_su13,PV sys,0.0
UserB,h05_su13,National Grid EE,0.0
UserB,h05_su13,Storage EE,5.192057167775183
UserB,h05_su13,Gas Boiler,0.0
UserB,h05_su13,HP,0.0
UserB,h05_su13,AC,0.0
UserB,h05_su13,Storage HW,0.0
UserB,h05_su13,Radiators,0.0
UserB,h05_su13,Floor heating,0.0
UserB,h05_su13,Induction stove,0.0
UserB,h05_su13,Gas stove,0.0
UserB,h05_su13,Gas National Grid,0.0
UserB,h06_su13,PV sys,0.0
UserB,h06_su13,National Grid EE,0.0
UserB,h06_su13,Storage EE,5.218132167785703
UserB,h06_su13,Gas Boiler,0.0
UserB,h06_su13,HP,0.0
UserB,h06_su13,AC,0.0
UserB,h06_su13,Storage HW,0.0
UserB,h06_su13,Radiators,0.0
UserB,h06_su13,Floor heating,0.0
UserB,h06_su13,Induction stove,0.0
UserB,h06_su13,Gas stove,0.0
UserB,h06_su13,Gas National Grid,0.0
UserB,h07_su13,PV sys,0.0
UserB,h07_su13,National Grid EE,0.0
UserB,h07_su13,Storage EE,4.83120246147259
UserB,h07_su13,Gas Boiler,0.0
UserB,h07_su13,HP,0.0
UserB,h07_su13,AC,0.0
UserB,h07_su13,Storage HW,0.0
UserB,h07_su13,Radiators,0.0
UserB,h07_su13,Floor heating,0.0
UserB,h07_su13,Induction stove,0.0
UserB,h07_su13,Gas stove,0.0
UserB,h07_su13,Gas National Grid,0.0
UserB,h08_su13,PV sys,0.0
UserB,h08_su13,National Grid EE,0.0
UserB,h08_su13,Storage EE,4.8004786173451635
UserB,h08_su13,Gas Boiler,0.0
UserB,h08_su13,HP,0.0
UserB,h08_su13,AC,0.0
UserB,h08_su13,Storage HW,0.0
UserB,h08_su13,Radiators,0.0
UserB,h08_su13,Floor heating,0.0
UserB,h08_su13,Induction stove,0.0
UserB,h08_su13,Gas stove,0.0
UserB,h08_su13,Gas National Grid,0.0
UserB,h09_su13,PV sys,0.0
UserB,h09_su13,National Grid EE,0.0
UserB,h09_su13,Storage EE,4.713702565171988
UserB,h09_su13,Gas Boiler,0.0
UserB,h09_su13,HP,0.0
UserB,h09_su13,AC,0.0
UserB,h09_su13,Storage HW,0.0
UserB,h09_su13,Radiators,0.0
UserB,h09_su13,Floor heating,0.0
UserB,h09_su13,Induction stove,0.0
UserB,h09_su13,Gas stove,0.0
UserB,h09_su13,Gas National Grid,0.0
UserB,h10_su13,PV sys,0.0
UserB,h10_su13,National Grid EE,0.0
UserB,h10_su13,Storage EE,4.792714665205537
UserB,h10_su13,Gas Boiler,0.0
UserB,h10_su13,HP,0.0
UserB,h10_su13,AC,0.0
UserB,h10_su13,Storage HW,0.0
UserB,h10_su13,Radiators,0.0
UserB,h10_su13,Floor heating,0.0
UserB,h10_su13,Induction stove,0.0
UserB,h10_su13,Gas stove,0.0
UserB,h10_su13,Gas National Grid,0.0
UserB,h11_su13,PV sys,0.0
UserB,h11_su13,National Grid EE,0.0
UserB,h11_su13,Storage EE,4.87966065335434
UserB,h11_su13,Gas Boiler,0.0
UserB,h11_su13,HP,0.0
UserB,h11_su13,AC,0.0
UserB,h11_su13,Storage HW,0.0
UserB,h11_su13,Radiators,0.0
UserB,h11_su13,Floor heating,0.0
UserB,h11_su13,Induction stove,0.0
UserB,h11_su13,Gas stove,0.0
UserB,h11_su13,Gas National Grid,0.0
UserB,h12_su13,PV sys,0.0
UserB,h12_su13,National Grid EE,0.0
UserB,h12_su13,Storage EE,5.142409227551056
UserB,h12_su13,Gas Boiler,0.0
UserB,h12_su13,HP,0.0
UserB,h12_su13,AC,0.0
UserB,h12_su13,Storage HW,0.0
UserB,h12_su13,Radiators,0.0
UserB,h12_su13,Floor heating,0.0
UserB,h12_su13,Induction stove,0.0
UserB,h12_su13,Gas stove,0.0
UserB,h12_su13,Gas National Grid,0.0
UserB,h13_su13,PV sys,0.0
UserB,h13_su13,National Grid EE,0.0
UserB,h13_su13,Storage EE,5.4066795113091795
UserB,h13_su13,Gas Boiler,0.0
UserB,h13_su13,HP,0.0
UserB,h13_su13,AC,0.0
UserB,h13_su13,Storage HW,0.0
UserB,h13_su13,Radiators,0.0
UserB,h13_su13,Floor heating,0.0
UserB,h13_su13,Induction stove,0.0
UserB,h13_su13,Gas stove,0.0
UserB,h13_su13,Gas National Grid,0.0
UserB,h14_su13,PV sys,0.0
UserB,h14_su13,National Grid EE,0.0
UserB,h14_su13,Storage EE,5.607246404480051
UserB,h14_su13,Gas Boiler,0.0
UserB,h14_su13,HP,0.0
UserB,h14_su13,AC,0.0
UserB,h14_su13,Storage HW,0.0
UserB,h14_su13,Radiators,0.0
UserB,h14_su13,Floor heating,0.0
UserB,h14_su13,Induction stove,0.0
UserB,h14_su13,Gas stove,0.0
UserB,h14_su13,Gas National Grid,0.0
UserB,h15_su13,PV sys,0.0
UserB,h15_su13,National Grid EE,0.0
UserB,h15_su13,Storage EE,5.664511730044886
UserB,h15_su13,Gas Boiler,0.0
UserB,h15_su13,HP,0.0
UserB,h15_su13,AC,0.0
UserB,h15_su13,Storage HW,0.0
UserB,h15_su13,Radiators,0.0
UserB,h15_su13,Floor heating,0.0
UserB,h15_su13,Induction stove,0.0
UserB,h15_su13,Gas stove,0.0
UserB,h15_su13,Gas National Grid,0.0
UserB,h16_su13,PV sys,0.0
UserB,h16_su13,National Grid EE,0.0
UserB,h16_su13,Storage EE,5.7
UserB,h16_su13,Gas Boiler,0.0
UserB,h16_su13,HP,0.0
UserB,h16_su13,AC,0.0
UserB,h16_su13,Storage HW,0.0
UserB,h16_su13,Radiators,0.0
UserB,h16_su13,Floor heating,0.0
UserB,h16_su13,Induction stove,0.0
UserB,h16_su13,Gas stove,0.0
UserB,h16_su13,Gas National Grid,0.0
UserB,h17_su13,PV sys,0.0
UserB,h17_su13,National Grid EE,0.0
UserB,h17_su13,Storage EE,5.592352540900643
UserB,h17_su13,Gas Boiler,0.0
UserB,h17_su13,HP,0.0
UserB,h17_su13,AC,0.0
UserB,h17_su13,Storage HW,0.0
UserB,h17_su13,Radiators,0.0
UserB,h17_su13,Floor heating,0.0
UserB,h17_su13,Induction stove,0.0
UserB,h17_su13,Gas stove,0.0
UserB,h17_su13,Gas National Grid,0.0
UserB,h18_su13,PV sys,0.0
UserB,h18_su13,National Grid EE,0.0
UserB,h18_su13,Storage EE,5.2415145339637395
UserB,h18_su13,Gas Boiler,0.0
UserB,h18_su13,HP,0.0
UserB,h18_su13,AC,0.0
UserB,h18_su13,Storage HW,0.0
UserB,h18_su13,Radiators,0.0
UserB,h18_su13,Floor heating,0.0
UserB,h18_su13,Induction stove,0.0
UserB,h18_su13,Gas stove,0.0
UserB,h18_su13,Gas National Grid,0.0
UserB,h19_su13,PV sys,0.0
UserB,h19_su13,National Grid EE,0.0
UserB,h19_su13,Storage EE,4.4370819206731476
UserB,h19_su13,Gas Boiler,0.0
UserB,h19_su13,HP,0.0
UserB,h19_su13,AC,0.0
UserB,h19_su13,Storage HW,0.0
UserB,h19_su13,Radiators,0.0
UserB,h19_su13,Floor heating,0.0
UserB,h19_su13,Induction stove,0.0
UserB,h19_su13,Gas stove,0.0
UserB,h19_su13,Gas National Grid,0.0
UserB,h20_su13,PV sys,0.0
UserB,h20_su13,National Grid EE,0.0
UserB,h20_su13,Storage EE,4.437081920672392
UserB,h20_su13,Gas Boiler,0.0
UserB,h20_su13,HP,0.0
UserB,h20_su13,AC,0.0
UserB,h20_su13,Storage HW,0.0
UserB,h20_su13,Radiators,0.0
UserB,h20_su13,Floor heating,0.0
UserB,h20_su13,Induction stove,0.0
UserB,h20_su13,Gas stove,0.0
UserB,h20_su13,Gas National Grid,0.0
UserB,h21_su13,PV sys,0.0
UserB,h21_su13,National Grid EE,0.0
UserB,h21_su13,Storage EE,3.8516280870032
UserB,h21_su13,Gas Boiler,0.0
UserB,h21_su13,HP,0.0
UserB,h21_su13,AC,0.0
UserB,h21_su13,Storage HW,0.0
UserB,h21_su13,Radiators,0.0
UserB,h21_su13,Floor heating,0.0
UserB,h21_su13,Induction stove,0.0
UserB,h21_su13,Gas stove,0.0
UserB,h21_su13,Gas National Grid,0.0
UserB,h22_su13,PV sys,0.0
UserB,h22_su13,National Grid EE,0.0
UserB,h22_su13,Storage EE,3.0191376699786163
UserB,h22_su13,Gas Boiler,0.0
UserB,h22_su13,HP,0.0
UserB,h22_su13,AC,0.0
UserB,h22_su13,Storage HW,0.0
UserB,h22_su13,Radiators,0.0
UserB,h22_su13,Floor heating,0.0
UserB,h22_su13,Induction stove,0.0
UserB,h22_su13,Gas stove,0.0
UserB,h22_su13,Gas National Grid,0.0
UserB,h23_su13,PV sys,0.0
UserB,h23_su13,National Grid EE,0.0
UserB,h23_su13,Storage EE,3.0191376699778205
UserB,h23_su13,Gas Boiler,0.0
UserB,h23_su13,HP,0.0
UserB,h23_su13,AC,0.0
UserB,h23_su13,Storage HW,0.0
UserB,h23_su13,Radiators,0.0
UserB,h23_su13,Floor heating,0.0
UserB,h23_su13,Induction stove,0.0
UserB,h23_su13,Gas stove,0.0
UserB,h23_su13,Gas National Grid,0.0
UserB,h24_su13,PV sys,0.0
UserB,h24_su13,National Grid EE,0.0
UserB,h24_su13,Storage EE,2.552607789691526
UserB,h24_su13,Gas Boiler,0.0
UserB,h24_su13,HP,0.0
UserB,h24_su13,AC,0.0
UserB,h24_su13,Storage HW,0.0
UserB,h24_su13,Radiators,0.0
UserB,h24_su13,Floor heating,0.0
UserB,h24_su13,Induction stove,0.0
UserB,h24_su13,Gas stove,0.0
UserB,h24_su13,Gas National Grid,0.0
UserB,h01_su14,PV sys,0.0
UserB,h01_su14,National Grid EE,0.0
UserB,h01_su14,Storage EE,2.347450797959016
UserB,h01_su14,Gas Boiler,0.0
UserB,h01_su14,HP,0.0
UserB,h01_su14,AC,0.0
UserB,h01_su14,Storage HW,0.0
UserB,h01_su14,Radiators,0.0
UserB,h01_su14,Floor heating,0.0
UserB,h01_su14,Induction stove,0.0
UserB,h01_su14,Gas stove,0.0
UserB,h01_su14,Gas National Grid,0.0
UserB,h02_su14,PV sys,0.0
UserB,h02_su14,National Grid EE,0.0
UserB,h02_su14,Storage EE,2.347450797959016
UserB,h02_su14,Gas Boiler,0.0
UserB,h02_su14,HP,0.0
UserB,h02_su14,AC,0.0
UserB,h02_su14,Storage HW,0.0
UserB,h02_su14,Radiators,0.0
UserB,h02_su14,Floor heating,0.0
UserB,h02_su14,Induction stove,0.0
UserB,h02_su14,Gas stove,0.0
UserB,h02_su14,Gas National Grid,0.0
UserB,h03_su14,PV sys,0.0
UserB,h03_su14,National Grid EE,0.0
UserB,h03_su14,Storage EE,2.347450797959016
UserB,h03_su14,Gas Boiler,0.0
UserB,h03_su14,HP,0.0
UserB,h03_su14,AC,0.0
UserB,h03_su14,Storage HW,0.0
UserB,h03_su14,Radiators,0.0
UserB,h03_su14,Floor heating,0.0
UserB,h03_su14,Induction stove,0.0
UserB,h03_su14,Gas stove,0.0
UserB,h03_su14,Gas National Grid,0.0
UserB,h04_su14,PV sys,0.0
UserB,h04_su14,National Grid EE,0.0
UserB,h04_su14,Storage EE,2.3474507979590618
UserB,h04_su14,Gas Boiler,0.0
UserB,h04_su14,HP,0.0
UserB,h04_su14,AC,0.0
UserB,h04_su14,Storage HW,0.0
UserB,h04_su14,Radiators,0.0
UserB,h04_su14,Floor heating,0.0
UserB,h04_su14,Induction stove,0.0
UserB,h04_su14,Gas stove,0.0
UserB,h04_su14,Gas National Grid,0.0
UserB,h05_su14,PV sys,0.0
UserB,h05_su14,National Grid EE,0.0
UserB,h05_su14,Storage EE,2.3474507979590618
UserB,h05_su14,Gas Boiler,0.0
UserB,h05_su14,HP,0.0
UserB,h05_su14,AC,0.0
UserB,h05_su14,Storage HW,0.0
UserB,h05_su14,Radiators,0.0
UserB,h05_su14,Floor heating,0.0
UserB,h05_su14,Induction stove,0.0
UserB,h05_su14,Gas stove,0.0
UserB,h05_su14,Gas National Grid,0.0
UserB,h06_su14,PV sys,0.0
UserB,h06_su14,National Grid EE,0.0
UserB,h06_su14,Storage EE,2.3735257979591253
UserB,h06_su14,Gas Boiler,0.0
UserB,h06_su14,HP,0.0
UserB,h06_su14,AC,0.0
UserB,h06_su14,Storage HW,0.0
UserB,h06_su14,Radiators,0.0
UserB,h06_su14,Floor heating,0.0
UserB,h06_su14,Induction stove,0.0
UserB,h06_su14,Gas stove,0.0
UserB,h06_su14,Gas National Grid,0.0
UserB,h07_su14,PV sys,0.0
UserB,h07_su14,National Grid EE,0.0
UserB,h07_su14,Storage EE,2.482387556316789
UserB,h07_su14,Gas Boiler,0.0
UserB,h07_su14,HP,0.0
UserB,h07_su14,AC,0.0
UserB,h07_su14,Storage HW,0.0
UserB,h07_su14,Radiators,0.0
UserB,h07_su14,Floor heating,0.0
UserB,h07_su14,Induction stove,0.0
UserB,h07_su14,Gas stove,0.0
UserB,h07_su14,Gas National Grid,0.0
UserB,h08_su14,PV sys,0.0
UserB,h08_su14,National Grid EE,0.0
UserB,h08_su14,Storage EE,1.6595602969364098
UserB,h08_su14,Gas Boiler,0.0
UserB,h08_su14,HP,0.0
UserB,h08_su14,AC,0.0
UserB,h08_su14,Storage HW,0.0
UserB,h08_su14,Radiators,0.0
UserB,h08_su14,Floor heating,0.0
UserB,h08_su14,Induction stove,0.0
UserB,h08_su14,Gas stove,0.0
UserB,h08_su14,Gas National Grid,0.0
UserB,h09_su14,PV sys,0.0
UserB,h09_su14,National Grid EE,0.0
UserB,h09_su14,Storage EE,1.227276148712899
UserB,h09_su14,Gas Boiler,0.0
UserB,h09_su14,HP,0.0
UserB,h09_su14,AC,0.0
UserB,h09_su14,Storage HW,0.0
UserB,h09_su14,Radiators,0.0
UserB,h09_su14,Floor heating,0.0
UserB,h09_su14,Induction stove,0.0
UserB,h09_su14,Gas stove,0.0
UserB,h09_su14,Gas National Grid,0.0
UserB,h10_su14,PV sys,0.0
UserB,h10_su14,National Grid EE,0.0
UserB,h10_su14,Storage EE,1.0486751394171472
UserB,h10_su14,Gas Boiler,0.0
UserB,h10_su14,HP,0.0
UserB,h10_su14,AC,0.0
UserB,h10_su14,Storage HW,0.0
UserB,h10_su14,Radiators,0.0
UserB,h10_su14,Floor heating,0.0
UserB,h10_su14,Induction stove,0.0
UserB,h10_su14,Gas stove,0.0
UserB,h10_su14,Gas National Grid,0.0
UserB,h11_su14,PV sys,0.0
UserB,h11_su14,National Grid EE,0.0
UserB,h11_su14,Storage EE,1.172620903938365
UserB,h11_su14,Gas Boiler,0.0
UserB,h11_su14,HP,0.0
UserB,h11_su14,AC,0.0
UserB,h11_su14,Storage HW,0.0
UserB,h11_su14,Radiators,0.0
UserB,h11_su14,Floor heating,0.0
UserB,h11_su14,Induction stove,0.0
UserB,h11_su14,Gas stove,0.0
UserB,h11_su14,Gas National Grid,0.0
UserB,h12_su14,PV sys,0.0
UserB,h12_su14,National Grid EE,0.0
UserB,h12_su14,Storage EE,1.5001826538258827
UserB,h12_su14,Gas Boiler,0.0
UserB,h12_su14,HP,0.0
UserB,h12_su14,AC,0.0
UserB,h12_su14,Storage HW,0.0
UserB,h12_su14,Radiators,0.0
UserB,h12_su14,Floor heating,0.0
UserB,h12_su14,Induction stove,0.0
UserB,h12_su14,Gas stove,0.0
UserB,h12_su14,Gas National Grid,0.0
UserB,h13_su14,PV sys,0.0
UserB,h13_su14,National Grid EE,0.0
UserB,h13_su14,Storage EE,1.8118933603510237
UserB,h13_su14,Gas Boiler,0.0
UserB,h13_su14,HP,0.0
UserB,h13_su14,AC,0.0
UserB,h13_su14,Storage HW,0.0
UserB,h13_su14,Radiators,0.0
UserB,h13_su14,Floor heating,0.0
UserB,h13_su14,Induction stove,0.0
UserB,h13_su14,Gas stove,0.0
UserB,h13_su14,Gas National Grid,0.0
UserB,h14_su14,PV sys,0.0
UserB,h14_su14,National Grid EE,0.0
UserB,h14_su14,Storage EE,2.135400932370694
UserB,h14_su14,Gas Boiler,0.0
UserB,h14_su14,HP,0.0
UserB,h14_su14,AC,0.0
UserB,h14_su14,Storage HW,0.0
UserB,h14_su14,Radiators,0.0
UserB,h14_su14,Floor heating,0.0
UserB,h14_su14,Induction stove,0.0
UserB,h14_su14,Gas stove,0.0
UserB,h14_su14,Gas National Grid,0.0
UserB,h15_su14,PV sys,0.0
UserB,h15_su14,National Grid EE,0.0
UserB,h15_su14,Storage EE,2.2392702116085776
UserB,h15_su14,Gas Boiler,0.0
UserB,h15_su14,HP,0.0
UserB,h15_su14,AC,0.0
UserB,h15_su14,Storage HW,0.0
UserB,h15_su14,Radiators,0.0
UserB,h15_su14,Floor heating,0.0
UserB,h15_su14,Induction stove,0.0
UserB,h15_su14,Gas stove,0.0
UserB,h15_su14,Gas National Grid,0.0
UserB,h16_su14,PV sys,0.0
UserB,h16_su14,National Grid EE,0.0
UserB,h16_su14,Storage EE,2.2912118801770176
UserB,h16_su14,Gas Boiler,0.0
UserB,h16_su14,HP,0.0
UserB,h16_su14,AC,0.0
UserB,h16_su14,Storage HW,0.0
UserB,h16_su14,Radiators,0.0
UserB,h16_su14,Floor heating,0.0
UserB,h16_su14,Induction stove,0.0
UserB,h16_su14,Gas stove,0.0
UserB,h16_su14,Gas National Grid,0.0
UserB,h17_su14,PV sys,0.0
UserB,h17_su14,National Grid EE,0.0
UserB,h17_su14,Storage EE,2.2714060874968784
UserB,h17_su14,Gas Boiler,0.0
UserB,h17_su14,HP,0.0
UserB,h17_su14,AC,0.0
UserB,h17_su14,Storage HW,0.0
UserB,h17_su14,Radiators,0.0
UserB,h17_su14,Floor heating,0.0
UserB,h17_su14,Induction stove,0.0
UserB,h17_su14,Gas stove,0.0
UserB,h17_su14,Gas National Grid,0.0
UserB,h18_su14,PV sys,0.0
UserB,h18_su14,National Grid EE,0.0
UserB,h18_su14,Storage EE,2.0904485763579044
UserB,h18_su14,Gas Boiler,0.0
UserB,h18_su14,HP,0.0
UserB,h18_su14,AC,0.0
UserB,h18_su14,Storage HW,0.0
UserB,h18_su14,Radiators,0.0
UserB,h18_su14,Floor heating,0.0
UserB,h18_su14,Induction stove,0.0
UserB,h18_su14,Gas stove,0.0
UserB,h18_su14,Gas National Grid,0.0
UserB,h19_su14,PV sys,0.0
UserB,h19_su14,National Grid EE,0.0
UserB,h19_su14,Storage EE,1.3735527591309478
UserB,h19_su14,Gas Boiler,0.0
UserB,h19_su14,HP,0.0
UserB,h19_su14,AC,0.0
UserB,h19_su14,Storage HW,0.0
UserB,h19_su14,Radiators,0.0
UserB,h19_su14,Floor heating,0.0
UserB,h19_su14,Induction stove,0.0
UserB,h19_su14,Gas stove,0.0
UserB,h19_su14,Gas National Grid,0.0
UserB,h20_su14,PV sys,0.0
UserB,h20_su14,National Grid EE,0.0
UserB,h20_su14,Storage EE,0.6
UserB,h20_su14,Gas Boiler,0.0
UserB,h20_su14,HP,0.0
UserB,h20_su14,AC,0.0
UserB,h20_su14,Storage HW,0.0
UserB,h20_su14,Radiators,0.0
UserB,h20_su14,Floor heating,0.0
UserB,h20_su14,Induction stove,0.0
UserB,h20_su14,Gas stove,0.0
UserB,h20_su14,Gas National Grid,0.0
UserB,h21_su14,PV sys,0.0
UserB,h21_su14,National Grid EE,0.0
UserB,h21_su14,Storage EE,0.6
UserB,h21_su14,Gas Boiler,0.0
UserB,h21_su14,HP,0.0
UserB,h21_su14,AC,0.0
UserB,h21_su14,Storage HW,0.0
UserB,h21_su14,Radiators,0.0
UserB,h21_su14,Floor heating,0.0
UserB,h21_su14,Induction stove,0.0
UserB,h21_su14,Gas stove,0.0
UserB,h21_su14,Gas National Grid,0.0
UserB,h22_su14,PV sys,0.0
UserB,h22_su14,National Grid EE,0.0
UserB,h22_su14,Storage EE,0.6
UserB,h22_su14,Gas Boiler,0.0
UserB,h22_su14,HP,0.0
UserB,h22_su14,AC,0.0
UserB,h22_su14,Storage HW,0.0
UserB,h22_su14,Radiators,0.0
UserB,h22_su14,Floor heating,0.0
UserB,h22_su14,Induction stove,0.0
UserB,h22_su14,Gas stove,0.0
UserB,h22_su14,Gas National Grid,0.0
UserB,h23_su14,PV sys,0.0
UserB,h23_su14,National Grid EE,0.0
UserB,h23_su14,Storage EE,0.6
UserB,h23_su14,Gas Boiler,0.0
UserB,h23_su14,HP,0.0
UserB,h23_su14,AC,0.0
UserB,h23_su14,Storage HW,0.0
UserB,h23_su14,Radiators,0.0
UserB,h23_su14,Floor heating,0.0
UserB,h23_su14,Induction stove,0.0
UserB,h23_su14,Gas stove,0.0
UserB,h23_su14,Gas National Grid,0.0
UserB,h24_su14,PV sys,0.0
UserB,h24_su14,National Grid EE,0.0
UserB,h24_su14,Storage EE,0.6
UserB,h24_su14,Gas Boiler,0.0
UserB,h24_su14,HP,0.0
UserB,h24_su14,AC,0.0
UserB,h24_su14,Storage HW,0.0
UserB,h24_su14,Radiators,0.0
UserB,h24_su14,Floor heating,0.0
UserB,h24_su14,Induction stove,0.0
UserB,h24_su14,Gas stove,0.0
UserB,h24_su14,Gas National Grid,0.0
UserB,peak,PV sys,0.0
UserB,peak,National Grid EE,0.0
UserB,peak,Storage EE,0.0
UserB,peak,Gas Boiler,0.0
UserB,peak,HP,0.0
UserB,peak,AC,0.0
UserB,peak,Storage HW,0.0
UserB,peak,Radiators,0.0
UserB,peak,Floor heating,0.0
UserB,peak,Induction stove,0.0
UserB,peak,Gas stove,0.0
UserB,peak,Gas National Grid,0.0
UserC,h01_wi01,PV sys,0.0
UserC,h01_wi01,National Grid EE,0.0
UserC,h01_wi01,Storage EE,1.2000000000000002
UserC,h01_wi01,Gas Boiler,0.0
UserC,h01_wi01,HP,0.0
UserC,h01_wi01,AC,0.0
UserC,h01_wi01,Storage HW,0.0
UserC,h01_wi01,Radiators,0.0
UserC,h01_wi01,Floor heating,0.0
UserC,h01_wi01,Induction stove,0.0
UserC,h01_wi01,Gas stove,0.0
UserC,h01_wi01,Gas National Grid,0.0
UserC,h02_wi01,PV sys,0.0
UserC,h02_wi01,National Grid EE,0.0
UserC,h02_wi01,Storage EE,1.2000000000000002
UserC,h02_wi01,Gas Boiler,0.0
UserC,h02_wi01,HP,0.0
UserC,h02_wi01,AC,0.0
UserC,h02_wi01,Storage HW,0.0
UserC,h02_wi01,Radiators,0.0
UserC,h02_wi01,Floor heating,0.0
UserC,h02_wi01,Induction stove,0.0
UserC,h02_wi01,Gas stove,0.0
UserC,h02_wi01,Gas National Grid,0.0
UserC,h03_wi01,PV sys,0.0
UserC,h03_wi01,National Grid EE,0.0
UserC,h03_wi01,Storage EE,1.2000000000000002
UserC,h03_wi01,Gas Boiler,0.0
UserC,h03_wi01,HP,0.0
UserC,h03_wi01,AC,0.0
UserC,h03_wi01,Storage HW,0.0
UserC,h03_wi01,Radiators,0.0
UserC,h03_wi01,Floor heating,0.0
UserC,h03_wi01,Induction stove,0.0
UserC,h03_wi01,Gas stove,0.0
UserC,h03_wi01,Gas National Grid,0.0
UserC,h04_wi01,PV sys,0.0
UserC,h04_wi01,National Grid EE,0.0
UserC,h04_wi01,Storage EE,1.2000000000000002
UserC,h04_wi01,Gas Boiler,0.0
UserC,h04_wi01,HP,0.0
UserC,h04_wi01,AC,0.0
UserC,h04_wi01,Storage HW,0.0
UserC,h04_wi01,Radiators,0.0
UserC,h04_wi01,Floor heating,0.0
UserC,h04_wi01,Induction stove,0.0
UserC,h04_wi01,Gas stove,0.0
UserC,h04_wi01,Gas National Grid,0.0
UserC,h05_wi01,PV sys,0.0
UserC,h05_wi01,National Grid EE,0.0
UserC,h05_wi01,Storage EE,1.2000000000000002
UserC,h05_wi01,Gas Boiler,0.0
UserC,h05_wi01,HP,0.0
UserC,h05_wi01,AC,0.0
UserC,h05_wi01,Storage HW,0.0
UserC,h05_wi01,Radiators,0.0
UserC,h05_wi01,Floor heating,0.0
UserC,h05_wi01,Induction stove,0.0
UserC,h05_wi01,Gas stove,0.0
UserC,h05_wi01,Gas National Grid,0.0
UserC,h06_wi01,PV sys,0.0
UserC,h06_wi01,National Grid EE,0.0
UserC,h06_wi01,Storage EE,1.2000000000000002
UserC,h06_wi01,Gas Boiler,0.0
UserC,h06_wi01,HP,0.0
UserC,h06_wi01,AC,0.0
UserC,h06_wi01,Storage HW,0.0
UserC,h06_wi01,Radiators,0.0
UserC,h06_wi01,Floor heating,0.0
UserC,h06_wi01,Induction stove,0.0
UserC,h06_wi01,Gas stove,0.0
UserC,h06_wi01,Gas National Grid,0.0
UserC,h07_wi01,PV sys,0.0
UserC,h07_wi01,National Grid EE,0.0
UserC,h07_wi01,Storage EE,1.2000000000000002
UserC,h07_wi01,Gas Boiler,0.0
UserC,h07_wi01,HP,0.0
UserC,h07_wi01,AC,0.0
UserC,h07_wi01,Storage HW,0.0
UserC,h07_wi01,Radiators,0.0
UserC,h07_wi01,Floor heating,0.0
UserC,h07_wi01,Induction stove,0.0
UserC,h07_wi01,Gas stove,0.0
UserC,h07_wi01,Gas National Grid,0.0
UserC,h08_wi01,PV sys,0.0
UserC,h08_wi01,National Grid EE,0.0
UserC,h08_wi01,Storage EE,1.2000000000000002
UserC,h08_wi01,Gas Boiler,0.0
UserC,h08_wi01,HP,0.0
UserC,h08_wi01,AC,0.0
UserC,h08_wi01,Storage HW,0.0
UserC,h08_wi01,Radiators,0.0
UserC,h08_wi01,Floor heating,0.0
UserC,h08_wi01,Induction stove,0.0
UserC,h08_wi01,Gas stove,0.0
UserC,h08_wi01,Gas National Grid,0.0
UserC,h09_wi01,PV sys,0.0
UserC,h09_wi01,National Grid EE,0.0
UserC,h09_wi01,Storage EE,1.2000000000000002
UserC,h09_wi01,Gas Boiler,0.0
UserC,h09_wi01,HP,0.0
UserC,h09_wi01,AC,0.0
UserC,h09_wi01,Storage HW,0.0
UserC,h09_wi01,Radiators,0.0
UserC,h09_wi01,Floor heating,0.0
UserC,h09_wi01,Induction stove,0.0
UserC,h09_wi01,Gas stove,0.0
UserC,h09_wi01,Gas National Grid,0.0
UserC,h10_wi01,PV sys,0.0
UserC,h10_wi01,National Grid EE,0.0
UserC,h10_wi01,Storage EE,1.5462486893244778
UserC,h10_wi01,Gas Boiler,0.0
UserC,h10_wi01,HP,0.0
UserC,h10_wi01,AC,0.0
UserC,h10_wi01,Storage HW,0.0
UserC,h10_wi01,Radiators,0.0
UserC,h10_wi01,Floor heating,0.0
UserC,h10_wi01,Induction stove,0.0
UserC,h10_wi01,Gas stove,0.0
UserC,h10_wi01,Gas National Grid,0.0
UserC,h11_wi01,PV sys,0.0
UserC,h11_wi01,National Grid EE,0.0
UserC,h11_wi01,Storage EE,4.178737652974965
UserC,h11_wi01,Gas Boiler,0.0
UserC,h11_wi01,HP,0.0
UserC,h11_wi01,AC,0.0
UserC,h11_wi01,Storage HW,0.0
UserC,h11_wi01,Radiators,0.0
UserC,h11_wi01,Floor heating,0.0
UserC,h11_wi01,Induction stove,0.0
UserC,h11_wi01,Gas stove,0.0
UserC,h11_wi01,Gas National Grid,0.0
UserC,h12_wi01,PV sys,0.0
UserC,h12_wi01,National Grid EE,0.0
UserC,h12_wi01,Storage EE,6.7816727533343455
UserC,h12_wi01,Gas Boiler,0.0
UserC,h12_wi01,HP,0.0
UserC,h12_wi01,AC,0.0
UserC,h12_wi01,Storage HW,0.0
UserC,h12_wi01,Radiators,0.0
UserC,h12_wi01,Floor heating,0.0
UserC,h12_wi01,Induction stove,0.0
UserC,h12_wi01,Gas stove,0.0
UserC,h12_wi01,Gas National Grid,0.0
UserC,h13_wi01,PV sys,0.0
UserC,h13_wi01,National Grid EE,0.0
UserC,h13_wi01,Storage EE,9.056610510918736
UserC,h13_wi01,Gas Boiler,0.0
UserC,h13_wi01,HP,0.0
UserC,h13_wi01,AC,0.0
UserC,h13_wi01,Storage HW,0.0
UserC,h13_wi01,Radiators,0.0
UserC,h13_wi01,Floor heating,0.0
UserC,h13_wi01,Induction stove,0.0
UserC,h13_wi01,Gas stove,0.0
UserC,h13_wi01,Gas National Grid,0.0
UserC,h14_wi01,PV sys,0.0
UserC,h14_wi01,National Grid EE,0.0
UserC,h14_wi01,Storage EE,10.639552085564617
UserC,h14_wi01,Gas Boiler,0.0
UserC,h14_wi01,HP,0.0
UserC,h14_wi01,AC,0.0
UserC,h14_wi01,Storage HW,0.0
UserC,h14_wi01,Radiators,0.0
UserC,h14_wi01,Floor heating,0.0
UserC,h14_wi01,Induction stove,0.0
UserC,h14_wi01,Gas stove,0.0
UserC,h14_wi01,Gas National Grid,0.0
UserC,h15_wi01,PV sys,0.0
UserC,h15_wi01,National Grid EE,0.0
UserC,h15_wi01,Storage EE,11.399999999999999
UserC,h15_wi01,Gas Boiler,0.0
UserC,h15_wi01,HP,0.0
UserC,h15_wi01,AC,0.0
UserC,h15_wi01,Storage HW,0.0
UserC,h15_wi01,Radiators,0.0
UserC,h15_wi01,Floor heating,0.0
UserC,h15_wi01,Induction stove,0.0
UserC,h15_wi01,Gas stove,0.0
UserC,h15_wi01,Gas National Grid,0.0
UserC,h16_wi01,PV sys,0.0
UserC,h16_wi01,National Grid EE,0.0
UserC,h16_wi01,Storage EE,11.399999999999999
UserC,h16_wi01,Gas Boiler,0.0
UserC,h16_wi01,HP,0.0
UserC,h16_wi01,AC,0.0
UserC,h16_wi01,Storage HW,0.0
UserC,h16_wi01,Radiators,0.0
UserC,h16_wi01,Floor heating,0.0
UserC,h16_wi01,Induction stove,0.0
UserC,h16_wi01,Gas stove,0.0
UserC,h16_wi01,Gas National Grid,0.0
UserC,h17_wi01,PV sys,0.0
UserC,h17_wi01,National Grid EE,0.0
UserC,h17_wi01,Storage EE,11.399999999999999
UserC,h17_wi01,Gas Boiler,0.0
UserC,h17_wi01,HP,0.0
UserC,h17_wi01,AC,0.0
UserC,h17_wi01,Storage HW,0.0
UserC,h17_wi01,Radiators,0.0
UserC,h17_wi01,Floor heating,0.0
UserC,h17_wi01,Induction stove,0.0
UserC,h17_wi01,Gas stove,0.0
UserC,h17_wi01,Gas National Grid,0.0
UserC,h18_wi01,PV sys,0.0
UserC,h18_wi01,National Grid EE,0.0
UserC,h18_wi01,Storage EE,11.400000000000002
UserC,h18_wi01,Gas Boiler,0.0
UserC,h18_wi01,HP,0.0
UserC,h18_wi01,AC,0.0
UserC,h18_wi01,Storage HW,0.0
UserC,h18_wi01,Radiators,0.0
UserC,h18_wi01,Floor heating,0.0
UserC,h18_wi01,Induction stove,0.0
UserC,h18_wi01,Gas stove,0.0
UserC,h18_wi01,Gas National Grid,0.0
UserC,h19_wi01,PV sys,0.0
UserC,h19_wi01,National Grid EE,0.0
UserC,h19_wi01,Storage EE,11.400000000000002
UserC,h19_wi01,Gas Boiler,0.0
UserC,h19_wi01,HP,0.0
UserC,h19_wi01,AC,0.0
UserC,h19_wi01,Storage HW,0.0
UserC,h19_wi01,Radiators,0.0
UserC,h19_wi01,Floor heating,0.0
UserC,h19_wi01,Induction stove,0.0
UserC,h19_wi01,Gas stove,0.0
UserC,h19_wi01,Gas National Grid,0.0
UserC,h20_wi01,PV sys,0.0
UserC,h20_wi01,National Grid EE,0.0
UserC,h20_wi01,Storage EE,11.400000000000002
UserC,h20_wi01,Gas Boiler,0.0
UserC,h20_wi01,HP,0.0
UserC,h20_wi01,AC,0.0
UserC,h20_wi01,Storage HW,0.0
UserC,h20_wi01,Radiators,0.0
UserC,h20_wi01,Floor heating,0.0
UserC,h20_wi01,Induction stove,0.0
UserC,h20_wi01,Gas stove,0.0
UserC,h20_wi01,Gas National Grid,0.0
UserC,h21_wi01,PV sys,0.0
UserC,h21_wi01,National Grid EE,0.0
UserC,h21_wi01,Storage EE,11.400000000000002
UserC,h21_wi01,Gas Boiler,0.0
UserC,h21_wi01,HP,0.0
UserC,h21_wi01,AC,0.0
UserC,h21_wi01,Storage HW,0.0
UserC,h21_wi01,Radiators,0.0
UserC,h21_wi01,Floor heating,0.0
UserC,h21_wi01,Induction stove,0.0
UserC,h21_wi01,Gas stove,0.0
UserC,h21_wi01,Gas National Grid,0.0
UserC,h22_wi01,PV sys,0.0
UserC,h22_wi01,National Grid EE,0.0
UserC,h22_wi01,Storage EE,11.400000000000002
UserC,h22_wi01,Gas Boiler,0.0
UserC,h22_wi01,HP,0.0
UserC,h22_wi01,AC,0.0
UserC,h22_wi01,Storage HW,0.0
UserC,h22_wi01,Radiators,0.0
UserC,h22_wi01,Floor heating,0.0
UserC,h22_wi01,Induction stove,0.0
UserC,h22_wi01,Gas stove,0.0
UserC,h22_wi01,Gas National Grid,0.0
UserC,h23_wi01,PV sys,0.0
UserC,h23_wi01,National Grid EE,0.0
UserC,h23_wi01,Storage EE,11.400000000000002
UserC,h23_wi01,Gas Boiler,0.0
UserC,h23_wi01,HP,0.0
UserC,h23_wi01,AC,0.0
UserC,h23_wi01,Storage HW,0.0
UserC,h23_wi01,Radiators,0.0
UserC,h23_wi01,Floor heating,0.0
UserC,h23_wi01,Induction stove,0.0
UserC,h23_wi01,Gas stove,0.0
UserC,h23_wi01,Gas National Grid,0.0
UserC,h24_wi01,PV sys,0.0
UserC,h24_wi01,National Grid EE,0.0
UserC,h24_wi01,Storage EE,11.400000000000002
UserC,h24_wi01,Gas Boiler,0.0
UserC,h24_wi01,HP,0.0
UserC,h24_wi01,AC,0.0
UserC,h24_wi01,Storage HW,0.0
UserC,h24_wi01,Radiators,0.0
UserC,h24_wi01,Floor heating,0.0
UserC,h24_wi01,Induction stove,0.0
UserC,h24_wi01,Gas stove,0.0
UserC,h24_wi01,Gas National Grid,0.0
UserC,h01_wi02,PV sys,0.0
UserC,h01_wi02,National Grid EE,0.0
UserC,h01_wi02,Storage EE,9.985896051229632
UserC,h01_wi02,Gas Boiler,0.0
UserC,h01_wi02,HP,0.0
UserC,h01_wi02,AC,0.0
UserC,h01_wi02,Storage HW,0.0
UserC,h01_wi02,Radiators,0.0
UserC,h01_wi02,Floor heating,0.0
UserC,h01_wi02,Induction stove,0.0
UserC,h01_wi02,Gas stove,0.0
UserC,h01_wi02,Gas National Grid,0.0
UserC,h02_wi02,PV sys,0.0
UserC,h02_wi02,National Grid EE,0.0
UserC,h02_wi02,Storage EE,9.58591061649756
UserC,h02_wi02,Gas Boiler,0.0
UserC,h02_wi02,HP,0.0
UserC,h02_wi02,AC,0.0
UserC,h02_wi02,Storage HW,0.0
UserC,h02_wi02,Radiators,0.0
UserC,h02_wi02,Floor heating,0.0
UserC,h02_wi02,Induction stove,0.0
UserC,h02_wi02,Gas stove,0.0
UserC,h02_wi02,Gas National Grid,0.0
UserC,h03_wi02,PV sys,0.0
UserC,h03_wi02,National Grid EE,0.0
UserC,h03_wi02,Storage EE,9.435781771104928
UserC,h03_wi02,Gas Boiler,0.0
UserC,h03_wi02,HP,0.0
UserC,h03_wi02,AC,0.0
UserC,h03_wi02,Storage HW,0.0
UserC,h03_wi02,Radiators,0.0
UserC,h03_wi02,Floor heating,0.0
UserC,h03_wi02,Induction stove,0.0
UserC,h03_wi02,Gas stove,0.0
UserC,h03_wi02,Gas National Grid,0.0
UserC,h04_wi02,PV sys,0.0
UserC,h04_wi02,National Grid EE,0.0
UserC,h04_wi02,Storage EE,7.854455998383353
UserC,h04_wi02,Gas Boiler,0.0
UserC,h04_wi02,HP,0.0
UserC,h04_wi02,AC,0.0
UserC,h04_wi02,Storage HW,0.0
UserC,h04_wi02,Radiators,0.0
UserC,h04_wi02,Floor heating,0.0
UserC,h04_wi02,Induction stove,0.0
UserC,h04_wi02,Gas stove,0.0
UserC,h04_wi02,Gas National Grid,0.0
UserC,h05_wi02,PV sys,0.0
UserC,h05_wi02,National Grid EE,0.0
UserC,h05_wi02,Storage EE,6.287895848106609
UserC,h05_wi02,Gas Boiler,0.0
UserC,h05_wi02,HP,0.0
UserC,h05_wi02,AC,0.0
UserC,h05_wi02,Storage HW,0.0
UserC,h05_wi02,Radiators,0.0
UserC,h05_wi02,Floor heating,0.0
UserC,h05_wi02,Induction stove,0.0
UserC,h05_wi02,Gas stove,0.0
UserC,h05_wi02,Gas National Grid,0.0
UserC,h06_wi02,PV sys,0.0
UserC,h06_wi02,National Grid EE,0.0
UserC,h06_wi02,Storage EE,4.721335697829867
UserC,h06_wi02,Gas Boiler,0.0
UserC,h06_wi02,HP,0.0
UserC,h06_wi02,AC,0.0
UserC,h06_wi02,Storage HW,0.0
UserC,h06_wi02,Radiators,0.0
UserC,h06_wi02,Floor heating,0.0
UserC,h06_wi02,Induction stove,0.0
UserC,h06_wi02,Gas stove,0.0
UserC,h06_wi02,Gas National Grid,0.0
UserC,h07_wi02,PV sys,0.0
UserC,h07_wi02,National Grid EE,0.0
UserC,h07_wi02,Storage EE,3.15477544733408
UserC,h07_wi02,Gas Boiler,0.0
UserC,h07_wi02,HP,0.0
UserC,h07_wi02,AC,0.0
UserC,h07_wi02,Storage HW,0.0
UserC,h07_wi02,Radiators,0.0
UserC,h07_wi02,Floor heating,0.0
UserC,h07_wi02,Induction stove,0.0
UserC,h07_wi02,Gas stove,0.0
UserC,h07_wi02,Gas National Grid,0.0
UserC,h08_wi02,PV sys,0.0
UserC,h08_wi02,National Grid EE,0.0
UserC,h08_wi02,Storage EE,1.3915331191595577
UserC,h08_wi02,Gas Boiler,0.0
UserC,h08_wi02,HP,0.0
UserC,h08_wi02,AC,0.0
UserC,h08_wi02,Storage HW,0.0
UserC,h08_wi02,Radiators,0.0
UserC,h08_wi02,Floor heating,0.0
UserC,h08_wi02,Induction stove,0.0
UserC,h08_wi02,Gas stove,0.0
UserC,h08_wi02,Gas National Grid,0.0
UserC,h09_wi02,PV sys,0.0
UserC,h09_wi02,National Grid EE,0.0
UserC,h09_wi02,Storage EE,1.7771734587645565
UserC,h09_wi02,Gas Boiler,0.0
UserC,h09_wi02,HP,0.0
UserC,h09_wi02,AC,0.0
UserC,h09_wi02,Storage HW,0.0
UserC,h09_wi02,Radiators,0.0
UserC,h09_wi02,Floor heating,0.0
UserC,h09_wi02,Induction stove,0.0
UserC,h09_wi02,Gas stove,0.0
UserC,h09_wi02,Gas National Grid,0.0
UserC,h10_wi02,PV sys,0.0
UserC,h10_wi02,National Grid EE,0.0
UserC,h10_wi02,Storage EE,1.4840445601723484
UserC,h10_wi02,Gas Boiler,0.0
UserC,h10_wi02,HP,0.0
UserC,h10_wi02,AC,0.0
UserC,h10_wi02,Storage HW,0.0
UserC,h10_wi02,Radiators,0.0
UserC,h10_wi02,Floor heating,0.0
UserC,h10_wi02,Induction stove,0.0
UserC,h10_wi02,Gas stove,0.0
UserC,h10_wi02,Gas National Grid,0.0
UserC,h11_wi02,PV sys,0.0
UserC,h11_wi02,National Grid EE,0.0
UserC,h11_wi02,Storage EE,1.980588098237222
UserC,h11_wi02,Gas Boiler,0.0
UserC,h11_wi02,HP,0.0
UserC,h11_wi02,AC,0.0
UserC,h11_wi02,Storage HW,0.0
UserC,h11_wi02,Radiators,0.0
UserC,h11_wi02,Floor heating,0.0
UserC,h11_wi02,Induction stove,0.0
UserC,h11_wi02,Gas stove,0.0
UserC,h11_wi02,Gas National Grid,0.0
UserC,h12_wi02,PV sys,0.0
UserC,h12_wi02,National Grid EE,0.0
UserC,h12_wi02,Storage EE,3.6676612713860104
UserC,h12_wi02,Gas Boiler,0.0
UserC,h12_wi02,HP,0.0
UserC,h12_wi02,AC,0.0
UserC,h12_wi02,Storage HW,0.0
UserC,h12_wi02,Radiators,0.0
UserC,h12_wi02,Floor heating,0.0
UserC,h12_wi02,Induction stove,0.0
UserC,h12_wi02,Gas stove,0.0
UserC,h12_wi02,Gas National Grid,0.0
UserC,h13_wi02,PV sys,0.0
UserC,h13_wi02,National Grid EE,0.0
UserC,h13_wi02,Storage EE,5.840087841091831
UserC,h13_wi02,Gas Boiler,0.0
UserC,h13_wi02,HP,0.0
UserC,h13_wi02,AC,0.0
UserC,h13_wi02,Storage HW,0.0
UserC,h13_wi02,Radiators,0.0
UserC,h13_wi02,Floor heating,0.0
UserC,h13_wi02,Induction stove,0.0
UserC,h13_wi02,Gas stove,0.0
UserC,h13_wi02,Gas National Grid,0.0
UserC,h14_wi02,PV sys,0.0
UserC,h14_wi02,National Grid EE,0.0
UserC,h14_wi02,Storage EE,7.692435732602323
UserC,h14_wi02,Gas Boiler,0.0
UserC,h14_wi02,HP,0.0
UserC,h14_wi02,AC,0.0
UserC,h14_wi02,Storage HW,0.0
UserC,h14_wi02,Radiators,0.0
UserC,h14_wi02,Floor heating,0.0
UserC,h14_wi02,Induction stove,0.0
UserC,h14_wi02,Gas stove,0.0
UserC,h14_wi02,Gas National Grid,0.0
UserC,h15_wi02,PV sys,0.0
UserC,h15_wi02,National Grid EE,0.0
UserC,h15_wi02,Storage EE,10.168193680444054
UserC,h15_wi02,Gas Boiler,0.0
UserC,h15_wi02,HP,0.0
UserC,h15_wi02,AC,0.0
UserC,h15_wi02,Storage HW,0.0
UserC,h15_wi02,Radiators,0.0
UserC,h15_wi02,Floor heating,0.0
UserC,h15_wi02,Induction stove,0.0
UserC,h15_wi02,Gas stove,0.0
UserC,h15_wi02,Gas National Grid,0.0
UserC,h16_wi02,PV sys,0.0
UserC,h16_wi02,National Grid EE,0.0
UserC,h16_wi02,Storage EE,11.399999999999999
UserC,h16_wi02,Gas Boiler,0.0
UserC,h16_wi02,HP,0.0
UserC,h16_wi02,AC,0.0
UserC,h16_wi02,Storage HW,0.0
UserC,h16_wi02,Radiators,0.0
UserC,h16_wi02,Floor heating,0.0
UserC,h16_wi02,Induction stove,0.0
UserC,h16_wi02,Gas stove,0.0
UserC,h16_wi02,Gas National Grid,0.0
UserC,h17_wi02,PV sys,0.0
UserC,h17_wi02,National Grid EE,0.0
UserC,h17_wi02,Storage EE,11.177346257418465
UserC,h17_wi02,Gas Boiler,0.0
UserC,h17_wi02,HP,0.0
UserC,h17_wi02,AC,0.0
UserC,h17_wi02,Storage HW,0.0
UserC,h17_wi02,Radiators,0.0
UserC,h17_wi02,Floor heating,0.0
UserC,h17_wi02,Induction stove,0.0
UserC,h17_wi02,Gas stove,0.0
UserC,h17_wi02,Gas National Grid,0.0
UserC,h18_wi02,PV sys,0.0
UserC,h18_wi02,National Grid EE,0.0
UserC,h18_wi02,Storage EE,9.545642676569736
UserC,h18_wi02,Gas Boiler,0.0
UserC,h18_wi02,HP,0.0
UserC,h18_wi02,AC,0.0
UserC,h18_wi02,Storage HW,0.0
UserC,h18_wi02,Radiators,0.0
UserC,h18_wi02,Floor heating,0.0
UserC,h18_wi02,Induction stove,0.0
UserC,h18_wi02,Gas stove,0.0
UserC,h18_wi02,Gas National Grid,0.0
UserC,h19_wi02,PV sys,0.0
UserC,h19_wi02,National Grid EE,0.0
UserC,h19_wi02,Storage EE,7.658580404986738
UserC,h19_wi02,Gas Boiler,0.0
UserC,h19_wi02,HP,0.0
UserC,h19_wi02,AC,0.0
UserC,h19_wi02,Storage HW,0.0
UserC,h19_wi02,Radiators,0.0
UserC,h19_wi02,Floor heating,0.0
UserC,h19_wi02,Induction stove,0.0
UserC,h19_wi02,Gas stove,0.0
UserC,h19_wi02,Gas National Grid,0.0
UserC,h20_wi02,PV sys,0.0
UserC,h20_wi02,National Grid EE,0.0
UserC,h20_wi02,Storage EE,5.632765201747796
UserC,h20_wi02,Gas Boiler,0.0
UserC,h20_wi02,HP,0.0
UserC,h20_wi02,AC,0.0
UserC,h20_wi02,Storage HW,0.0
UserC,h20_wi02,Radiators,0.0
UserC,h20_wi02,Floor heating,0.0
UserC,h20_wi02,Induction stove,0.0
UserC,h20_wi02,Gas stove,0.0
UserC,h20_wi02,Gas National Grid,0.0
UserC,h21_wi02,PV sys,0.0
UserC,h21_wi02,National Grid EE,0.0
UserC,h21_wi02,Storage EE,4.931566645588237
UserC,h21_wi02,Gas Boiler,0.0
UserC,h21_wi02,HP,0.0
UserC,h21_wi02,AC,0.0
UserC,h21_wi02,Storage HW,0.0
UserC,h21_wi02,Radiators,0.0
UserC,h21_wi02,Floor heating,0.0
UserC,h21_wi02,Induction stove,0.0
UserC,h21_wi02,Gas stove,0.0
UserC,h21_wi02,Gas National Grid,0.0
UserC,h22_wi02,PV sys,0.0
UserC,h22_wi02,National Grid EE,0.0
UserC,h22_wi02,Storage EE,4.194162714838075
UserC,h22_wi02,Gas Boiler,0.0
UserC,h22_wi02,HP,0.0
UserC,h22_wi02,AC,0.0
UserC,h22_wi02,Storage HW,0.0
UserC,h22_wi02,Radiators,0.0
UserC,h22_wi02,Floor heating,0.0
UserC,h22_wi02,Induction stove,0.0
UserC,h22_wi02,Gas stove,0.0
UserC,h22_wi02,Gas National Grid,0.0
UserC,h23_wi02,PV sys,0.0
UserC,h23_wi02,National Grid EE,0.0
UserC,h23_wi02,Storage EE,2.7164906293196953
UserC,h23_wi02,Gas Boiler,0.0
UserC,h23_wi02,HP,0.0
UserC,h23_wi02,AC,0.0
UserC,h23_wi02,Storage HW,0.0
UserC,h23_wi02,Radiators,0.0
UserC,h23_wi02,Floor heating,0.0
UserC,h23_wi02,Induction stove,0.0
UserC,h23_wi02,Gas stove,0.0
UserC,h23_wi02,Gas National Grid,0.0
UserC,h24_wi02,PV sys,0.0
UserC,h24_wi02,National Grid EE,0.0
UserC,h24_wi02,Storage EE,1.2000000000000002
UserC,h24_wi02,Gas Boiler,0.0
UserC,h24_wi02,HP,0.0
UserC,h24_wi02,AC,0.0
UserC,h24_wi02,Storage HW,0.0
UserC,h24_wi02,Radiators,0.0
UserC,h24_wi02,Floor heating,0.0
UserC,h24_wi02,Induction stove,0.0
UserC,h24_wi02,Gas stove,0.0
UserC,h24_wi02,Gas National Grid,0.0
UserC,h01_wi03,PV sys,0.0
UserC,h01_wi03,National Grid EE,0.0
UserC,h01_wi03,Storage EE,1.200000000000001
UserC,h01_wi03,Gas Boiler,0.0
UserC,h01_wi03,HP,0.0
UserC,h01_wi03,AC,0.0
UserC,h01_wi03,Storage HW,0.0
UserC,h01_wi03,Radiators,0.0
UserC,h01_wi03,Floor heating,0.0
UserC,h01_wi03,Induction stove,0.0
UserC,h01_wi03,Gas stove,0.0
UserC,h01_wi03,Gas National Grid,0.0
UserC,h02_wi03,PV sys,0.0
UserC,h02_wi03,National Grid EE,0.0
UserC,h02_wi03,Storage EE,1.200000000000001
UserC,h02_wi03,Gas Boiler,0.0
UserC,h02_wi03,HP,0.0
UserC,h02_wi03,AC,0.0
UserC,h02_wi03,Storage HW,0.0
UserC,h02_wi03,Radiators,0.0
UserC,h02_wi03,Floor heating,0.0
UserC,h02_wi03,Induction stove,0.0
UserC,h02_wi03,Gas stove,0.0
UserC,h02_wi03,Gas National Grid,0.0
UserC,h03_wi03,PV sys,0.0
UserC,h03_wi03,National Grid EE,0.0
UserC,h03_wi03,Storage EE,1.200000000000001
UserC,h03_wi03,Gas Boiler,0.0
UserC,h03_wi03,HP,0.0
UserC,h03_wi03,AC,0.0
UserC,h03_wi03,Storage HW,0.0
UserC,h03_wi03,Radiators,0.0
UserC,h03_wi03,Floor heating,0.0
UserC,h03_wi03,Induction stove,0.0
UserC,h03_wi03,Gas stove,0.0
UserC,h03_wi03,Gas National Grid,0.0
UserC,h04_wi03,PV sys,0.0
UserC,h04_wi03,National Grid EE,0.0
UserC,h04_wi03,Storage EE,1.200000000000001
UserC,h04_wi03,Gas Boiler,0.0
UserC,h04_wi03,HP,0.0
UserC,h04_wi03,AC,0.0
UserC,h04_wi03,Storage HW,0.0
UserC,h04_wi03,Radiators,0.0
UserC,h04_wi03,Floor heating,0.0
UserC,h04_wi03,Induction stove,0.0
UserC,h04_wi03,Gas stove,0.0
UserC,h04_wi03,Gas National Grid,0.0
UserC,h05_wi03,PV sys,0.0
UserC,h05_wi03,National Grid EE,0.0
UserC,h05_wi03,Storage EE,1.200000000000001
UserC,h05_wi03,Gas Boiler,0.0
UserC,h05_wi03,HP,0.0
UserC,h05_wi03,AC,0.0
UserC,h05_wi03,Storage HW,0.0
UserC,h05_wi03,Radiators,0.0
UserC,h05_wi03,Floor heating,0.0
UserC,h05_wi03,Induction stove,0.0
UserC,h05_wi03,Gas stove,0.0
UserC,h05_wi03,Gas National Grid,0.0
UserC,h06_wi03,PV sys,0.0
UserC,h06_wi03,National Grid EE,0.0
UserC,h06_wi03,Storage EE,1.200000000000001
UserC,h06_wi03,Gas Boiler,0.0
UserC,h06_wi03,HP,0.0
UserC,h06_wi03,AC,0.0
UserC,h06_wi03,Storage HW,0.0
UserC,h06_wi03,Radiators,0.0
UserC,h06_wi03,Floor heating,0.0
UserC,h06_wi03,Induction stove,0.0
UserC,h06_wi03,Gas stove,0.0
UserC,h06_wi03,Gas National Grid,0.0
UserC,h07_wi03,PV sys,0.0
UserC,h07_wi03,National Grid EE,0.0
UserC,h07_wi03,Storage EE,1.2000000000000002
UserC,h07_wi03,Gas Boiler,0.0
UserC,h07_wi03,HP,0.0
UserC,h07_wi03,AC,0.0
UserC,h07_wi03,Storage HW,0.0
UserC,h07_wi03,Radiators,0.0
UserC,h07_wi03,Floor heating,0.0
UserC,h07_wi03,Induction stove,0.0
UserC,h07_wi03,Gas stove,0.0
UserC,h07_wi03,Gas National Grid,0.0
UserC,h08_wi03,PV sys,0.0
UserC,h08_wi03,National Grid EE,0.0
UserC,h08_wi03,Storage EE,1.2000000000000002
UserC,h08_wi03,Gas Boiler,0.0
UserC,h08_wi03,HP,0.0
UserC,h08_wi03,AC,0.0
UserC,h08_wi03,Storage HW,0.0
UserC,h08_wi03,Radiators,0.0
UserC,h08_wi03,Floor heating,0.0
UserC,h08_wi03,Induction stove,0.0
UserC,h08_wi03,Gas stove,0.0
UserC,h08_wi03,Gas National Grid,0.0
UserC,h09_wi03,PV sys,0.0
UserC,h09_wi03,National Grid EE,0.0
UserC,h09_wi03,Storage EE,1.2000000000000002
UserC,h09_wi03,Gas Boiler,0.0
UserC,h09_wi03,HP,0.0
UserC,h09_wi03,AC,0.0
UserC,h09_wi03,Storage HW,0.0
UserC,h09_wi03,Radiators,0.0
UserC,h09_wi03,Floor heating,0.0
UserC,h09_wi03,Induction stove,0.0
UserC,h09_wi03,Gas stove,0.0
UserC,h09_wi03,Gas National Grid,0.0
UserC,h10_wi03,PV sys,0.0
UserC,h10_wi03,National Grid EE,0.0
UserC,h10_wi03,Storage EE,3.100496020826222
UserC,h10_wi03,Gas Boiler,0.0
UserC,h10_wi03,HP,0.0
UserC,h10_wi03,AC,0.0
UserC,h10_wi03,Storage HW,0.0
UserC,h10_wi03,Radiators,0.0
UserC,h10_wi03,Floor heating,0.0
UserC,h10_wi03,Induction stove,0.0
UserC,h10_wi03,Gas stove,0.0
UserC,h10_wi03,Gas National Grid,0.0
UserC,h11_wi03,PV sys,0.0
UserC,h11_wi03,National Grid EE,0.0
UserC,h11_wi03,Storage EE,5.228341857155332
UserC,h11_wi03,Gas Boiler,0.0
UserC,h11_wi03,HP,0.0
UserC,h11_wi03,AC,0.0
UserC,h11_wi03,Storage HW,0.0
UserC,h11_wi03,Radiators,0.0
UserC,h11_wi03,Floor heating,0.0
UserC,h11_wi03,Induction stove,0.0
UserC,h11_wi03,Gas stove,0.0
UserC,h11_wi03,Gas National Grid,0.0
UserC,h12_wi03,PV sys,0.0
UserC,h12_wi03,National Grid EE,0.0
UserC,h12_wi03,Storage EE,3.5263490197310485
UserC,h12_wi03,Gas Boiler,0.0
UserC,h12_wi03,HP,0.0
UserC,h12_wi03,AC,0.0
UserC,h12_wi03,Storage HW,0.0
UserC,h12_wi03,Radiators,0.0
UserC,h12_wi03,Floor heating,0.0
UserC,h12_wi03,Induction stove,0.0
UserC,h12_wi03,Gas stove,0.0
UserC,h12_wi03,Gas National Grid,0.0
UserC,h13_wi03,PV sys,0.0
UserC,h13_wi03,National Grid EE,0.0
UserC,h13_wi03,Storage EE,5.096614968949764
UserC,h13_wi03,Gas Boiler,0.0
UserC,h13_wi03,HP,0.0
UserC,h13_wi03,AC,0.0
UserC,h13_wi03,Storage HW,0.0
UserC,h13_wi03,Radiators,0.0
UserC,h13_wi03,Floor heating,0.0
UserC,h13_wi03,Induction stove,0.0
UserC,h13_wi03,Gas stove,0.0
UserC,h13_wi03,Gas National Grid,0.0
UserC,h14_wi03,PV sys,0.0
UserC,h14_wi03,National Grid EE,0.0
UserC,h14_wi03,Storage EE,8.096765457973717
UserC,h14_wi03,Gas Boiler,0.0
UserC,h14_wi03,HP,0.0
UserC,h14_wi03,AC,0.0
UserC,h14_wi03,Storage HW,0.0
UserC,h14_wi03,Radiators,0.0
UserC,h14_wi03,Floor heating,0.0
UserC,h14_wi03,Induction stove,0.0
UserC,h14_wi03,Gas stove,0.0
UserC,h14_wi03,Gas National Grid,0.0
UserC,h15_wi03,PV sys,0.0
UserC,h15_wi03,National Grid EE,0.0
UserC,h15_wi03,Storage EE,10.35492252854877
UserC,h15_wi03,Gas Boiler,0.0
UserC,h15_wi03,HP,0.0
UserC,h15_wi03,AC,0.0
UserC,h15_wi03,Storage HW,0.0
UserC,h15_wi03,Radiators,0.0
UserC,h15_wi03,Floor heating,0.0
UserC,h15_wi03,Induction stove,0.0
UserC,h15_wi03,Gas stove,0.0
UserC,h15_wi03,Gas National Grid,0.0
UserC,h16_wi03,PV sys,0.0
UserC,h16_wi03,National Grid EE,0.0
UserC,h16_wi03,Storage EE,11.399999999999999
UserC,h16_wi03,Gas Boiler,0.0
UserC,h16_wi03,HP,0.0
UserC,h16_wi03,AC,0.0
UserC,h16_wi03,Storage HW,0.0
UserC,h16_wi03,Radiators,0.0
UserC,h16_wi03,Floor heating,0.0
UserC,h16_wi03,Induction stove,0.0
UserC,h16_wi03,Gas stove,0.0
UserC,h16_wi03,Gas National Grid,0.0
UserC,h17_wi03,PV sys,0.0
UserC,h17_wi03,National Grid EE,0.0
UserC,h17_wi03,Storage EE,11.399999999999999
UserC,h17_wi03,Gas Boiler,0.0
UserC,h17_wi03,HP,0.0
UserC,h17_wi03,AC,0.0
UserC,h17_wi03,Storage HW,0.0
UserC,h17_wi03,Radiators,0.0
UserC,h17_wi03,Floor heating,0.0
UserC,h17_wi03,Induction stove,0.0
UserC,h17_wi03,Gas stove,0.0
UserC,h17_wi03,Gas National Grid,0.0
UserC,h18_wi03,PV sys,0.0
UserC,h18_wi03,National Grid EE,0.0
UserC,h18_wi03,Storage EE,11.399999999999999
UserC,h18_wi03,Gas Boiler,0.0
UserC,h18_wi03,HP,0.0
UserC,h18_wi03,AC,0.0
UserC,h18_wi03,Storage HW,0.0
UserC,h18_wi03,Radiators,0.0
UserC,h18_wi03,Floor heating,0.0
UserC,h18_wi03,Induction stove,0.0
UserC,h18_wi03,Gas stove,0.0
UserC,h18_wi03,Gas National Grid,0.0
UserC,h19_wi03,PV sys,0.0
UserC,h19_wi03,National Grid EE,0.0
UserC,h19_wi03,Storage EE,11.399999999999999
UserC,h19_wi03,Gas Boiler,0.0
UserC,h19_wi03,HP,0.0
UserC,h19_wi03,AC,0.0
UserC,h19_wi03,Storage HW,0.0
UserC,h19_wi03,Radiators,0.0
UserC,h19_wi03,Floor heating,0.0
UserC,h19_wi03,Induction stove,0.0
UserC,h19_wi03,Gas stove,0.0
UserC,h19_wi03,Gas National Grid,0.0
UserC,h20_wi03,PV sys,0.0
UserC,h20_wi03,National Grid EE,0.0
UserC,h20_wi03,Storage EE,11.399999999999999
UserC,h20_wi03,Gas Boiler,0.0
UserC,h20_wi03,HP,0.0
UserC,h20_wi03,AC,0.0
UserC,h20_wi03,Storage HW,0.0
UserC,h20_wi03,Radiators,0.0
UserC,h20_wi03,Floor heating,0.0
UserC,h20_wi03,Induction stove,0.0
UserC,h20_wi03,Gas stove,0.0
UserC,h20_wi03,Gas National Grid,0.0
UserC,h21_wi03,PV sys,0.0
UserC,h21_wi03,National Grid EE,0.0
UserC,h21_wi03,Storage EE,11.399999999999999
UserC,h21_wi03,Gas Boiler,0.0
UserC,h21_wi03,HP,0.0
UserC,h21_wi03,AC,0.0
UserC,h21_wi03,Storage HW,0.0
UserC,h21_wi03,Radiators,0.0
UserC,h21_wi03,Floor heating,0.0
UserC,h21_wi03,Induction stove,0.0
UserC,h21_wi03,Gas stove,0.0
UserC,h21_wi03,Gas National Grid,0.0
UserC,h22_wi03,PV sys,0.0
UserC,h22_wi03,National Grid EE,0.0
UserC,h22_wi03,Storage EE,11.399999999999999
UserC,h22_wi03,Gas Boiler,0.0
UserC,h22_wi03,HP,0.0
UserC,h22_wi03,AC,0.0
UserC,h22_wi03,Storage HW,0.0
UserC,h22_wi03,Radiators,0.0
UserC,h22_wi03,Floor heating,0.0
UserC,h22_wi03,Induction stove,0.0
UserC,h22_wi03,Gas stove,0.0
UserC,h22_wi03,Gas National Grid,0.0
UserC,h23_wi03,PV sys,0.0
UserC,h23_wi03,National Grid EE,0.0
UserC,h23_wi03,Storage EE,11.399999999999999
UserC,h23_wi03,Gas Boiler,0.0
UserC,h23_wi03,HP,0.0
UserC,h23_wi03,AC,0.0
UserC,h23_wi03,Storage HW,0.0
UserC,h23_wi03,Radiators,0.0
UserC,h23_wi03,Floor heating,0.0
UserC,h23_wi03,Induction stove,0.0
UserC,h23_wi03,Gas stove,0.0
UserC,h23_wi03,Gas National Grid,0.0
UserC,h24_wi03,PV sys,0.0
UserC,h24_wi03,National Grid EE,0.0
UserC,h24_wi03,Storage EE,11.399999999999999
UserC,h24_wi03,Gas Boiler,0.0
UserC,h24_wi03,HP,0.0
UserC,h24_wi03,AC,0.0
UserC,h24_wi03,Storage HW,0.0
UserC,h24_wi03,Radiators,0.0
UserC,h24_wi03,Floor heating,0.0
UserC,h24_wi03,Induction stove,0.0
UserC,h24_wi03,Gas stove,0.0
UserC,h24_wi03,Gas National Grid,0.0
UserC,h01_wi04,PV sys,0.0
UserC,h01_wi04,National Grid EE,0.0
UserC,h01_wi04,Storage EE,9.858306067842944
UserC,h01_wi04,Gas Boiler,0.0
UserC,h01_wi04,HP,0.0
UserC,h01_wi04,AC,0.0
UserC,h01_wi04,Storage HW,0.0
UserC,h01_wi04,Radiators,0.0
UserC,h01_wi04,Floor heating,0.0
UserC,h01_wi04,Induction stove,0.0
UserC,h01_wi04,Gas stove,0.0
UserC,h01_wi04,Gas National Grid,0.0
UserC,h02_wi04,PV sys,0.0
UserC,h02_wi04,National Grid EE,0.0
UserC,h02_wi04,Storage EE,9.487451541366923
UserC,h02_wi04,Gas Boiler,0.0
UserC,h02_wi04,HP,0.0
UserC,h02_wi04,AC,0.0
UserC,h02_wi04,Storage HW,0.0
UserC,h02_wi04,Radiators,0.0
UserC,h02_wi04,Floor heating,0.0
UserC,h02_wi04,Induction stove,0.0
UserC,h02_wi04,Gas stove,0.0
UserC,h02_wi04,Gas National Grid,0.0
UserC,h03_wi04,PV sys,0.0
UserC,h03_wi04,National Grid EE,0.0
UserC,h03_wi04,Storage EE,7.951407922802798
UserC,h03_wi04,Gas Boiler,0.0
UserC,h03_wi04,HP,0.0
UserC,h03_wi04,AC,0.0
UserC,h03_wi04,Storage HW,0.0
UserC,h03_wi04,Radiators,0.0
UserC,h03_wi04,Floor heating,0.0
UserC,h03_wi04,Induction stove,0.0
UserC,h03_wi04,Gas stove,0.0
UserC,h03_wi04,Gas National Grid,0.0
UserC,h04_wi04,PV sys,0.0
UserC,h04_wi04,National Grid EE,0.0
UserC,h04_wi04,Storage EE,6.4048245179818695
UserC,h04_wi04,Gas Boiler,0.0
UserC,h04_wi04,HP,0.0
UserC,h04_wi04,AC,0.0
UserC,h04_wi04,Storage HW,0.0
UserC,h04_wi04,Radiators,0.0
UserC,h04_wi04,Floor heating,0.0
UserC,h04_wi04,Induction stove,0.0
UserC,h04_wi04,Gas stove,0.0
UserC,h04_wi04,Gas National Grid,0.0
UserC,h05_wi04,PV sys,0.0
UserC,h05_wi04,National Grid EE,0.0
UserC,h05_wi04,Storage EE,4.849338187838373
UserC,h05_wi04,Gas Boiler,0.0
UserC,h05_wi04,HP,0.0
UserC,h05_wi04,AC,0.0
UserC,h05_wi04,Storage HW,0.0
UserC,h05_wi04,Radiators,0.0
UserC,h05_wi04,Floor heating,0.0
UserC,h05_wi04,Induction stove,0.0
UserC,h05_wi04,Gas stove,0.0
UserC,h05_wi04,Gas National Grid,0.0
UserC,h06_wi04,PV sys,0.0
UserC,h06_wi04,National Grid EE,0.0
UserC,h06_wi04,Storage EE,3.319123776532812
UserC,h06_wi04,Gas Boiler,0.0
UserC,h06_wi04,HP,0.0
UserC,h06_wi04,AC,0.0
UserC,h06_wi04,Storage HW,0.0
UserC,h06_wi04,Radiators,0.0
UserC,h06_wi04,Floor heating,0.0
UserC,h06_wi04,Induction stove,0.0
UserC,h06_wi04,Gas stove,0.0
UserC,h06_wi04,Gas National Grid,0.0
UserC,h07_wi04,PV sys,0.0
UserC,h07_wi04,National Grid EE,0.0
UserC,h07_wi04,Storage EE,1.7818772287896123
UserC,h07_wi04,Gas Boiler,0.0
UserC,h07_wi04,HP,0.0
UserC,h07_wi04,AC,0.0
UserC,h07_wi04,Storage HW,0.0
UserC,h07_wi04,Radiators,0.0
UserC,h07_wi04,Floor heating,0.0
UserC,h07_wi04,Induction stove,0.0
UserC,h07_wi04,Gas stove,0.0
UserC,h07_wi04,Gas National Grid,0.0
UserC,h08_wi04,PV sys,0.0
UserC,h08_wi04,National Grid EE,0.0
UserC,h08_wi04,Storage EE,1.2000000000000002
UserC,h08_wi04,Gas Boiler,0.0
UserC,h08_wi04,HP,0.0
UserC,h08_wi04,AC,0.0
UserC,h08_wi04,Storage HW,0.0
UserC,h08_wi04,Radiators,0.0
UserC,h08_wi04,Floor heating,0.0
UserC,h08_wi04,Induction stove,0.0
UserC,h08_wi04,Gas stove,0.0
UserC,h08_wi04,Gas National Grid,0.0
UserC,h09_wi04,PV sys,0.0
UserC,h09_wi04,National Grid EE,0.0
UserC,h09_wi04,Storage EE,2.024623558614336
UserC,h09_wi04,Gas Boiler,0.0
UserC,h09_wi04,HP,0.0
UserC,h09_wi04,AC,0.0
UserC,h09_wi04,Storage HW,0.0
UserC,h09_wi04,Radiators,0.0
UserC,h09_wi04,Floor heating,0.0
UserC,h09_wi04,Induction stove,0.0
UserC,h09_wi04,Gas stove,0.0
UserC,h09_wi04,Gas National Grid,0.0
UserC,h10_wi04,PV sys,0.0
UserC,h10_wi04,National Grid EE,0.0
UserC,h10_wi04,Storage EE,3.696340533205019
UserC,h10_wi04,Gas Boiler,0.0
UserC,h10_wi04,HP,0.0
UserC,h10_wi04,AC,0.0
UserC,h10_wi04,Storage HW,0.0
UserC,h10_wi04,Radiators,0.0
UserC,h10_wi04,Floor heating,0.0
UserC,h10_wi04,Induction stove,0.0
UserC,h10_wi04,Gas stove,0.0
UserC,h10_wi04,Gas National Grid,0.0
UserC,h11_wi04,PV sys,0.0
UserC,h11_wi04,National Grid EE,0.0
UserC,h11_wi04,Storage EE,6.264071133074003
UserC,h11_wi04,Gas Boiler,0.0
UserC,h11_wi04,HP,0.0
UserC,h11_wi04,AC,0.0
UserC,h11_wi04,Storage HW,0.0
UserC,h11_wi04,Radiators,0.0
UserC,h11_wi04,Floor heating,0.0
UserC,h11_wi04,Induction stove,0.0
UserC,h11_wi04,Gas stove,0.0
UserC,h11_wi04,Gas National Grid,0.0
UserC,h12_wi04,PV sys,0.0
UserC,h12_wi04,National Grid EE,0.0
UserC,h12_wi04,Storage EE,8.572220905694806
UserC,h12_wi04,Gas Boiler,0.0
UserC,h12_wi04,HP,0.0
UserC,h12_wi04,AC,0.0
UserC,h12_wi04,Storage HW,0.0
UserC,h12_wi04,Radiators,0.0
UserC,h12_wi04,Floor heating,0.0
UserC,h12_wi04,Induction stove,0.0
UserC,h12_wi04,Gas stove,0.0
UserC,h12_wi04,Gas National Grid,0.0
UserC,h13_wi04,PV sys,0.0
UserC,h13_wi04,National Grid EE,0.0
UserC,h13_wi04,Storage EE,10.244838414449221
UserC,h13_wi04,Gas Boiler,0.0
UserC,h13_wi04,HP,0.0
UserC,h13_wi04,AC,0.0
UserC,h13_wi04,Storage HW,0.0
UserC,h13_wi04,Radiators,0.0
UserC,h13_wi04,Floor heating,0.0
UserC,h13_wi04,Induction stove,0.0
UserC,h13_wi04,Gas stove,0.0
UserC,h13_wi04,Gas National Grid,0.0
UserC,h14_wi04,PV sys,0.0
UserC,h14_wi04,National Grid EE,0.0
UserC,h14_wi04,Storage EE,11.399999999999999
UserC,h14_wi04,Gas Boiler,0.0
UserC,h14_wi04,HP,0.0
UserC,h14_wi04,AC,0.0
UserC,h14_wi04,Storage HW,0.0
UserC,h14_wi04,Radiators,0.0
UserC,h14_wi04,Floor heating,0.0
UserC,h14_wi04,Induction stove,0.0
UserC,h14_wi04,Gas stove,0.0
UserC,h14_wi04,Gas National Grid,0.0
UserC,h15_wi04,PV sys,0.0
UserC,h15_wi04,National Grid EE,0.0
UserC,h15_wi04,Storage EE,10.529021292388757
UserC,h15_wi04,Gas Boiler,0.0
UserC,h15_wi04,HP,0.0
UserC,h15_wi04,AC,0.0
UserC,h15_wi04,Storage HW,0.0
UserC,h15_wi04,Radiators,0.0
UserC,h15_wi04,Floor heating,0.0
UserC,h15_wi04,Induction stove,0.0
UserC,h15_wi04,Gas stove,0.0
UserC,h15_wi04,Gas National Grid,0.0
UserC,h16_wi04,PV sys,0.0
UserC,h16_wi04,National Grid EE,0.0
UserC,h16_wi04,Storage EE,11.399999999999999
UserC,h16_wi04,Gas Boiler,0.0
UserC,h16_wi04,HP,0.0
UserC,h16_wi04,AC,0.0
UserC,h16_wi04,Storage HW,0.0
UserC,h16_wi04,Radiators,0.0
UserC,h16_wi04,Floor heating,0.0
UserC,h16_wi04,Induction stove,0.0
UserC,h16_wi04,Gas stove,0.0
UserC,h16_wi04,Gas National Grid,0.0
UserC,h17_wi04,PV sys,0.0
UserC,h17_wi04,National Grid EE,0.0
UserC,h17_wi04,Storage EE,11.399999999999999
UserC,h17_wi04,Gas Boiler,0.0
UserC,h17_wi04,HP,0.0
UserC,h17_wi04,AC,0.0
UserC,h17_wi04,Storage HW,0.0
UserC,h17_wi04,Radiators,0.0
UserC,h17_wi04,Floor heating,0.0
UserC,h17_wi04,Induction stove,0.0
UserC,h17_wi04,Gas stove,0.0
UserC,h17_wi04,Gas National Grid,0.0
UserC,h18_wi04,PV sys,0.0
UserC,h18_wi04,National Grid EE,0.0
UserC,h18_wi04,Storage EE,11.399999999999999
UserC,h18_wi04,Gas Boiler,0.0
UserC,h18_wi04,HP,0.0
UserC,h18_wi04,AC,0.0
UserC,h18_wi04,Storage HW,0.0
UserC,h18_wi04,Radiators,0.0
UserC,h18_wi04,Floor heating,0.0
UserC,h18_wi04,Induction stove,0.0
UserC,h18_wi04,Gas stove,0.0
UserC,h18_wi04,Gas National Grid,0.0
UserC,h19_wi04,PV sys,0.0
UserC,h19_wi04,National Grid EE,0.0
UserC,h19_wi04,Storage EE,11.4
UserC,h19_wi04,Gas Boiler,0.0
UserC,h19_wi04,HP,0.0
UserC,h19_wi04,AC,0.0
UserC,h19_wi04,Storage HW,0.0
UserC,h19_wi04,Radiators,0.0
UserC,h19_wi04,Floor heating,0.0
UserC,h19_wi04,Induction stove,0.0
UserC,h19_wi04,Gas stove,0.0
UserC,h19_wi04,Gas National Grid,0.0
UserC,h20_wi04,PV sys,0.0
UserC,h20_wi04,National Grid EE,0.0
UserC,h20_wi04,Storage EE,11.4
UserC,h20_wi04,Gas Boiler,0.0
UserC,h20_wi04,HP,0.0
UserC,h20_wi04,AC,0.0
UserC,h20_wi04,Storage HW,0.0
UserC,h20_wi04,Radiators,0.0
UserC,h20_wi04,Floor heating,0.0
UserC,h20_wi04,Induction stove,0.0
UserC,h20_wi04,Gas stove,0.0
UserC,h20_wi04,Gas National Grid,0.0
UserC,h21_wi04,PV sys,0.0
UserC,h21_wi04,National Grid EE,0.0
UserC,h21_wi04,Storage EE,11.4
UserC,h21_wi04,Gas Boiler,0.0
UserC,h21_wi04,HP,0.0
UserC,h21_wi04,AC,0.0
UserC,h21_wi04,Storage HW,0.0
UserC,h21_wi04,Radiators,0.0
UserC,h21_wi04,Floor heating,0.0
UserC,h21_wi04,Induction stove,0.0
UserC,h21_wi04,Gas stove,0.0
UserC,h21_wi04,Gas National Grid,0.0
UserC,h22_wi04,PV sys,0.0
UserC,h22_wi04,National Grid EE,0.0
UserC,h22_wi04,Storage EE,11.399999999999999
UserC,h22_wi04,Gas Boiler,0.0
UserC,h22_wi04,HP,0.0
UserC,h22_wi04,AC,0.0
UserC,h22_wi04,Storage HW,0.0
UserC,h22_wi04,Radiators,0.0
UserC,h22_wi04,Floor heating,0.0
UserC,h22_wi04,Induction stove,0.0
UserC,h22_wi04,Gas stove,0.0
UserC,h22_wi04,Gas National Grid,0.0
UserC,h23_wi04,PV sys,0.0
UserC,h23_wi04,National Grid EE,0.0
UserC,h23_wi04,Storage EE,11.399999999999999
UserC,h23_wi04,Gas Boiler,0.0
UserC,h23_wi04,HP,0.0
UserC,h23_wi04,AC,0.0
UserC,h23_wi04,Storage HW,0.0
UserC,h23_wi04,Radiators,0.0
UserC,h23_wi04,Floor heating,0.0
UserC,h23_wi04,Induction stove,0.0
UserC,h23_wi04,Gas stove,0.0
UserC,h23_wi04,Gas National Grid,0.0
UserC,h24_wi04,PV sys,0.0
UserC,h24_wi04,National Grid EE,0.0
UserC,h24_wi04,Storage EE,11.4
UserC,h24_wi04,Gas Boiler,0.0
UserC,h24_wi04,HP,0.0
UserC,h24_wi04,AC,0.0
UserC,h24_wi04,Storage HW,0.0
UserC,h24_wi04,Radiators,0.0
UserC,h24_wi04,Floor heating,0.0
UserC,h24_wi04,Induction stove,0.0
UserC,h24_wi04,Gas stove,0.0
UserC,h24_wi04,Gas National Grid,0.0
UserC,h01_wi05,PV sys,0.0
UserC,h01_wi05,National Grid EE,0.0
UserC,h01_wi05,Storage EE,9.869376981623928
UserC,h01_wi05,Gas Boiler,0.0
UserC,h01_wi05,HP,0.0
UserC,h01_wi05,AC,0.0
UserC,h01_wi05,Storage HW,0.0
UserC,h01_wi05,Radiators,0.0
UserC,h01_wi05,Floor heating,0.0
UserC,h01_wi05,Induction stove,0.0
UserC,h01_wi05,Gas stove,0.0
UserC,h01_wi05,Gas National Grid,0.0
UserC,h02_wi05,PV sys,0.0
UserC,h02_wi05,National Grid EE,0.0
UserC,h02_wi05,Storage EE,8.319703573144427
UserC,h02_wi05,Gas Boiler,0.0
UserC,h02_wi05,HP,0.0
UserC,h02_wi05,AC,0.0
UserC,h02_wi05,Storage HW,0.0
UserC,h02_wi05,Radiators,0.0
UserC,h02_wi05,Floor heating,0.0
UserC,h02_wi05,Induction stove,0.0
UserC,h02_wi05,Gas stove,0.0
UserC,h02_wi05,Gas National Grid,0.0
UserC,h03_wi05,PV sys,0.0
UserC,h03_wi05,National Grid EE,0.0
UserC,h03_wi05,Storage EE,6.732080570231163
UserC,h03_wi05,Gas Boiler,0.0
UserC,h03_wi05,HP,0.0
UserC,h03_wi05,AC,0.0
UserC,h03_wi05,Storage HW,0.0
UserC,h03_wi05,Radiators,0.0
UserC,h03_wi05,Floor heating,0.0
UserC,h03_wi05,Induction stove,0.0
UserC,h03_wi05,Gas stove,0.0
UserC,h03_wi05,Gas National Grid,0.0
UserC,h04_wi05,PV sys,0.0
UserC,h04_wi05,National Grid EE,0.0
UserC,h04_wi05,Storage EE,5.181672339021579
UserC,h04_wi05,Gas Boiler,0.0
UserC,h04_wi05,HP,0.0
UserC,h04_wi05,AC,0.0
UserC,h04_wi05,Storage HW,0.0
UserC,h04_wi05,Radiators,0.0
UserC,h04_wi05,Floor heating,0.0
UserC,h04_wi05,Induction stove,0.0
UserC,h04_wi05,Gas stove,0.0
UserC,h04_wi05,Gas National Grid,0.0
UserC,h05_wi05,PV sys,0.0
UserC,h05_wi05,National Grid EE,0.0
UserC,h05_wi05,Storage EE,5.008794488991962
UserC,h05_wi05,Gas Boiler,0.0
UserC,h05_wi05,HP,0.0
UserC,h05_wi05,AC,0.0
UserC,h05_wi05,Storage HW,0.0
UserC,h05_wi05,Radiators,0.0
UserC,h05_wi05,Floor heating,0.0
UserC,h05_wi05,Induction stove,0.0
UserC,h05_wi05,Gas stove,0.0
UserC,h05_wi05,Gas National Grid,0.0
UserC,h06_wi05,PV sys,0.0
UserC,h06_wi05,National Grid EE,0.0
UserC,h06_wi05,Storage EE,3.41651138407203
UserC,h06_wi05,Gas Boiler,0.0
UserC,h06_wi05,HP,0.0
UserC,h06_wi05,AC,0.0
UserC,h06_wi05,Storage HW,0.0
UserC,h06_wi05,Radiators,0.0
UserC,h06_wi05,Floor heating,0.0
UserC,h06_wi05,Induction stove,0.0
UserC,h06_wi05,Gas stove,0.0
UserC,h06_wi05,Gas National Grid,0.0
UserC,h07_wi05,PV sys,0.0
UserC,h07_wi05,National Grid EE,0.0
UserC,h07_wi05,Storage EE,1.817379911033881
UserC,h07_wi05,Gas Boiler,0.0
UserC,h07_wi05,HP,0.0
UserC,h07_wi05,AC,0.0
UserC,h07_wi05,Storage HW,0.0
UserC,h07_wi05,Radiators,0.0
UserC,h07_wi05,Floor heating,0.0
UserC,h07_wi05,Induction stove,0.0
UserC,h07_wi05,Gas stove,0.0
UserC,h07_wi05,Gas National Grid,0.0
UserC,h08_wi05,PV sys,0.0
UserC,h08_wi05,National Grid EE,0.0
UserC,h08_wi05,Storage EE,1.2943543695461894
UserC,h08_wi05,Gas Boiler,0.0
UserC,h08_wi05,HP,0.0
UserC,h08_wi05,AC,0.0
UserC,h08_wi05,Storage HW,0.0
UserC,h08_wi05,Radiators,0.0
UserC,h08_wi05,Floor heating,0.0
UserC,h08_wi05,Induction stove,0.0
UserC,h08_wi05,Gas stove,0.0
UserC,h08_wi05,Gas National Grid,0.0
UserC,h09_wi05,PV sys,0.0
UserC,h09_wi05,National Grid EE,0.0
UserC,h09_wi05,Storage EE,2.4920141095051926
UserC,h09_wi05,Gas Boiler,0.0
UserC,h09_wi05,HP,0.0
UserC,h09_wi05,AC,0.0
UserC,h09_wi05,Storage HW,0.0
UserC,h09_wi05,Radiators,0.0
UserC,h09_wi05,Floor heating,0.0
UserC,h09_wi05,Induction stove,0.0
UserC,h09_wi05,Gas stove,0.0
UserC,h09_wi05,Gas National Grid,0.0
UserC,h10_wi05,PV sys,0.0
UserC,h10_wi05,National Grid EE,0.0
UserC,h10_wi05,Storage EE,3.8676119406955305
UserC,h10_wi05,Gas Boiler,0.0
UserC,h10_wi05,HP,0.0
UserC,h10_wi05,AC,0.0
UserC,h10_wi05,Storage HW,0.0
UserC,h10_wi05,Radiators,0.0
UserC,h10_wi05,Floor heating,0.0
UserC,h10_wi05,Induction stove,0.0
UserC,h10_wi05,Gas stove,0.0
UserC,h10_wi05,Gas National Grid,0.0
UserC,h11_wi05,PV sys,0.0
UserC,h11_wi05,National Grid EE,0.0
UserC,h11_wi05,Storage EE,5.937819220618557
UserC,h11_wi05,Gas Boiler,0.0
UserC,h11_wi05,HP,0.0
UserC,h11_wi05,AC,0.0
UserC,h11_wi05,Storage HW,0.0
UserC,h11_wi05,Radiators,0.0
UserC,h11_wi05,Floor heating,0.0
UserC,h11_wi05,Induction stove,0.0
UserC,h11_wi05,Gas stove,0.0
UserC,h11_wi05,Gas National Grid,0.0
UserC,h12_wi05,PV sys,0.0
UserC,h12_wi05,National Grid EE,0.0
UserC,h12_wi05,Storage EE,8.43517402991204
UserC,h12_wi05,Gas Boiler,0.0
UserC,h12_wi05,HP,0.0
UserC,h12_wi05,AC,0.0
UserC,h12_wi05,Storage HW,0.0
UserC,h12_wi05,Radiators,0.0
UserC,h12_wi05,Floor heating,0.0
UserC,h12_wi05,Induction stove,0.0
UserC,h12_wi05,Gas stove,0.0
UserC,h12_wi05,Gas National Grid,0.0
UserC,h13_wi05,PV sys,0.0
UserC,h13_wi05,National Grid EE,0.0
UserC,h13_wi05,Storage EE,9.445106640467566
UserC,h13_wi05,Gas Boiler,0.0
UserC,h13_wi05,HP,0.0
UserC,h13_wi05,AC,0.0
UserC,h13_wi05,Storage HW,0.0
UserC,h13_wi05,Radiators,0.0
UserC,h13_wi05,Floor heating,0.0
UserC,h13_wi05,Induction stove,0.0
UserC,h13_wi05,Gas stove,0.0
UserC,h13_wi05,Gas National Grid,0.0
UserC,h14_wi05,PV sys,0.0
UserC,h14_wi05,National Grid EE,0.0
UserC,h14_wi05,Storage EE,9.643846875299522
UserC,h14_wi05,Gas Boiler,0.0
UserC,h14_wi05,HP,0.0
UserC,h14_wi05,AC,0.0
UserC,h14_wi05,Storage HW,0.0
UserC,h14_wi05,Radiators,0.0
UserC,h14_wi05,Floor heating,0.0
UserC,h14_wi05,Induction stove,0.0
UserC,h14_wi05,Gas stove,0.0
UserC,h14_wi05,Gas National Grid,0.0
UserC,h15_wi05,PV sys,0.0
UserC,h15_wi05,National Grid EE,0.0
UserC,h15_wi05,Storage EE,10.584880982960172
UserC,h15_wi05,Gas Boiler,0.0
UserC,h15_wi05,HP,0.0
UserC,h15_wi05,AC,0.0
UserC,h15_wi05,Storage HW,0.0
UserC,h15_wi05,Radiators,0.0
UserC,h15_wi05,Floor heating,0.0
UserC,h15_wi05,Induction stove,0.0
UserC,h15_wi05,Gas stove,0.0
UserC,h15_wi05,Gas National Grid,0.0
UserC,h16_wi05,PV sys,0.0
UserC,h16_wi05,National Grid EE,0.0
UserC,h16_wi05,Storage EE,11.377999565522511
UserC,h16_wi05,Gas Boiler,0.0
UserC,h16_wi05,HP,0.0
UserC,h16_wi05,AC,0.0
UserC,h16_wi05,Storage HW,0.0
UserC,h16_wi05,Radiators,0.0
UserC,h16_wi05,Floor heating,0.0
UserC,h16_wi05,Induction stove,0.0
UserC,h16_wi05,Gas stove,0.0
UserC,h16_wi05,Gas National Grid,0.0
UserC,h17_wi05,PV sys,0.0
UserC,h17_wi05,National Grid EE,0.0
UserC,h17_wi05,Storage EE,11.10740814808485
UserC,h17_wi05,Gas Boiler,0.0
UserC,h17_wi05,HP,0.0
UserC,h17_wi05,AC,0.0
UserC,h17_wi05,Storage HW,0.0
UserC,h17_wi05,Radiators,0.0
UserC,h17_wi05,Floor heating,0.0
UserC,h17_wi05,Induction stove,0.0
UserC,h17_wi05,Gas stove,0.0
UserC,h17_wi05,Gas National Grid,0.0
UserC,h18_wi05,PV sys,0.0
UserC,h18_wi05,National Grid EE,0.0
UserC,h18_wi05,Storage EE,10.83681648009958
UserC,h18_wi05,Gas Boiler,0.0
UserC,h18_wi05,HP,0.0
UserC,h18_wi05,AC,0.0
UserC,h18_wi05,Storage HW,0.0
UserC,h18_wi05,Radiators,0.0
UserC,h18_wi05,Floor heating,0.0
UserC,h18_wi05,Induction stove,0.0
UserC,h18_wi05,Gas stove,0.0
UserC,h18_wi05,Gas National Grid,0.0
UserC,h19_wi05,PV sys,0.0
UserC,h19_wi05,National Grid EE,0.0
UserC,h19_wi05,Storage EE,10.510418121632712
UserC,h19_wi05,Gas Boiler,0.0
UserC,h19_wi05,HP,0.0
UserC,h19_wi05,AC,0.0
UserC,h19_wi05,Storage HW,0.0
UserC,h19_wi05,Radiators,0.0
UserC,h19_wi05,Floor heating,0.0
UserC,h19_wi05,Induction stove,0.0
UserC,h19_wi05,Gas stove,0.0
UserC,h19_wi05,Gas National Grid,0.0
UserC,h20_wi05,PV sys,0.0
UserC,h20_wi05,National Grid EE,0.0
UserC,h20_wi05,Storage EE,9.205446299389166
UserC,h20_wi05,Gas Boiler,0.0
UserC,h20_wi05,HP,0.0
UserC,h20_wi05,AC,0.0
UserC,h20_wi05,Storage HW,0.0
UserC,h20_wi05,Radiators,0.0
UserC,h20_wi05,Floor heating,0.0
UserC,h20_wi05,Induction stove,0.0
UserC,h20_wi05,Gas stove,0.0
UserC,h20_wi05,Gas National Grid,0.0
UserC,h21_wi05,PV sys,0.0
UserC,h21_wi05,National Grid EE,0.0
UserC,h21_wi05,Storage EE,7.317327702384555
UserC,h21_wi05,Gas Boiler,0.0
UserC,h21_wi05,HP,0.0
UserC,h21_wi05,AC,0.0
UserC,h21_wi05,Storage HW,0.0
UserC,h21_wi05,Radiators,0.0
UserC,h21_wi05,Floor heating,0.0
UserC,h21_wi05,Induction stove,0.0
UserC,h21_wi05,Gas stove,0.0
UserC,h21_wi05,Gas National Grid,0.0
UserC,h22_wi05,PV sys,0.0
UserC,h22_wi05,National Grid EE,0.0
UserC,h22_wi05,Storage EE,5.967275881751313
UserC,h22_wi05,Gas Boiler,0.0
UserC,h22_wi05,HP,0.0
UserC,h22_wi05,AC,0.0
UserC,h22_wi05,Storage HW,0.0
UserC,h22_wi05,Radiators,0.0
UserC,h22_wi05,Floor heating,0.0
UserC,h22_wi05,Induction stove,0.0
UserC,h22_wi05,Gas stove,0.0
UserC,h22_wi05,Gas National Grid,0.0
UserC,h23_wi05,PV sys,0.0
UserC,h23_wi05,National Grid EE,0.0
UserC,h23_wi05,Storage EE,3.6072553937095133
UserC,h23_wi05,Gas Boiler,0.0
UserC,h23_wi05,HP,0.0
UserC,h23_wi05,AC,0.0
UserC,h23_wi05,Storage HW,0.0
UserC,h23_wi05,Radiators,0.0
UserC,h23_wi05,Floor heating,0.0
UserC,h23_wi05,Induction stove,0.0
UserC,h23_wi05,Gas stove,0.0
UserC,h23_wi05,Gas National Grid,0.0
UserC,h24_wi05,PV sys,0.0
UserC,h24_wi05,National Grid EE,0.0
UserC,h24_wi05,Storage EE,1.2000000000000002
UserC,h24_wi05,Gas Boiler,0.0
UserC,h24_wi05,HP,0.0
UserC,h24_wi05,AC,0.0
UserC,h24_wi05,Storage HW,0.0
UserC,h24_wi05,Radiators,0.0
UserC,h24_wi05,Floor heating,0.0
UserC,h24_wi05,Induction stove,0.0
UserC,h24_wi05,Gas stove,0.0
UserC,h24_wi05,Gas National Grid,0.0
UserC,h01_wi06,PV sys,0.0
UserC,h01_wi06,National Grid EE,0.0
UserC,h01_wi06,Storage EE,1.1999999999999993
UserC,h01_wi06,Gas Boiler,0.0
UserC,h01_wi06,HP,0.0
UserC,h01_wi06,AC,0.0
UserC,h01_wi06,Storage HW,0.0
UserC,h01_wi06,Radiators,0.0
UserC,h01_wi06,Floor heating,0.0
UserC,h01_wi06,Induction stove,0.0
UserC,h01_wi06,Gas stove,0.0
UserC,h01_wi06,Gas National Grid,0.0
UserC,h02_wi06,PV sys,0.0
UserC,h02_wi06,National Grid EE,0.0
UserC,h02_wi06,Storage EE,1.1999999999999993
UserC,h02_wi06,Gas Boiler,0.0
UserC,h02_wi06,HP,0.0
UserC,h02_wi06,AC,0.0
UserC,h02_wi06,Storage HW,0.0
UserC,h02_wi06,Radiators,0.0
UserC,h02_wi06,Floor heating,0.0
UserC,h02_wi06,Induction stove,0.0
UserC,h02_wi06,Gas stove,0.0
UserC,h02_wi06,Gas National Grid,0.0
UserC,h03_wi06,PV sys,0.0
UserC,h03_wi06,National Grid EE,0.0
UserC,h03_wi06,Storage EE,1.1999999999999993
UserC,h03_wi06,Gas Boiler,0.0
UserC,h03_wi06,HP,0.0
UserC,h03_wi06,AC,0.0
UserC,h03_wi06,Storage HW,0.0
UserC,h03_wi06,Radiators,0.0
UserC,h03_wi06,Floor heating,0.0
UserC,h03_wi06,Induction stove,0.0
UserC,h03_wi06,Gas stove,0.0
UserC,h03_wi06,Gas National Grid,0.0
UserC,h04_wi06,PV sys,0.0
UserC,h04_wi06,National Grid EE,0.0
UserC,h04_wi06,Storage EE,1.1999999999999993
UserC,h04_wi06,Gas Boiler,0.0
UserC,h04_wi06,HP,0.0
UserC,h04_wi06,AC,0.0
UserC,h04_wi06,Storage HW,0.0
UserC,h04_wi06,Radiators,0.0
UserC,h04_wi06,Floor heating,0.0
UserC,h04_wi06,Induction stove,0.0
UserC,h04_wi06,Gas stove,0.0
UserC,h04_wi06,Gas National Grid,0.0
UserC,h05_wi06,PV sys,0.0
UserC,h05_wi06,National Grid EE,0.0
UserC,h05_wi06,Storage EE,1.1999999999999993
UserC,h05_wi06,Gas Boiler,0.0
UserC,h05_wi06,HP,0.0
UserC,h05_wi06,AC,0.0
UserC,h05_wi06,Storage HW,0.0
UserC,h05_wi06,Radiators,0.0
UserC,h05_wi06,Floor heating,0.0
UserC,h05_wi06,Induction stove,0.0
UserC,h05_wi06,Gas stove,0.0
UserC,h05_wi06,Gas National Grid,0.0
UserC,h06_wi06,PV sys,0.0
UserC,h06_wi06,National Grid EE,0.0
UserC,h06_wi06,Storage EE,1.1999999999999993
UserC,h06_wi06,Gas Boiler,0.0
UserC,h06_wi06,HP,0.0
UserC,h06_wi06,AC,0.0
UserC,h06_wi06,Storage HW,0.0
UserC,h06_wi06,Radiators,0.0
UserC,h06_wi06,Floor heating,0.0
UserC,h06_wi06,Induction stove,0.0
UserC,h06_wi06,Gas stove,0.0
UserC,h06_wi06,Gas National Grid,0.0
UserC,h07_wi06,PV sys,0.0
UserC,h07_wi06,National Grid EE,0.0
UserC,h07_wi06,Storage EE,1.1999999999999993
UserC,h07_wi06,Gas Boiler,0.0
UserC,h07_wi06,HP,0.0
UserC,h07_wi06,AC,0.0
UserC,h07_wi06,Storage HW,0.0
UserC,h07_wi06,Radiators,0.0
UserC,h07_wi06,Floor heating,0.0
UserC,h07_wi06,Induction stove,0.0
UserC,h07_wi06,Gas stove,0.0
UserC,h07_wi06,Gas National Grid,0.0
UserC,h08_wi06,PV sys,0.0
UserC,h08_wi06,National Grid EE,0.0
UserC,h08_wi06,Storage EE,1.2000000000000002
UserC,h08_wi06,Gas Boiler,0.0
UserC,h08_wi06,HP,0.0
UserC,h08_wi06,AC,0.0
UserC,h08_wi06,Storage HW,0.0
UserC,h08_wi06,Radiators,0.0
UserC,h08_wi06,Floor heating,0.0
UserC,h08_wi06,Induction stove,0.0
UserC,h08_wi06,Gas stove,0.0
UserC,h08_wi06,Gas National Grid,0.0
UserC,h09_wi06,PV sys,0.0
UserC,h09_wi06,National Grid EE,0.0
UserC,h09_wi06,Storage EE,2.2347405169924537
UserC,h09_wi06,Gas Boiler,0.0
UserC,h09_wi06,HP,0.0
UserC,h09_wi06,AC,0.0
UserC,h09_wi06,Storage HW,0.0
UserC,h09_wi06,Radiators,0.0
UserC,h09_wi06,Floor heating,0.0
UserC,h09_wi06,Induction stove,0.0
UserC,h09_wi06,Gas stove,0.0
UserC,h09_wi06,Gas National Grid,0.0
UserC,h10_wi06,PV sys,0.0
UserC,h10_wi06,National Grid EE,0.0
UserC,h10_wi06,Storage EE,3.8788780024039937
UserC,h10_wi06,Gas Boiler,0.0
UserC,h10_wi06,HP,0.0
UserC,h10_wi06,AC,0.0
UserC,h10_wi06,Storage HW,0.0
UserC,h10_wi06,Radiators,0.0
UserC,h10_wi06,Floor heating,0.0
UserC,h10_wi06,Induction stove,0.0
UserC,h10_wi06,Gas stove,0.0
UserC,h10_wi06,Gas National Grid,0.0
UserC,h11_wi06,PV sys,0.0
UserC,h11_wi06,National Grid EE,0.0
UserC,h11_wi06,Storage EE,6.512448638093989
UserC,h11_wi06,Gas Boiler,0.0
UserC,h11_wi06,HP,0.0
UserC,h11_wi06,AC,0.0
UserC,h11_wi06,Storage HW,0.0
UserC,h11_wi06,Radiators,0.0
UserC,h11_wi06,Floor heating,0.0
UserC,h11_wi06,Induction stove,0.0
UserC,h11_wi06,Gas stove,0.0
UserC,h11_wi06,Gas National Grid,0.0
UserC,h12_wi06,PV sys,0.0
UserC,h12_wi06,National Grid EE,0.0
UserC,h12_wi06,Storage EE,9.16090083951076
UserC,h12_wi06,Gas Boiler,0.0
UserC,h12_wi06,HP,0.0
UserC,h12_wi06,AC,0.0
UserC,h12_wi06,Storage HW,0.0
UserC,h12_wi06,Radiators,0.0
UserC,h12_wi06,Floor heating,0.0
UserC,h12_wi06,Induction stove,0.0
UserC,h12_wi06,Gas stove,0.0
UserC,h12_wi06,Gas National Grid,0.0
UserC,h13_wi06,PV sys,0.0
UserC,h13_wi06,National Grid EE,0.0
UserC,h13_wi06,Storage EE,11.060601327435144
UserC,h13_wi06,Gas Boiler,0.0
UserC,h13_wi06,HP,0.0
UserC,h13_wi06,AC,0.0
UserC,h13_wi06,Storage HW,0.0
UserC,h13_wi06,Radiators,0.0
UserC,h13_wi06,Floor heating,0.0
UserC,h13_wi06,Induction stove,0.0
UserC,h13_wi06,Gas stove,0.0
UserC,h13_wi06,Gas National Grid,0.0
UserC,h14_wi06,PV sys,0.0
UserC,h14_wi06,National Grid EE,0.0
UserC,h14_wi06,Storage EE,10.474322818093949
UserC,h14_wi06,Gas Boiler,0.0
UserC,h14_wi06,HP,0.0
UserC,h14_wi06,AC,0.0
UserC,h14_wi06,Storage HW,0.0
UserC,h14_wi06,Radiators,0.0
UserC,h14_wi06,Floor heating,0.0
UserC,h14_wi06,Induction stove,0.0
UserC,h14_wi06,Gas stove,0.0
UserC,h14_wi06,Gas National Grid,0.0
UserC,h15_wi06,PV sys,0.0
UserC,h15_wi06,National Grid EE,0.0
UserC,h15_wi06,Storage EE,11.238111417437658
UserC,h15_wi06,Gas Boiler,0.0
UserC,h15_wi06,HP,0.0
UserC,h15_wi06,AC,0.0
UserC,h15_wi06,Storage HW,0.0
UserC,h15_wi06,Radiators,0.0
UserC,h15_wi06,Floor heating,0.0
UserC,h15_wi06,Induction stove,0.0
UserC,h15_wi06,Gas stove,0.0
UserC,h15_wi06,Gas National Grid,0.0
UserC,h16_wi06,PV sys,0.0
UserC,h16_wi06,National Grid EE,0.0
UserC,h16_wi06,Storage EE,11.399999999999999
UserC,h16_wi06,Gas Boiler,0.0
UserC,h16_wi06,HP,0.0
UserC,h16_wi06,AC,0.0
UserC,h16_wi06,Storage HW,0.0
UserC,h16_wi06,Radiators,0.0
UserC,h16_wi06,Floor heating,0.0
UserC,h16_wi06,Induction stove,0.0
UserC,h16_wi06,Gas stove,0.0
UserC,h16_wi06,Gas National Grid,0.0
UserC,h17_wi06,PV sys,0.0
UserC,h17_wi06,National Grid EE,0.0
UserC,h17_wi06,Storage EE,11.399999999999999
UserC,h17_wi06,Gas Boiler,0.0
UserC,h17_wi06,HP,0.0
UserC,h17_wi06,AC,0.0
UserC,h17_wi06,Storage HW,0.0
UserC,h17_wi06,Radiators,0.0
UserC,h17_wi06,Floor heating,0.0
UserC,h17_wi06,Induction stove,0.0
UserC,h17_wi06,Gas stove,0.0
UserC,h17_wi06,Gas National Grid,0.0
UserC,h18_wi06,PV sys,0.0
UserC,h18_wi06,National Grid EE,0.0
UserC,h18_wi06,Storage EE,11.399999999999999
UserC,h18_wi06,Gas Boiler,0.0
UserC,h18_wi06,HP,0.0
UserC,h18_wi06,AC,0.0
UserC,h18_wi06,Storage HW,0.0
UserC,h18_wi06,Radiators,0.0
UserC,h18_wi06,Floor heating,0.0
UserC,h18_wi06,Induction stove,0.0
UserC,h18_wi06,Gas stove,0.0
UserC,h18_wi06,Gas National Grid,0.0
UserC,h19_wi06,PV sys,0.0
UserC,h19_wi06,National Grid EE,0.0
UserC,h19_wi06,Storage EE,11.399999999999999
UserC,h19_wi06,Gas Boiler,0.0
UserC,h19_wi06,HP,0.0
UserC,h19_wi06,AC,0.0
UserC,h19_wi06,Storage HW,0.0
UserC,h19_wi06,Radiators,0.0
UserC,h19_wi06,Floor heating,0.0
UserC,h19_wi06,Induction stove,0.0
UserC,h19_wi06,Gas stove,0.0
UserC,h19_wi06,Gas National Grid,0.0
UserC,h20_wi06,PV sys,0.0
UserC,h20_wi06,National Grid EE,0.0
UserC,h20_wi06,Storage EE,11.399999999999999
UserC,h20_wi06,Gas Boiler,0.0
UserC,h20_wi06,HP,0.0
UserC,h20_wi06,AC,0.0
UserC,h20_wi06,Storage HW,0.0
UserC,h20_wi06,Radiators,0.0
UserC,h20_wi06,Floor heating,0.0
UserC,h20_wi06,Induction stove,0.0
UserC,h20_wi06,Gas stove,0.0
UserC,h20_wi06,Gas National Grid,0.0
UserC,h21_wi06,PV sys,0.0
UserC,h21_wi06,National Grid EE,0.0
UserC,h21_wi06,Storage EE,11.399999999999999
UserC,h21_wi06,Gas Boiler,0.0
UserC,h21_wi06,HP,0.0
UserC,h21_wi06,AC,0.0
UserC,h21_wi06,Storage HW,0.0
UserC,h21_wi06,Radiators,0.0
UserC,h21_wi06,Floor heating,0.0
UserC,h21_wi06,Induction stove,0.0
UserC,h21_wi06,Gas stove,0.0
UserC,h21_wi06,Gas National Grid,0.0
UserC,h22_wi06,PV sys,0.0
UserC,h22_wi06,National Grid EE,0.0
UserC,h22_wi06,Storage EE,11.399999999999999
UserC,h22_wi06,Gas Boiler,0.0
UserC,h22_wi06,HP,0.0
UserC,h22_wi06,AC,0.0
UserC,h22_wi06,Storage HW,0.0
UserC,h22_wi06,Radiators,0.0
UserC,h22_wi06,Floor heating,0.0
UserC,h22_wi06,Induction stove,0.0
UserC,h22_wi06,Gas stove,0.0
UserC,h22_wi06,Gas National Grid,0.0
UserC,h23_wi06,PV sys,0.0
UserC,h23_wi06,National Grid EE,0.0
UserC,h23_wi06,Storage EE,11.399999999999999
UserC,h23_wi06,Gas Boiler,0.0
UserC,h23_wi06,HP,0.0
UserC,h23_wi06,AC,0.0
UserC,h23_wi06,Storage HW,0.0
UserC,h23_wi06,Radiators,0.0
UserC,h23_wi06,Floor heating,0.0
UserC,h23_wi06,Induction stove,0.0
UserC,h23_wi06,Gas stove,0.0
UserC,h23_wi06,Gas National Grid,0.0
UserC,h24_wi06,PV sys,0.0
UserC,h24_wi06,National Grid EE,0.0
UserC,h24_wi06,Storage EE,11.399999999999999
UserC,h24_wi06,Gas Boiler,0.0
UserC,h24_wi06,HP,0.0
UserC,h24_wi06,AC,0.0
UserC,h24_wi06,Storage HW,0.0
UserC,h24_wi06,Radiators,0.0
UserC,h24_wi06,Floor heating,0.0
UserC,h24_wi06,Induction stove,0.0
UserC,h24_wi06,Gas stove,0.0
UserC,h24_wi06,Gas National Grid,0.0
UserC,h01_wi07,PV sys,0.0
UserC,h01_wi07,National Grid EE,0.0
UserC,h01_wi07,Storage EE,9.992183476658226
UserC,h01_wi07,Gas Boiler,0.0
UserC,h01_wi07,HP,0.0
UserC,h01_wi07,AC,0.0
UserC,h01_wi07,Storage HW,0.0
UserC,h01_wi07,Radiators,0.0
UserC,h01_wi07,Floor heating,0.0
UserC,h01_wi07,Induction stove,0.0
UserC,h01_wi07,Gas stove,0.0
UserC,h01_wi07,Gas National Grid,0.0
UserC,h02_wi07,PV sys,0.0
UserC,h02_wi07,National Grid EE,0.0
UserC,h02_wi07,Storage EE,9.838931421697277
UserC,h02_wi07,Gas Boiler,0.0
UserC,h02_wi07,HP,0.0
UserC,h02_wi07,AC,0.0
UserC,h02_wi07,Storage HW,0.0
UserC,h02_wi07,Radiators,0.0
UserC,h02_wi07,Floor heating,0.0
UserC,h02_wi07,Induction stove,0.0
UserC,h02_wi07,Gas stove,0.0
UserC,h02_wi07,Gas National Grid,0.0
UserC,h03_wi07,PV sys,0.0
UserC,h03_wi07,National Grid EE,0.0
UserC,h03_wi07,Storage EE,9.71317280770508
UserC,h03_wi07,Gas Boiler,0.0
UserC,h03_wi07,HP,0.0
UserC,h03_wi07,AC,0.0
UserC,h03_wi07,Storage HW,0.0
UserC,h03_wi07,Radiators,0.0
UserC,h03_wi07,Floor heating,0.0
UserC,h03_wi07,Induction stove,0.0
UserC,h03_wi07,Gas stove,0.0
UserC,h03_wi07,Gas National Grid,0.0
UserC,h04_wi07,PV sys,0.0
UserC,h04_wi07,National Grid EE,0.0
UserC,h04_wi07,Storage EE,8.176427722649185
UserC,h04_wi07,Gas Boiler,0.0
UserC,h04_wi07,HP,0.0
UserC,h04_wi07,AC,0.0
UserC,h04_wi07,Storage HW,0.0
UserC,h04_wi07,Radiators,0.0
UserC,h04_wi07,Floor heating,0.0
UserC,h04_wi07,Induction stove,0.0
UserC,h04_wi07,Gas stove,0.0
UserC,h04_wi07,Gas National Grid,0.0
UserC,h05_wi07,PV sys,0.0
UserC,h05_wi07,National Grid EE,0.0
UserC,h05_wi07,Storage EE,8.018315161000924
UserC,h05_wi07,Gas Boiler,0.0
UserC,h05_wi07,HP,0.0
UserC,h05_wi07,AC,0.0
UserC,h05_wi07,Storage HW,0.0
UserC,h05_wi07,Radiators,0.0
UserC,h05_wi07,Floor heating,0.0
UserC,h05_wi07,Induction stove,0.0
UserC,h05_wi07,Gas stove,0.0
UserC,h05_wi07,Gas National Grid,0.0
UserC,h06_wi07,PV sys,0.0
UserC,h06_wi07,National Grid EE,0.0
UserC,h06_wi07,Storage EE,6.469944299429731
UserC,h06_wi07,Gas Boiler,0.0
UserC,h06_wi07,HP,0.0
UserC,h06_wi07,AC,0.0
UserC,h06_wi07,Storage HW,0.0
UserC,h06_wi07,Radiators,0.0
UserC,h06_wi07,Floor heating,0.0
UserC,h06_wi07,Induction stove,0.0
UserC,h06_wi07,Gas stove,0.0
UserC,h06_wi07,Gas National Grid,0.0
UserC,h07_wi07,PV sys,0.0
UserC,h07_wi07,National Grid EE,0.0
UserC,h07_wi07,Storage EE,4.920087239553025
UserC,h07_wi07,Gas Boiler,0.0
UserC,h07_wi07,HP,0.0
UserC,h07_wi07,AC,0.0
UserC,h07_wi07,Storage HW,0.0
UserC,h07_wi07,Radiators,0.0
UserC,h07_wi07,Floor heating,0.0
UserC,h07_wi07,Induction stove,0.0
UserC,h07_wi07,Gas stove,0.0
UserC,h07_wi07,Gas National Grid,0.0
UserC,h08_wi07,PV sys,0.0
UserC,h08_wi07,National Grid EE,0.0
UserC,h08_wi07,Storage EE,3.307525328980184
UserC,h08_wi07,Gas Boiler,0.0
UserC,h08_wi07,HP,0.0
UserC,h08_wi07,AC,0.0
UserC,h08_wi07,Storage HW,0.0
UserC,h08_wi07,Radiators,0.0
UserC,h08_wi07,Floor heating,0.0
UserC,h08_wi07,Induction stove,0.0
UserC,h08_wi07,Gas stove,0.0
UserC,h08_wi07,Gas National Grid,0.0
UserC,h09_wi07,PV sys,0.0
UserC,h09_wi07,National Grid EE,0.0
UserC,h09_wi07,Storage EE,2.398867169621823
UserC,h09_wi07,Gas Boiler,0.0
UserC,h09_wi07,HP,0.0
UserC,h09_wi07,AC,0.0
UserC,h09_wi07,Storage HW,0.0
UserC,h09_wi07,Radiators,0.0
UserC,h09_wi07,Floor heating,0.0
UserC,h09_wi07,Induction stove,0.0
UserC,h09_wi07,Gas stove,0.0
UserC,h09_wi07,Gas National Grid,0.0
UserC,h10_wi07,PV sys,0.0
UserC,h10_wi07,National Grid EE,0.0
UserC,h10_wi07,Storage EE,3.3958607426695635
UserC,h10_wi07,Gas Boiler,0.0
UserC,h10_wi07,HP,0.0
UserC,h10_wi07,AC,0.0
UserC,h10_wi07,Storage HW,0.0
UserC,h10_wi07,Radiators,0.0
UserC,h10_wi07,Floor heating,0.0
UserC,h10_wi07,Induction stove,0.0
UserC,h10_wi07,Gas stove,0.0
UserC,h10_wi07,Gas National Grid,0.0
UserC,h11_wi07,PV sys,0.0
UserC,h11_wi07,National Grid EE,0.0
UserC,h11_wi07,Storage EE,3.7708041223266906
UserC,h11_wi07,Gas Boiler,0.0
UserC,h11_wi07,HP,0.0
UserC,h11_wi07,AC,0.0
UserC,h11_wi07,Storage HW,0.0
UserC,h11_wi07,Radiators,0.0
UserC,h11_wi07,Floor heating,0.0
UserC,h11_wi07,Induction stove,0.0
UserC,h11_wi07,Gas stove,0.0
UserC,h11_wi07,Gas National Grid,0.0
UserC,h12_wi07,PV sys,0.0
UserC,h12_wi07,National Grid EE,0.0
UserC,h12_wi07,Storage EE,5.4096051562648615
UserC,h12_wi07,Gas Boiler,0.0
UserC,h12_wi07,HP,0.0
UserC,h12_wi07,AC,0.0
UserC,h12_wi07,Storage HW,0.0
UserC,h12_wi07,Radiators,0.0
UserC,h12_wi07,Floor heating,0.0
UserC,h12_wi07,Induction stove,0.0
UserC,h12_wi07,Gas stove,0.0
UserC,h12_wi07,Gas National Grid,0.0
UserC,h13_wi07,PV sys,0.0
UserC,h13_wi07,National Grid EE,0.0
UserC,h13_wi07,Storage EE,7.048509940319657
UserC,h13_wi07,Gas Boiler,0.0
UserC,h13_wi07,HP,0.0
UserC,h13_wi07,AC,0.0
UserC,h13_wi07,Storage HW,0.0
UserC,h13_wi07,Radiators,0.0
UserC,h13_wi07,Floor heating,0.0
UserC,h13_wi07,Induction stove,0.0
UserC,h13_wi07,Gas stove,0.0
UserC,h13_wi07,Gas National Grid,0.0
UserC,h14_wi07,PV sys,0.0
UserC,h14_wi07,National Grid EE,0.0
UserC,h14_wi07,Storage EE,7.794241377181673
UserC,h14_wi07,Gas Boiler,0.0
UserC,h14_wi07,HP,0.0
UserC,h14_wi07,AC,0.0
UserC,h14_wi07,Storage HW,0.0
UserC,h14_wi07,Radiators,0.0
UserC,h14_wi07,Floor heating,0.0
UserC,h14_wi07,Induction stove,0.0
UserC,h14_wi07,Gas stove,0.0
UserC,h14_wi07,Gas National Grid,0.0
UserC,h15_wi07,PV sys,0.0
UserC,h15_wi07,National Grid EE,0.0
UserC,h15_wi07,Storage EE,10.17479141743766
UserC,h15_wi07,Gas Boiler,0.0
UserC,h15_wi07,HP,0.0
UserC,h15_wi07,AC,0.0
UserC,h15_wi07,Storage HW,0.0
UserC,h15_wi07,Radiators,0.0
UserC,h15_wi07,Floor heating,0.0
UserC,h15_wi07,Induction stove,0.0
UserC,h15_wi07,Gas stove,0.0
UserC,h15_wi07,Gas National Grid,0.0
UserC,h16_wi07,PV sys,0.0
UserC,h16_wi07,National Grid EE,0.0
UserC,h16_wi07,Storage EE,11.399999999999999
UserC,h16_wi07,Gas Boiler,0.0
UserC,h16_wi07,HP,0.0
UserC,h16_wi07,AC,0.0
UserC,h16_wi07,Storage HW,0.0
UserC,h16_wi07,Radiators,0.0
UserC,h16_wi07,Floor heating,0.0
UserC,h16_wi07,Induction stove,0.0
UserC,h16_wi07,Gas stove,0.0
UserC,h16_wi07,Gas National Grid,0.0
UserC,h17_wi07,PV sys,0.0
UserC,h17_wi07,National Grid EE,0.0
UserC,h17_wi07,Storage EE,11.399999999999999
UserC,h17_wi07,Gas Boiler,0.0
UserC,h17_wi07,HP,0.0
UserC,h17_wi07,AC,0.0
UserC,h17_wi07,Storage HW,0.0
UserC,h17_wi07,Radiators,0.0
UserC,h17_wi07,Floor heating,0.0
UserC,h17_wi07,Induction stove,0.0
UserC,h17_wi07,Gas stove,0.0
UserC,h17_wi07,Gas National Grid,0.0
UserC,h18_wi07,PV sys,0.0
UserC,h18_wi07,National Grid EE,0.0
UserC,h18_wi07,Storage EE,11.399999999999999
UserC,h18_wi07,Gas Boiler,0.0
UserC,h18_wi07,HP,0.0
UserC,h18_wi07,AC,0.0
UserC,h18_wi07,Storage HW,0.0
UserC,h18_wi07,Radiators,0.0
UserC,h18_wi07,Floor heating,0.0
UserC,h18_wi07,Induction stove,0.0
UserC,h18_wi07,Gas stove,0.0
UserC,h18_wi07,Gas National Grid,0.0
UserC,h19_wi07,PV sys,0.0
UserC,h19_wi07,National Grid EE,0.0
UserC,h19_wi07,Storage EE,11.399999999999999
UserC,h19_wi07,Gas Boiler,0.0
UserC,h19_wi07,HP,0.0
UserC,h19_wi07,AC,0.0
UserC,h19_wi07,Storage HW,0.0
UserC,h19_wi07,Radiators,0.0
UserC,h19_wi07,Floor heating,0.0
UserC,h19_wi07,Induction stove,0.0
UserC,h19_wi07,Gas stove,0.0
UserC,h19_wi07,Gas National Grid,0.0
UserC,h20_wi07,PV sys,0.0
UserC,h20_wi07,National Grid EE,0.0
UserC,h20_wi07,Storage EE,11.399999999999999
UserC,h20_wi07,Gas Boiler,0.0
UserC,h20_wi07,HP,0.0
UserC,h20_wi07,AC,0.0
UserC,h20_wi07,Storage HW,0.0
UserC,h20_wi07,Radiators,0.0
UserC,h20_wi07,Floor heating,0.0
UserC,h20_wi07,Induction stove,0.0
UserC,h20_wi07,Gas stove,0.0
UserC,h20_wi07,Gas National Grid,0.0
UserC,h21_wi07,PV sys,0.0
UserC,h21_wi07,National Grid EE,0.0
UserC,h21_wi07,Storage EE,11.399999999999999
UserC,h21_wi07,Gas Boiler,0.0
UserC,h21_wi07,HP,0.0
UserC,h21_wi07,AC,0.0
UserC,h21_wi07,Storage HW,0.0
UserC,h21_wi07,Radiators,0.0
UserC,h21_wi07,Floor heating,0.0
UserC,h21_wi07,Induction stove,0.0
UserC,h21_wi07,Gas stove,0.0
UserC,h21_wi07,Gas National Grid,0.0
UserC,h22_wi07,PV sys,0.0
UserC,h22_wi07,National Grid EE,0.0
UserC,h22_wi07,Storage EE,11.399999999999999
UserC,h22_wi07,Gas Boiler,0.0
UserC,h22_wi07,HP,0.0
UserC,h22_wi07,AC,0.0
UserC,h22_wi07,Storage HW,0.0
UserC,h22_wi07,Radiators,0.0
UserC,h22_wi07,Floor heating,0.0
UserC,h22_wi07,Induction stove,0.0
UserC,h22_wi07,Gas stove,0.0
UserC,h22_wi07,Gas National Grid,0.0
UserC,h23_wi07,PV sys,0.0
UserC,h23_wi07,National Grid EE,0.0
UserC,h23_wi07,Storage EE,8.52479329517893
UserC,h23_wi07,Gas Boiler,0.0
UserC,h23_wi07,HP,0.0
UserC,h23_wi07,AC,0.0
UserC,h23_wi07,Storage HW,0.0
UserC,h23_wi07,Radiators,0.0
UserC,h23_wi07,Floor heating,0.0
UserC,h23_wi07,Induction stove,0.0
UserC,h23_wi07,Gas stove,0.0
UserC,h23_wi07,Gas National Grid,0.0
UserC,h24_wi07,PV sys,0.0
UserC,h24_wi07,National Grid EE,0.0
UserC,h24_wi07,Storage EE,6.796155453543019
UserC,h24_wi07,Gas Boiler,0.0
UserC,h24_wi07,HP,0.0
UserC,h24_wi07,AC,0.0
UserC,h24_wi07,Storage HW,0.0
UserC,h24_wi07,Radiators,0.0
UserC,h24_wi07,Floor heating,0.0
UserC,h24_wi07,Induction stove,0.0
UserC,h24_wi07,Gas stove,0.0
UserC,h24_wi07,Gas National Grid,0.0
UserC,h01_wi08,PV sys,0.0
UserC,h01_wi08,National Grid EE,0.0
UserC,h01_wi08,Storage EE,6.594813825076118
UserC,h01_wi08,Gas Boiler,0.0
UserC,h01_wi08,HP,0.0
UserC,h01_wi08,AC,0.0
UserC,h01_wi08,Storage HW,0.0
UserC,h01_wi08,Radiators,0.0
UserC,h01_wi08,Floor heating,0.0
UserC,h01_wi08,Induction stove,0.0
UserC,h01_wi08,Gas stove,0.0
UserC,h01_wi08,Gas National Grid,0.0
UserC,h02_wi08,PV sys,0.0
UserC,h02_wi08,National Grid EE,0.0
UserC,h02_wi08,Storage EE,6.395227249197502
UserC,h02_wi08,Gas Boiler,0.0
UserC,h02_wi08,HP,0.0
UserC,h02_wi08,AC,0.0
UserC,h02_wi08,Storage HW,0.0
UserC,h02_wi08,Radiators,0.0
UserC,h02_wi08,Floor heating,0.0
UserC,h02_wi08,Induction stove,0.0
UserC,h02_wi08,Gas stove,0.0
UserC,h02_wi08,Gas National Grid,0.0
UserC,h03_wi08,PV sys,0.0
UserC,h03_wi08,National Grid EE,0.0
UserC,h03_wi08,Storage EE,6.176999780894289
UserC,h03_wi08,Gas Boiler,0.0
UserC,h03_wi08,HP,0.0
UserC,h03_wi08,AC,0.0
UserC,h03_wi08,Storage HW,0.0
UserC,h03_wi08,Radiators,0.0
UserC,h03_wi08,Floor heating,0.0
UserC,h03_wi08,Induction stove,0.0
UserC,h03_wi08,Gas stove,0.0
UserC,h03_wi08,Gas National Grid,0.0
UserC,h04_wi08,PV sys,0.0
UserC,h04_wi08,National Grid EE,0.0
UserC,h04_wi08,Storage EE,6.033769997761702
UserC,h04_wi08,Gas Boiler,0.0
UserC,h04_wi08,HP,0.0
UserC,h04_wi08,AC,0.0
UserC,h04_wi08,Storage HW,0.0
UserC,h04_wi08,Radiators,0.0
UserC,h04_wi08,Floor heating,0.0
UserC,h04_wi08,Induction stove,0.0
UserC,h04_wi08,Gas stove,0.0
UserC,h04_wi08,Gas National Grid,0.0
UserC,h05_wi08,PV sys,0.0
UserC,h05_wi08,National Grid EE,0.0
UserC,h05_wi08,Storage EE,5.776374054312023
UserC,h05_wi08,Gas Boiler,0.0
UserC,h05_wi08,HP,0.0
UserC,h05_wi08,AC,0.0
UserC,h05_wi08,Storage HW,0.0
UserC,h05_wi08,Radiators,0.0
UserC,h05_wi08,Floor heating,0.0
UserC,h05_wi08,Induction stove,0.0
UserC,h05_wi08,Gas stove,0.0
UserC,h05_wi08,Gas National Grid,0.0
UserC,h06_wi08,PV sys,0.0
UserC,h06_wi08,National Grid EE,0.0
UserC,h06_wi08,Storage EE,5.551382301651286
UserC,h06_wi08,Gas Boiler,0.0
UserC,h06_wi08,HP,0.0
UserC,h06_wi08,AC,0.0
UserC,h06_wi08,Storage HW,0.0
UserC,h06_wi08,Radiators,0.0
UserC,h06_wi08,Floor heating,0.0
UserC,h06_wi08,Induction stove,0.0
UserC,h06_wi08,Gas stove,0.0
UserC,h06_wi08,Gas National Grid,0.0
UserC,h07_wi08,PV sys,0.0
UserC,h07_wi08,National Grid EE,0.0
UserC,h07_wi08,Storage EE,5.31770387967114
UserC,h07_wi08,Gas Boiler,0.0
UserC,h07_wi08,HP,0.0
UserC,h07_wi08,AC,0.0
UserC,h07_wi08,Storage HW,0.0
UserC,h07_wi08,Radiators,0.0
UserC,h07_wi08,Floor heating,0.0
UserC,h07_wi08,Induction stove,0.0
UserC,h07_wi08,Gas stove,0.0
UserC,h07_wi08,Gas National Grid,0.0
UserC,h08_wi08,PV sys,0.0
UserC,h08_wi08,National Grid EE,0.0
UserC,h08_wi08,Storage EE,5.164221024166119
UserC,h08_wi08,Gas Boiler,0.0
UserC,h08_wi08,HP,0.0
UserC,h08_wi08,AC,0.0
UserC,h08_wi08,Storage HW,0.0
UserC,h08_wi08,Radiators,0.0
UserC,h08_wi08,Floor heating,0.0
UserC,h08_wi08,Induction stove,0.0
UserC,h08_wi08,Gas stove,0.0
UserC,h08_wi08,Gas National Grid,0.0
UserC,h09_wi08,PV sys,0.0
UserC,h09_wi08,National Grid EE,0.0
UserC,h09_wi08,Storage EE,5.180634275959626
UserC,h09_wi08,Gas Boiler,0.0
UserC,h09_wi08,HP,0.0
UserC,h09_wi08,AC,0.0
UserC,h09_wi08,Storage HW,0.0
UserC,h09_wi08,Radiators,0.0
UserC,h09_wi08,Floor heating,0.0
UserC,h09_wi08,Induction stove,0.0
UserC,h09_wi08,Gas stove,0.0
UserC,h09_wi08,Gas National Grid,0.0
UserC,h10_wi08,PV sys,0.0
UserC,h10_wi08,National Grid EE,0.0
UserC,h10_wi08,Storage EE,5.223024076406067
UserC,h10_wi08,Gas Boiler,0.0
UserC,h10_wi08,HP,0.0
UserC,h10_wi08,AC,0.0
UserC,h10_wi08,Storage HW,0.0
UserC,h10_wi08,Radiators,0.0
UserC,h10_wi08,Floor heating,0.0
UserC,h10_wi08,Induction stove,0.0
UserC,h10_wi08,Gas stove,0.0
UserC,h10_wi08,Gas National Grid,0.0
UserC,h11_wi08,PV sys,0.0
UserC,h11_wi08,National Grid EE,0.0
UserC,h11_wi08,Storage EE,5.803559070343308
UserC,h11_wi08,Gas Boiler,0.0
UserC,h11_wi08,HP,0.0
UserC,h11_wi08,AC,0.0
UserC,h11_wi08,Storage HW,0.0
UserC,h11_wi08,Radiators,0.0
UserC,h11_wi08,Floor heating,0.0
UserC,h11_wi08,Induction stove,0.0
UserC,h11_wi08,Gas stove,0.0
UserC,h11_wi08,Gas National Grid,0.0
UserC,h12_wi08,PV sys,0.0
UserC,h12_wi08,National Grid EE,0.0
UserC,h12_wi08,Storage EE,6.757064170758323
UserC,h12_wi08,Gas Boiler,0.0
UserC,h12_wi08,HP,0.0
UserC,h12_wi08,AC,0.0
UserC,h12_wi08,Storage HW,0.0
UserC,h12_wi08,Radiators,0.0
UserC,h12_wi08,Floor heating,0.0
UserC,h12_wi08,Induction stove,0.0
UserC,h12_wi08,Gas stove,0.0
UserC,h12_wi08,Gas National Grid,0.0
UserC,h13_wi08,PV sys,0.0
UserC,h13_wi08,National Grid EE,0.0
UserC,h13_wi08,Storage EE,8.095581928342712
UserC,h13_wi08,Gas Boiler,0.0
UserC,h13_wi08,HP,0.0
UserC,h13_wi08,AC,0.0
UserC,h13_wi08,Storage HW,0.0
UserC,h13_wi08,Radiators,0.0
UserC,h13_wi08,Floor heating,0.0
UserC,h13_wi08,Induction stove,0.0
UserC,h13_wi08,Gas stove,0.0
UserC,h13_wi08,Gas National Grid,0.0
UserC,h14_wi08,PV sys,0.0
UserC,h14_wi08,National Grid EE,0.0
UserC,h14_wi08,Storage EE,9.713473503002277
UserC,h14_wi08,Gas Boiler,0.0
UserC,h14_wi08,HP,0.0
UserC,h14_wi08,AC,0.0
UserC,h14_wi08,Storage HW,0.0
UserC,h14_wi08,Radiators,0.0
UserC,h14_wi08,Floor heating,0.0
UserC,h14_wi08,Induction stove,0.0
UserC,h14_wi08,Gas stove,0.0
UserC,h14_wi08,Gas National Grid,0.0
UserC,h15_wi08,PV sys,0.0
UserC,h15_wi08,National Grid EE,0.0
UserC,h15_wi08,Storage EE,10.94198141743766
UserC,h15_wi08,Gas Boiler,0.0
UserC,h15_wi08,HP,0.0
UserC,h15_wi08,AC,0.0
UserC,h15_wi08,Storage HW,0.0
UserC,h15_wi08,Radiators,0.0
UserC,h15_wi08,Floor heating,0.0
UserC,h15_wi08,Induction stove,0.0
UserC,h15_wi08,Gas stove,0.0
UserC,h15_wi08,Gas National Grid,0.0
UserC,h16_wi08,PV sys,0.0
UserC,h16_wi08,National Grid EE,0.0
UserC,h16_wi08,Storage EE,11.399999999999999
UserC,h16_wi08,Gas Boiler,0.0
UserC,h16_wi08,HP,0.0
UserC,h16_wi08,AC,0.0
UserC,h16_wi08,Storage HW,0.0
UserC,h16_wi08,Radiators,0.0
UserC,h16_wi08,Floor heating,0.0
UserC,h16_wi08,Induction stove,0.0
UserC,h16_wi08,Gas stove,0.0
UserC,h16_wi08,Gas National Grid,0.0
UserC,h17_wi08,PV sys,0.0
UserC,h17_wi08,National Grid EE,0.0
UserC,h17_wi08,Storage EE,11.399999999999999
UserC,h17_wi08,Gas Boiler,0.0
UserC,h17_wi08,HP,0.0
UserC,h17_wi08,AC,0.0
UserC,h17_wi08,Storage HW,0.0
UserC,h17_wi08,Radiators,0.0
UserC,h17_wi08,Floor heating,0.0
UserC,h17_wi08,Induction stove,0.0
UserC,h17_wi08,Gas stove,0.0
UserC,h17_wi08,Gas National Grid,0.0
UserC,h18_wi08,PV sys,0.0
UserC,h18_wi08,National Grid EE,0.0
UserC,h18_wi08,Storage EE,11.399999999999999
UserC,h18_wi08,Gas Boiler,0.0
UserC,h18_wi08,HP,0.0
UserC,h18_wi08,AC,0.0
UserC,h18_wi08,Storage HW,0.0
UserC,h18_wi08,Radiators,0.0
UserC,h18_wi08,Floor heating,0.0
UserC,h18_wi08,Induction stove,0.0
UserC,h18_wi08,Gas stove,0.0
UserC,h18_wi08,Gas National Grid,0.0
UserC,h19_wi08,PV sys,0.0
UserC,h19_wi08,National Grid EE,0.0
UserC,h19_wi08,Storage EE,11.399999999999999
UserC,h19_wi08,Gas Boiler,0.0
UserC,h19_wi08,HP,0.0
UserC,h19_wi08,AC,0.0
UserC,h19_wi08,Storage HW,0.0
UserC,h19_wi08,Radiators,0.0
UserC,h19_wi08,Floor heating,0.0
UserC,h19_wi08,Induction stove,0.0
UserC,h19_wi08,Gas stove,0.0
UserC,h19_wi08,Gas National Grid,0.0
UserC,h20_wi08,PV sys,0.0
UserC,h20_wi08,National Grid EE,0.0
UserC,h20_wi08,Storage EE,11.399999999999999
UserC,h20_wi08,Gas Boiler,0.0
UserC,h20_wi08,HP,0.0
UserC,h20_wi08,AC,0.0
UserC,h20_wi08,Storage HW,0.0
UserC,h20_wi08,Radiators,0.0
UserC,h20_wi08,Floor heating,0.0
UserC,h20_wi08,Induction stove,0.0
UserC,h20_wi08,Gas stove,0.0
UserC,h20_wi08,Gas National Grid,0.0
UserC,h21_wi08,PV sys,0.0
UserC,h21_wi08,National Grid EE,0.0
UserC,h21_wi08,Storage EE,11.399999999999999
UserC,h21_wi08,Gas Boiler,0.0
UserC,h21_wi08,HP,0.0
UserC,h21_wi08,AC,0.0
UserC,h21_wi08,Storage HW,0.0
UserC,h21_wi08,Radiators,0.0
UserC,h21_wi08,Floor heating,0.0
UserC,h21_wi08,Induction stove,0.0
UserC,h21_wi08,Gas stove,0.0
UserC,h21_wi08,Gas National Grid,0.0
UserC,h22_wi08,PV sys,0.0
UserC,h22_wi08,National Grid EE,0.0
UserC,h22_wi08,Storage EE,11.399999999999999
UserC,h22_wi08,Gas Boiler,0.0
UserC,h22_wi08,HP,0.0
UserC,h22_wi08,AC,0.0
UserC,h22_wi08,Storage HW,0.0
UserC,h22_wi08,Radiators,0.0
UserC,h22_wi08,Floor heating,0.0
UserC,h22_wi08,Induction stove,0.0
UserC,h22_wi08,Gas stove,0.0
UserC,h22_wi08,Gas National Grid,0.0
UserC,h23_wi08,PV sys,0.0
UserC,h23_wi08,National Grid EE,0.0
UserC,h23_wi08,Storage EE,11.399999999999999
UserC,h23_wi08,Gas Boiler,0.0
UserC,h23_wi08,HP,0.0
UserC,h23_wi08,AC,0.0
UserC,h23_wi08,Storage HW,0.0
UserC,h23_wi08,Radiators,0.0
UserC,h23_wi08,Floor heating,0.0
UserC,h23_wi08,Induction stove,0.0
UserC,h23_wi08,Gas stove,0.0
UserC,h23_wi08,Gas National Grid,0.0
UserC,h24_wi08,PV sys,0.0
UserC,h24_wi08,National Grid EE,0.0
UserC,h24_wi08,Storage EE,11.399999999999999
UserC,h24_wi08,Gas Boiler,0.0
UserC,h24_wi08,HP,0.0
UserC,h24_wi08,AC,0.0
UserC,h24_wi08,Storage HW,0.0
UserC,h24_wi08,Radiators,0.0
UserC,h24_wi08,Floor heating,0.0
UserC,h24_wi08,Induction stove,0.0
UserC,h24_wi08,Gas stove,0.0
UserC,h24_wi08,Gas National Grid,0.0
UserC,h01_wi09,PV sys,0.0
UserC,h01_wi09,National Grid EE,0.0
UserC,h01_wi09,Storage EE,11.22576453269767
UserC,h01_wi09,Gas Boiler,0.0
UserC,h01_wi09,HP,0.0
UserC,h01_wi09,AC,0.0
UserC,h01_wi09,Storage HW,0.0
UserC,h01_wi09,Radiators,0.0
UserC,h01_wi09,Floor heating,0.0
UserC,h01_wi09,Induction stove,0.0
UserC,h01_wi09,Gas stove,0.0
UserC,h01_wi09,Gas National Grid,0.0
UserC,h02_wi09,PV sys,0.0
UserC,h02_wi09,National Grid EE,0.0
UserC,h02_wi09,Storage EE,11.069338273378438
UserC,h02_wi09,Gas Boiler,0.0
UserC,h02_wi09,HP,0.0
UserC,h02_wi09,AC,0.0
UserC,h02_wi09,Storage HW,0.0
UserC,h02_wi09,Radiators,0.0
UserC,h02_wi09,Floor heating,0.0
UserC,h02_wi09,Induction stove,0.0
UserC,h02_wi09,Gas stove,0.0
UserC,h02_wi09,Gas National Grid,0.0
UserC,h03_wi09,PV sys,0.0
UserC,h03_wi09,National Grid EE,0.0
UserC,h03_wi09,Storage EE,10.919209427985805
UserC,h03_wi09,Gas Boiler,0.0
UserC,h03_wi09,HP,0.0
UserC,h03_wi09,AC,0.0
UserC,h03_wi09,Storage HW,0.0
UserC,h03_wi09,Radiators,0.0
UserC,h03_wi09,Floor heating,0.0
UserC,h03_wi09,Induction stove,0.0
UserC,h03_wi09,Gas stove,0.0
UserC,h03_wi09,Gas National Grid,0.0
UserC,h04_wi09,PV sys,0.0
UserC,h04_wi09,National Grid EE,0.0
UserC,h04_wi09,Storage EE,10.152654644539053
UserC,h04_wi09,Gas Boiler,0.0
UserC,h04_wi09,HP,0.0
UserC,h04_wi09,AC,0.0
UserC,h04_wi09,Storage HW,0.0
UserC,h04_wi09,Radiators,0.0
UserC,h04_wi09,Floor heating,0.0
UserC,h04_wi09,Induction stove,0.0
UserC,h04_wi09,Gas stove,0.0
UserC,h04_wi09,Gas National Grid,0.0
UserC,h05_wi09,PV sys,0.0
UserC,h05_wi09,National Grid EE,0.0
UserC,h05_wi09,Storage EE,9.947205605373421
UserC,h05_wi09,Gas Boiler,0.0
UserC,h05_wi09,HP,0.0
UserC,h05_wi09,AC,0.0
UserC,h05_wi09,Storage HW,0.0
UserC,h05_wi09,Radiators,0.0
UserC,h05_wi09,Floor heating,0.0
UserC,h05_wi09,Induction stove,0.0
UserC,h05_wi09,Gas stove,0.0
UserC,h05_wi09,Gas National Grid,0.0
UserC,h06_wi09,PV sys,0.0
UserC,h06_wi09,National Grid EE,0.0
UserC,h06_wi09,Storage EE,8.380645455096678
UserC,h06_wi09,Gas Boiler,0.0
UserC,h06_wi09,HP,0.0
UserC,h06_wi09,AC,0.0
UserC,h06_wi09,Storage HW,0.0
UserC,h06_wi09,Radiators,0.0
UserC,h06_wi09,Floor heating,0.0
UserC,h06_wi09,Induction stove,0.0
UserC,h06_wi09,Gas stove,0.0
UserC,h06_wi09,Gas National Grid,0.0
UserC,h07_wi09,PV sys,0.0
UserC,h07_wi09,National Grid EE,0.0
UserC,h07_wi09,Storage EE,8.175196315712004
UserC,h07_wi09,Gas Boiler,0.0
UserC,h07_wi09,HP,0.0
UserC,h07_wi09,AC,0.0
UserC,h07_wi09,Storage HW,0.0
UserC,h07_wi09,Radiators,0.0
UserC,h07_wi09,Floor heating,0.0
UserC,h07_wi09,Induction stove,0.0
UserC,h07_wi09,Gas stove,0.0
UserC,h07_wi09,Gas National Grid,0.0
UserC,h08_wi09,PV sys,0.0
UserC,h08_wi09,National Grid EE,0.0
UserC,h08_wi09,Storage EE,7.7730650986485905
UserC,h08_wi09,Gas Boiler,0.0
UserC,h08_wi09,HP,0.0
UserC,h08_wi09,AC,0.0
UserC,h08_wi09,Storage HW,0.0
UserC,h08_wi09,Radiators,0.0
UserC,h08_wi09,Floor heating,0.0
UserC,h08_wi09,Induction stove,0.0
UserC,h08_wi09,Gas stove,0.0
UserC,h08_wi09,Gas National Grid,0.0
UserC,h09_wi09,PV sys,0.0
UserC,h09_wi09,National Grid EE,0.0
UserC,h09_wi09,Storage EE,7.663045438238506
UserC,h09_wi09,Gas Boiler,0.0
UserC,h09_wi09,HP,0.0
UserC,h09_wi09,AC,0.0
UserC,h09_wi09,Storage HW,0.0
UserC,h09_wi09,Radiators,0.0
UserC,h09_wi09,Floor heating,0.0
UserC,h09_wi09,Induction stove,0.0
UserC,h09_wi09,Gas stove,0.0
UserC,h09_wi09,Gas National Grid,0.0
UserC,h10_wi09,PV sys,0.0
UserC,h10_wi09,National Grid EE,0.0
UserC,h10_wi09,Storage EE,7.691647650762472
UserC,h10_wi09,Gas Boiler,0.0
UserC,h10_wi09,HP,0.0
UserC,h10_wi09,AC,0.0
UserC,h10_wi09,Storage HW,0.0
UserC,h10_wi09,Radiators,0.0
UserC,h10_wi09,Floor heating,0.0
UserC,h10_wi09,Induction stove,0.0
UserC,h10_wi09,Gas stove,0.0
UserC,h10_wi09,Gas National Grid,0.0
UserC,h11_wi09,PV sys,0.0
UserC,h11_wi09,National Grid EE,0.0
UserC,h11_wi09,Storage EE,6.405861188827345
UserC,h11_wi09,Gas Boiler,0.0
UserC,h11_wi09,HP,0.0
UserC,h11_wi09,AC,0.0
UserC,h11_wi09,Storage HW,0.0
UserC,h11_wi09,Radiators,0.0
UserC,h11_wi09,Floor heating,0.0
UserC,h11_wi09,Induction stove,0.0
UserC,h11_wi09,Gas stove,0.0
UserC,h11_wi09,Gas National Grid,0.0
UserC,h12_wi09,PV sys,0.0
UserC,h12_wi09,National Grid EE,0.0
UserC,h12_wi09,Storage EE,6.468955473144149
UserC,h12_wi09,Gas Boiler,0.0
UserC,h12_wi09,HP,0.0
UserC,h12_wi09,AC,0.0
UserC,h12_wi09,Storage HW,0.0
UserC,h12_wi09,Radiators,0.0
UserC,h12_wi09,Floor heating,0.0
UserC,h12_wi09,Induction stove,0.0
UserC,h12_wi09,Gas stove,0.0
UserC,h12_wi09,Gas National Grid,0.0
UserC,h13_wi09,PV sys,0.0
UserC,h13_wi09,National Grid EE,0.0
UserC,h13_wi09,Storage EE,5.129732042909877
UserC,h13_wi09,Gas Boiler,0.0
UserC,h13_wi09,HP,0.0
UserC,h13_wi09,AC,0.0
UserC,h13_wi09,Storage HW,0.0
UserC,h13_wi09,Radiators,0.0
UserC,h13_wi09,Floor heating,0.0
UserC,h13_wi09,Induction stove,0.0
UserC,h13_wi09,Gas stove,0.0
UserC,h13_wi09,Gas National Grid,0.0
UserC,h14_wi09,PV sys,0.0
UserC,h14_wi09,National Grid EE,0.0
UserC,h14_wi09,Storage EE,5.095721045531483
UserC,h14_wi09,Gas Boiler,0.0
UserC,h14_wi09,HP,0.0
UserC,h14_wi09,AC,0.0
UserC,h14_wi09,Storage HW,0.0
UserC,h14_wi09,Radiators,0.0
UserC,h14_wi09,Floor heating,0.0
UserC,h14_wi09,Induction stove,0.0
UserC,h14_wi09,Gas stove,0.0
UserC,h14_wi09,Gas National Grid,0.0
UserC,h15_wi09,PV sys,0.0
UserC,h15_wi09,National Grid EE,0.0
UserC,h15_wi09,Storage EE,5.084028993388838
UserC,h15_wi09,Gas Boiler,0.0
UserC,h15_wi09,HP,0.0
UserC,h15_wi09,AC,0.0
UserC,h15_wi09,Storage HW,0.0
UserC,h15_wi09,Radiators,0.0
UserC,h15_wi09,Floor heating,0.0
UserC,h15_wi09,Induction stove,0.0
UserC,h15_wi09,Gas stove,0.0
UserC,h15_wi09,Gas National Grid,0.0
UserC,h16_wi09,PV sys,0.0
UserC,h16_wi09,National Grid EE,0.0
UserC,h16_wi09,Storage EE,4.951495312934622
UserC,h16_wi09,Gas Boiler,0.0
UserC,h16_wi09,HP,0.0
UserC,h16_wi09,AC,0.0
UserC,h16_wi09,Storage HW,0.0
UserC,h16_wi09,Radiators,0.0
UserC,h16_wi09,Floor heating,0.0
UserC,h16_wi09,Induction stove,0.0
UserC,h16_wi09,Gas stove,0.0
UserC,h16_wi09,Gas National Grid,0.0
UserC,h17_wi09,PV sys,0.0
UserC,h17_wi09,National Grid EE,0.0
UserC,h17_wi09,Storage EE,4.728841570367345
UserC,h17_wi09,Gas Boiler,0.0
UserC,h17_wi09,HP,0.0
UserC,h17_wi09,AC,0.0
UserC,h17_wi09,Storage HW,0.0
UserC,h17_wi09,Radiators,0.0
UserC,h17_wi09,Floor heating,0.0
UserC,h17_wi09,Induction stove,0.0
UserC,h17_wi09,Gas stove,0.0
UserC,h17_wi09,Gas National Grid,0.0
UserC,h18_wi09,PV sys,0.0
UserC,h18_wi09,National Grid EE,0.0
UserC,h18_wi09,Storage EE,4.4582491006132425
UserC,h18_wi09,Gas Boiler,0.0
UserC,h18_wi09,HP,0.0
UserC,h18_wi09,AC,0.0
UserC,h18_wi09,Storage HW,0.0
UserC,h18_wi09,Radiators,0.0
UserC,h18_wi09,Floor heating,0.0
UserC,h18_wi09,Induction stove,0.0
UserC,h18_wi09,Gas stove,0.0
UserC,h18_wi09,Gas National Grid,0.0
UserC,h19_wi09,PV sys,0.0
UserC,h19_wi09,National Grid EE,0.0
UserC,h19_wi09,Storage EE,3.932297940076232
UserC,h19_wi09,Gas Boiler,0.0
UserC,h19_wi09,HP,0.0
UserC,h19_wi09,AC,0.0
UserC,h19_wi09,Storage HW,0.0
UserC,h19_wi09,Radiators,0.0
UserC,h19_wi09,Floor heating,0.0
UserC,h19_wi09,Induction stove,0.0
UserC,h19_wi09,Gas stove,0.0
UserC,h19_wi09,Gas National Grid,0.0
UserC,h20_wi09,PV sys,0.0
UserC,h20_wi09,National Grid EE,0.0
UserC,h20_wi09,Storage EE,3.2675938478798763
UserC,h20_wi09,Gas Boiler,0.0
UserC,h20_wi09,HP,0.0
UserC,h20_wi09,AC,0.0
UserC,h20_wi09,Storage HW,0.0
UserC,h20_wi09,Radiators,0.0
UserC,h20_wi09,Floor heating,0.0
UserC,h20_wi09,Induction stove,0.0
UserC,h20_wi09,Gas stove,0.0
UserC,h20_wi09,Gas National Grid,0.0
UserC,h21_wi09,PV sys,0.0
UserC,h21_wi09,National Grid EE,0.0
UserC,h21_wi09,Storage EE,2.566395291700344
UserC,h21_wi09,Gas Boiler,0.0
UserC,h21_wi09,HP,0.0
UserC,h21_wi09,AC,0.0
UserC,h21_wi09,Storage HW,0.0
UserC,h21_wi09,Radiators,0.0
UserC,h21_wi09,Floor heating,0.0
UserC,h21_wi09,Induction stove,0.0
UserC,h21_wi09,Gas stove,0.0
UserC,h21_wi09,Gas National Grid,0.0
UserC,h22_wi09,PV sys,0.0
UserC,h22_wi09,National Grid EE,0.0
UserC,h22_wi09,Storage EE,1.8894067166771258
UserC,h22_wi09,Gas Boiler,0.0
UserC,h22_wi09,HP,0.0
UserC,h22_wi09,AC,0.0
UserC,h22_wi09,Storage HW,0.0
UserC,h22_wi09,Radiators,0.0
UserC,h22_wi09,Floor heating,0.0
UserC,h22_wi09,Induction stove,0.0
UserC,h22_wi09,Gas stove,0.0
UserC,h22_wi09,Gas National Grid,0.0
UserC,h23_wi09,PV sys,0.0
UserC,h23_wi09,National Grid EE,0.0
UserC,h23_wi09,Storage EE,1.5375404276967082
UserC,h23_wi09,Gas Boiler,0.0
UserC,h23_wi09,HP,0.0
UserC,h23_wi09,AC,0.0
UserC,h23_wi09,Storage HW,0.0
UserC,h23_wi09,Radiators,0.0
UserC,h23_wi09,Floor heating,0.0
UserC,h23_wi09,Induction stove,0.0
UserC,h23_wi09,Gas stove,0.0
UserC,h23_wi09,Gas National Grid,0.0
UserC,h24_wi09,PV sys,0.0
UserC,h24_wi09,National Grid EE,0.0
UserC,h24_wi09,Storage EE,1.1999999999999993
UserC,h24_wi09,Gas Boiler,0.0
UserC,h24_wi09,HP,0.0
UserC,h24_wi09,AC,0.0
UserC,h24_wi09,Storage HW,0.0
UserC,h24_wi09,Radiators,0.0
UserC,h24_wi09,Floor heating,0.0
UserC,h24_wi09,Induction stove,0.0
UserC,h24_wi09,Gas stove,0.0
UserC,h24_wi09,Gas National Grid,0.0
UserC,h01_wi10,PV sys,0.0
UserC,h01_wi10,National Grid EE,0.0
UserC,h01_wi10,Storage EE,1.1999999999999993
UserC,h01_wi10,Gas Boiler,0.0
UserC,h01_wi10,HP,0.0
UserC,h01_wi10,AC,0.0
UserC,h01_wi10,Storage HW,0.0
UserC,h01_wi10,Radiators,0.0
UserC,h01_wi10,Floor heating,0.0
UserC,h01_wi10,Induction stove,0.0
UserC,h01_wi10,Gas stove,0.0
UserC,h01_wi10,Gas National Grid,0.0
UserC,h02_wi10,PV sys,0.0
UserC,h02_wi10,National Grid EE,0.0
UserC,h02_wi10,Storage EE,1.2000000000000002
UserC,h02_wi10,Gas Boiler,0.0
UserC,h02_wi10,HP,0.0
UserC,h02_wi10,AC,0.0
UserC,h02_wi10,Storage HW,0.0
UserC,h02_wi10,Radiators,0.0
UserC,h02_wi10,Floor heating,0.0
UserC,h02_wi10,Induction stove,0.0
UserC,h02_wi10,Gas stove,0.0
UserC,h02_wi10,Gas National Grid,0.0
UserC,h03_wi10,PV sys,0.0
UserC,h03_wi10,National Grid EE,0.0
UserC,h03_wi10,Storage EE,1.2000000000000002
UserC,h03_wi10,Gas Boiler,0.0
UserC,h03_wi10,HP,0.0
UserC,h03_wi10,AC,0.0
UserC,h03_wi10,Storage HW,0.0
UserC,h03_wi10,Radiators,0.0
UserC,h03_wi10,Floor heating,0.0
UserC,h03_wi10,Induction stove,0.0
UserC,h03_wi10,Gas stove,0.0
UserC,h03_wi10,Gas National Grid,0.0
UserC,h04_wi10,PV sys,0.0
UserC,h04_wi10,National Grid EE,0.0
UserC,h04_wi10,Storage EE,1.2000000000000002
UserC,h04_wi10,Gas Boiler,0.0
UserC,h04_wi10,HP,0.0
UserC,h04_wi10,AC,0.0
UserC,h04_wi10,Storage HW,0.0
UserC,h04_wi10,Radiators,0.0
UserC,h04_wi10,Floor heating,0.0
UserC,h04_wi10,Induction stove,0.0
UserC,h04_wi10,Gas stove,0.0
UserC,h04_wi10,Gas National Grid,0.0
UserC,h05_wi10,PV sys,0.0
UserC,h05_wi10,National Grid EE,0.0
UserC,h05_wi10,Storage EE,1.2000000000000002
UserC,h05_wi10,Gas Boiler,0.0
UserC,h05_wi10,HP,0.0
UserC,h05_wi10,AC,0.0
UserC,h05_wi10,Storage HW,0.0
UserC,h05_wi10,Radiators,0.0
UserC,h05_wi10,Floor heating,0.0
UserC,h05_wi10,Induction stove,0.0
UserC,h05_wi10,Gas stove,0.0
UserC,h05_wi10,Gas National Grid,0.0
UserC,h06_wi10,PV sys,0.0
UserC,h06_wi10,National Grid EE,0.0
UserC,h06_wi10,Storage EE,1.2000000000000002
UserC,h06_wi10,Gas Boiler,0.0
UserC,h06_wi10,HP,0.0
UserC,h06_wi10,AC,0.0
UserC,h06_wi10,Storage HW,0.0
UserC,h06_wi10,Radiators,0.0
UserC,h06_wi10,Floor heating,0.0
UserC,h06_wi10,Induction stove,0.0
UserC,h06_wi10,Gas stove,0.0
UserC,h06_wi10,Gas National Grid,0.0
UserC,h07_wi10,PV sys,0.0
UserC,h07_wi10,National Grid EE,0.0
UserC,h07_wi10,Storage EE,1.2000000000000002
UserC,h07_wi10,Gas Boiler,0.0
UserC,h07_wi10,HP,0.0
UserC,h07_wi10,AC,0.0
UserC,h07_wi10,Storage HW,0.0
UserC,h07_wi10,Radiators,0.0
UserC,h07_wi10,Floor heating,0.0
UserC,h07_wi10,Induction stove,0.0
UserC,h07_wi10,Gas stove,0.0
UserC,h07_wi10,Gas National Grid,0.0
UserC,h08_wi10,PV sys,0.0
UserC,h08_wi10,National Grid EE,0.0
UserC,h08_wi10,Storage EE,1.2000000000000002
UserC,h08_wi10,Gas Boiler,0.0
UserC,h08_wi10,HP,0.0
UserC,h08_wi10,AC,0.0
UserC,h08_wi10,Storage HW,0.0
UserC,h08_wi10,Radiators,0.0
UserC,h08_wi10,Floor heating,0.0
UserC,h08_wi10,Induction stove,0.0
UserC,h08_wi10,Gas stove,0.0
UserC,h08_wi10,Gas National Grid,0.0
UserC,h09_wi10,PV sys,0.0
UserC,h09_wi10,National Grid EE,0.0
UserC,h09_wi10,Storage EE,1.2508800000000002
UserC,h09_wi10,Gas Boiler,0.0
UserC,h09_wi10,HP,0.0
UserC,h09_wi10,AC,0.0
UserC,h09_wi10,Storage HW,0.0
UserC,h09_wi10,Radiators,0.0
UserC,h09_wi10,Floor heating,0.0
UserC,h09_wi10,Induction stove,0.0
UserC,h09_wi10,Gas stove,0.0
UserC,h09_wi10,Gas National Grid,0.0
UserC,h10_wi10,PV sys,0.0
UserC,h10_wi10,National Grid EE,0.0
UserC,h10_wi10,Storage EE,1.3357800000000002
UserC,h10_wi10,Gas Boiler,0.0
UserC,h10_wi10,HP,0.0
UserC,h10_wi10,AC,0.0
UserC,h10_wi10,Storage HW,0.0
UserC,h10_wi10,Radiators,0.0
UserC,h10_wi10,Floor heating,0.0
UserC,h10_wi10,Induction stove,0.0
UserC,h10_wi10,Gas stove,0.0
UserC,h10_wi10,Gas National Grid,0.0
UserC,h11_wi10,PV sys,0.0
UserC,h11_wi10,National Grid EE,0.0
UserC,h11_wi10,Storage EE,1.5560400000000003
UserC,h11_wi10,Gas Boiler,0.0
UserC,h11_wi10,HP,0.0
UserC,h11_wi10,AC,0.0
UserC,h11_wi10,Storage HW,0.0
UserC,h11_wi10,Radiators,0.0
UserC,h11_wi10,Floor heating,0.0
UserC,h11_wi10,Induction stove,0.0
UserC,h11_wi10,Gas stove,0.0
UserC,h11_wi10,Gas National Grid,0.0
UserC,h12_wi10,PV sys,0.0
UserC,h12_wi10,National Grid EE,0.0
UserC,h12_wi10,Storage EE,1.6726800000000002
UserC,h12_wi10,Gas Boiler,0.0
UserC,h12_wi10,HP,0.0
UserC,h12_wi10,AC,0.0
UserC,h12_wi10,Storage HW,0.0
UserC,h12_wi10,Radiators,0.0
UserC,h12_wi10,Floor heating,0.0
UserC,h12_wi10,Induction stove,0.0
UserC,h12_wi10,Gas stove,0.0
UserC,h12_wi10,Gas National Grid,0.0
UserC,h13_wi10,PV sys,0.0
UserC,h13_wi10,National Grid EE,0.0
UserC,h13_wi10,Storage EE,1.7491800000000004
UserC,h13_wi10,Gas Boiler,0.0
UserC,h13_wi10,HP,0.0
UserC,h13_wi10,AC,0.0
UserC,h13_wi10,Storage HW,0.0
UserC,h13_wi10,Radiators,0.0
UserC,h13_wi10,Floor heating,0.0
UserC,h13_wi10,Induction stove,0.0
UserC,h13_wi10,Gas stove,0.0
UserC,h13_wi10,Gas National Grid,0.0
UserC,h14_wi10,PV sys,0.0
UserC,h14_wi10,National Grid EE,0.0
UserC,h14_wi10,Storage EE,1.8030000000000004
UserC,h14_wi10,Gas Boiler,0.0
UserC,h14_wi10,HP,0.0
UserC,h14_wi10,AC,0.0
UserC,h14_wi10,Storage HW,0.0
UserC,h14_wi10,Radiators,0.0
UserC,h14_wi10,Floor heating,0.0
UserC,h14_wi10,Induction stove,0.0
UserC,h14_wi10,Gas stove,0.0
UserC,h14_wi10,Gas National Grid,0.0
UserC,h15_wi10,PV sys,0.0
UserC,h15_wi10,National Grid EE,0.0
UserC,h15_wi10,Storage EE,1.8293400000000002
UserC,h15_wi10,Gas Boiler,0.0
UserC,h15_wi10,HP,0.0
UserC,h15_wi10,AC,0.0
UserC,h15_wi10,Storage HW,0.0
UserC,h15_wi10,Radiators,0.0
UserC,h15_wi10,Floor heating,0.0
UserC,h15_wi10,Induction stove,0.0
UserC,h15_wi10,Gas stove,0.0
UserC,h15_wi10,Gas National Grid,0.0
UserC,h16_wi10,PV sys,0.0
UserC,h16_wi10,National Grid EE,0.0
UserC,h16_wi10,Storage EE,1.8865200000000004
UserC,h16_wi10,Gas Boiler,0.0
UserC,h16_wi10,HP,0.0
UserC,h16_wi10,AC,0.0
UserC,h16_wi10,Storage HW,0.0
UserC,h16_wi10,Radiators,0.0
UserC,h16_wi10,Floor heating,0.0
UserC,h16_wi10,Induction stove,0.0
UserC,h16_wi10,Gas stove,0.0
UserC,h16_wi10,Gas National Grid,0.0
UserC,h17_wi10,PV sys,0.0
UserC,h17_wi10,National Grid EE,0.0
UserC,h17_wi10,Storage EE,1.8865200000000004
UserC,h17_wi10,Gas Boiler,0.0
UserC,h17_wi10,HP,0.0
UserC,h17_wi10,AC,0.0
UserC,h17_wi10,Storage HW,0.0
UserC,h17_wi10,Radiators,0.0
UserC,h17_wi10,Floor heating,0.0
UserC,h17_wi10,Induction stove,0.0
UserC,h17_wi10,Gas stove,0.0
UserC,h17_wi10,Gas National Grid,0.0
UserC,h18_wi10,PV sys,0.0
UserC,h18_wi10,National Grid EE,0.0
UserC,h18_wi10,Storage EE,1.8865200000000004
UserC,h18_wi10,Gas Boiler,0.0
UserC,h18_wi10,HP,0.0
UserC,h18_wi10,AC,0.0
UserC,h18_wi10,Storage HW,0.0
UserC,h18_wi10,Radiators,0.0
UserC,h18_wi10,Floor heating,0.0
UserC,h18_wi10,Induction stove,0.0
UserC,h18_wi10,Gas stove,0.0
UserC,h18_wi10,Gas National Grid,0.0
UserC,h19_wi10,PV sys,0.0
UserC,h19_wi10,National Grid EE,0.0
UserC,h19_wi10,Storage EE,1.8865200000000004
UserC,h19_wi10,Gas Boiler,0.0
UserC,h19_wi10,HP,0.0
UserC,h19_wi10,AC,0.0
UserC,h19_wi10,Storage HW,0.0
UserC,h19_wi10,Radiators,0.0
UserC,h19_wi10,Floor heating,0.0
UserC,h19_wi10,Induction stove,0.0
UserC,h19_wi10,Gas stove,0.0
UserC,h19_wi10,Gas National Grid,0.0
UserC,h20_wi10,PV sys,0.0
UserC,h20_wi10,National Grid EE,0.0
UserC,h20_wi10,Storage EE,1.8865200000000004
UserC,h20_wi10,Gas Boiler,0.0
UserC,h20_wi10,HP,0.0
UserC,h20_wi10,AC,0.0
UserC,h20_wi10,Storage HW,0.0
UserC,h20_wi10,Radiators,0.0
UserC,h20_wi10,Floor heating,0.0
UserC,h20_wi10,Induction stove,0.0
UserC,h20_wi10,Gas stove,0.0
UserC,h20_wi10,Gas National Grid,0.0
UserC,h21_wi10,PV sys,0.0
UserC,h21_wi10,National Grid EE,0.0
UserC,h21_wi10,Storage EE,1.8865200000000004
UserC,h21_wi10,Gas Boiler,0.0
UserC,h21_wi10,HP,0.0
UserC,h21_wi10,AC,0.0
UserC,h21_wi10,Storage HW,0.0
UserC,h21_wi10,Radiators,0.0
UserC,h21_wi10,Floor heating,0.0
UserC,h21_wi10,Induction stove,0.0
UserC,h21_wi10,Gas stove,0.0
UserC,h21_wi10,Gas National Grid,0.0
UserC,h22_wi10,PV sys,0.0
UserC,h22_wi10,National Grid EE,0.0
UserC,h22_wi10,Storage EE,1.8865200000000004
UserC,h22_wi10,Gas Boiler,0.0
UserC,h22_wi10,HP,0.0
UserC,h22_wi10,AC,0.0
UserC,h22_wi10,Storage HW,0.0
UserC,h22_wi10,Radiators,0.0
UserC,h22_wi10,Floor heating,0.0
UserC,h22_wi10,Induction stove,0.0
UserC,h22_wi10,Gas stove,0.0
UserC,h22_wi10,Gas National Grid,0.0
UserC,h23_wi10,PV sys,0.0
UserC,h23_wi10,National Grid EE,0.0
UserC,h23_wi10,Storage EE,1.8865200000000004
UserC,h23_wi10,Gas Boiler,0.0
UserC,h23_wi10,HP,0.0
UserC,h23_wi10,AC,0.0
UserC,h23_wi10,Storage HW,0.0
UserC,h23_wi10,Radiators,0.0
UserC,h23_wi10,Floor heating,0.0
UserC,h23_wi10,Induction stove,0.0
UserC,h23_wi10,Gas stove,0.0
UserC,h23_wi10,Gas National Grid,0.0
UserC,h24_wi10,PV sys,0.0
UserC,h24_wi10,National Grid EE,0.0
UserC,h24_wi10,Storage EE,1.8865200000000004
UserC,h24_wi10,Gas Boiler,0.0
UserC,h24_wi10,HP,0.0
UserC,h24_wi10,AC,0.0
UserC,h24_wi10,Storage HW,0.0
UserC,h24_wi10,Radiators,0.0
UserC,h24_wi10,Floor heating,0.0
UserC,h24_wi10,Induction stove,0.0
UserC,h24_wi10,Gas stove,0.0
UserC,h24_wi10,Gas National Grid,0.0
UserC,h01_wi11,PV sys,0.0
UserC,h01_wi11,National Grid EE,0.0
UserC,h01_wi11,Storage EE,1.8865200000000004
UserC,h01_wi11,Gas Boiler,0.0
UserC,h01_wi11,HP,0.0
UserC,h01_wi11,AC,0.0
UserC,h01_wi11,Storage HW,0.0
UserC,h01_wi11,Radiators,0.0
UserC,h01_wi11,Floor heating,0.0
UserC,h01_wi11,Induction stove,0.0
UserC,h01_wi11,Gas stove,0.0
UserC,h01_wi11,Gas National Grid,0.0
UserC,h02_wi11,PV sys,0.0
UserC,h02_wi11,National Grid EE,0.0
UserC,h02_wi11,Storage EE,1.8865200000000004
UserC,h02_wi11,Gas Boiler,0.0
UserC,h02_wi11,HP,0.0
UserC,h02_wi11,AC,0.0
UserC,h02_wi11,Storage HW,0.0
UserC,h02_wi11,Radiators,0.0
UserC,h02_wi11,Floor heating,0.0
UserC,h02_wi11,Induction stove,0.0
UserC,h02_wi11,Gas stove,0.0
UserC,h02_wi11,Gas National Grid,0.0
UserC,h03_wi11,PV sys,0.0
UserC,h03_wi11,National Grid EE,0.0
UserC,h03_wi11,Storage EE,1.8865200000000004
UserC,h03_wi11,Gas Boiler,0.0
UserC,h03_wi11,HP,0.0
UserC,h03_wi11,AC,0.0
UserC,h03_wi11,Storage HW,0.0
UserC,h03_wi11,Radiators,0.0
UserC,h03_wi11,Floor heating,0.0
UserC,h03_wi11,Induction stove,0.0
UserC,h03_wi11,Gas stove,0.0
UserC,h03_wi11,Gas National Grid,0.0
UserC,h04_wi11,PV sys,0.0
UserC,h04_wi11,National Grid EE,0.0
UserC,h04_wi11,Storage EE,1.8865200000000004
UserC,h04_wi11,Gas Boiler,0.0
UserC,h04_wi11,HP,0.0
UserC,h04_wi11,AC,0.0
UserC,h04_wi11,Storage HW,0.0
UserC,h04_wi11,Radiators,0.0
UserC,h04_wi11,Floor heating,0.0
UserC,h04_wi11,Induction stove,0.0
UserC,h04_wi11,Gas stove,0.0
UserC,h04_wi11,Gas National Grid,0.0
UserC,h05_wi11,PV sys,0.0
UserC,h05_wi11,National Grid EE,0.0
UserC,h05_wi11,Storage EE,1.8865200000000004
UserC,h05_wi11,Gas Boiler,0.0
UserC,h05_wi11,HP,0.0
UserC,h05_wi11,AC,0.0
UserC,h05_wi11,Storage HW,0.0
UserC,h05_wi11,Radiators,0.0
UserC,h05_wi11,Floor heating,0.0
UserC,h05_wi11,Induction stove,0.0
UserC,h05_wi11,Gas stove,0.0
UserC,h05_wi11,Gas National Grid,0.0
UserC,h06_wi11,PV sys,0.0
UserC,h06_wi11,National Grid EE,0.0
UserC,h06_wi11,Storage EE,1.8865200000000004
UserC,h06_wi11,Gas Boiler,0.0
UserC,h06_wi11,HP,0.0
UserC,h06_wi11,AC,0.0
UserC,h06_wi11,Storage HW,0.0
UserC,h06_wi11,Radiators,0.0
UserC,h06_wi11,Floor heating,0.0
UserC,h06_wi11,Induction stove,0.0
UserC,h06_wi11,Gas stove,0.0
UserC,h06_wi11,Gas National Grid,0.0
UserC,h07_wi11,PV sys,0.0
UserC,h07_wi11,National Grid EE,0.0
UserC,h07_wi11,Storage EE,1.8865200000000004
UserC,h07_wi11,Gas Boiler,0.0
UserC,h07_wi11,HP,0.0
UserC,h07_wi11,AC,0.0
UserC,h07_wi11,Storage HW,0.0
UserC,h07_wi11,Radiators,0.0
UserC,h07_wi11,Floor heating,0.0
UserC,h07_wi11,Induction stove,0.0
UserC,h07_wi11,Gas stove,0.0
UserC,h07_wi11,Gas National Grid,0.0
UserC,h08_wi11,PV sys,0.0
UserC,h08_wi11,National Grid EE,0.0
UserC,h08_wi11,Storage EE,1.9285500000000004
UserC,h08_wi11,Gas Boiler,0.0
UserC,h08_wi11,HP,0.0
UserC,h08_wi11,AC,0.0
UserC,h08_wi11,Storage HW,0.0
UserC,h08_wi11,Radiators,0.0
UserC,h08_wi11,Floor heating,0.0
UserC,h08_wi11,Induction stove,0.0
UserC,h08_wi11,Gas stove,0.0
UserC,h08_wi11,Gas National Grid,0.0
UserC,h09_wi11,PV sys,0.0
UserC,h09_wi11,National Grid EE,0.0
UserC,h09_wi11,Storage EE,2.4419700000000004
UserC,h09_wi11,Gas Boiler,0.0
UserC,h09_wi11,HP,0.0
UserC,h09_wi11,AC,0.0
UserC,h09_wi11,Storage HW,0.0
UserC,h09_wi11,Radiators,0.0
UserC,h09_wi11,Floor heating,0.0
UserC,h09_wi11,Induction stove,0.0
UserC,h09_wi11,Gas stove,0.0
UserC,h09_wi11,Gas National Grid,0.0
UserC,h10_wi11,PV sys,0.0
UserC,h10_wi11,National Grid EE,0.0
UserC,h10_wi11,Storage EE,3.2011800000000004
UserC,h10_wi11,Gas Boiler,0.0
UserC,h10_wi11,HP,0.0
UserC,h10_wi11,AC,0.0
UserC,h10_wi11,Storage HW,0.0
UserC,h10_wi11,Radiators,0.0
UserC,h10_wi11,Floor heating,0.0
UserC,h10_wi11,Induction stove,0.0
UserC,h10_wi11,Gas stove,0.0
UserC,h10_wi11,Gas National Grid,0.0
UserC,h11_wi11,PV sys,0.0
UserC,h11_wi11,National Grid EE,0.0
UserC,h11_wi11,Storage EE,4.09248
UserC,h11_wi11,Gas Boiler,0.0
UserC,h11_wi11,HP,0.0
UserC,h11_wi11,AC,0.0
UserC,h11_wi11,Storage HW,0.0
UserC,h11_wi11,Radiators,0.0
UserC,h11_wi11,Floor heating,0.0
UserC,h11_wi11,Induction stove,0.0
UserC,h11_wi11,Gas stove,0.0
UserC,h11_wi11,Gas National Grid,0.0
UserC,h12_wi11,PV sys,0.0
UserC,h12_wi11,National Grid EE,0.0
UserC,h12_wi11,Storage EE,5.39049
UserC,h12_wi11,Gas Boiler,0.0
UserC,h12_wi11,HP,0.0
UserC,h12_wi11,AC,0.0
UserC,h12_wi11,Storage HW,0.0
UserC,h12_wi11,Radiators,0.0
UserC,h12_wi11,Floor heating,0.0
UserC,h12_wi11,Induction stove,0.0
UserC,h12_wi11,Gas stove,0.0
UserC,h12_wi11,Gas National Grid,0.0
UserC,h13_wi11,PV sys,0.0
UserC,h13_wi11,National Grid EE,0.0
UserC,h13_wi11,Storage EE,7.01355
UserC,h13_wi11,Gas Boiler,0.0
UserC,h13_wi11,HP,0.0
UserC,h13_wi11,AC,0.0
UserC,h13_wi11,Storage HW,0.0
UserC,h13_wi11,Radiators,0.0
UserC,h13_wi11,Floor heating,0.0
UserC,h13_wi11,Induction stove,0.0
UserC,h13_wi11,Gas stove,0.0
UserC,h13_wi11,Gas National Grid,0.0
UserC,h14_wi11,PV sys,0.0
UserC,h14_wi11,National Grid EE,0.0
UserC,h14_wi11,Storage EE,8.85318
UserC,h14_wi11,Gas Boiler,0.0
UserC,h14_wi11,HP,0.0
UserC,h14_wi11,AC,0.0
UserC,h14_wi11,Storage HW,0.0
UserC,h14_wi11,Radiators,0.0
UserC,h14_wi11,Floor heating,0.0
UserC,h14_wi11,Induction stove,0.0
UserC,h14_wi11,Gas stove,0.0
UserC,h14_wi11,Gas National Grid,0.0
UserC,h15_wi11,PV sys,0.0
UserC,h15_wi11,National Grid EE,0.0
UserC,h15_wi11,Storage EE,10.352280000000002
UserC,h15_wi11,Gas Boiler,0.0
UserC,h15_wi11,HP,0.0
UserC,h15_wi11,AC,0.0
UserC,h15_wi11,Storage HW,0.0
UserC,h15_wi11,Radiators,0.0
UserC,h15_wi11,Floor heating,0.0
UserC,h15_wi11,Induction stove,0.0
UserC,h15_wi11,Gas stove,0.0
UserC,h15_wi11,Gas National Grid,0.0
UserC,h16_wi11,PV sys,0.0
UserC,h16_wi11,National Grid EE,0.0
UserC,h16_wi11,Storage EE,11.080890000000002
UserC,h16_wi11,Gas Boiler,0.0
UserC,h16_wi11,HP,0.0
UserC,h16_wi11,AC,0.0
UserC,h16_wi11,Storage HW,0.0
UserC,h16_wi11,Radiators,0.0
UserC,h16_wi11,Floor heating,0.0
UserC,h16_wi11,Induction stove,0.0
UserC,h16_wi11,Gas stove,0.0
UserC,h16_wi11,Gas National Grid,0.0
UserC,h17_wi11,PV sys,0.0
UserC,h17_wi11,National Grid EE,0.0
UserC,h17_wi11,Storage EE,11.080890000000002
UserC,h17_wi11,Gas Boiler,0.0
UserC,h17_wi11,HP,0.0
UserC,h17_wi11,AC,0.0
UserC,h17_wi11,Storage HW,0.0
UserC,h17_wi11,Radiators,0.0
UserC,h17_wi11,Floor heating,0.0
UserC,h17_wi11,Induction stove,0.0
UserC,h17_wi11,Gas stove,0.0
UserC,h17_wi11,Gas National Grid,0.0
UserC,h18_wi11,PV sys,0.0
UserC,h18_wi11,National Grid EE,0.0
UserC,h18_wi11,Storage EE,11.080890000000002
UserC,h18_wi11,Gas Boiler,0.0
UserC,h18_wi11,HP,0.0
UserC,h18_wi11,AC,0.0
UserC,h18_wi11,Storage HW,0.0
UserC,h18_wi11,Radiators,0.0
UserC,h18_wi11,Floor heating,0.0
UserC,h18_wi11,Induction stove,0.0
UserC,h18_wi11,Gas stove,0.0
UserC,h18_wi11,Gas National Grid,0.0
UserC,h19_wi11,PV sys,0.0
UserC,h19_wi11,National Grid EE,0.0
UserC,h19_wi11,Storage EE,11.080890000000002
UserC,h19_wi11,Gas Boiler,0.0
UserC,h19_wi11,HP,0.0
UserC,h19_wi11,AC,0.0
UserC,h19_wi11,Storage HW,0.0
UserC,h19_wi11,Radiators,0.0
UserC,h19_wi11,Floor heating,0.0
UserC,h19_wi11,Induction stove,0.0
UserC,h19_wi11,Gas stove,0.0
UserC,h19_wi11,Gas National Grid,0.0
UserC,h20_wi11,PV sys,0.0
UserC,h20_wi11,National Grid EE,0.0
UserC,h20_wi11,Storage EE,11.080890000000002
UserC,h20_wi11,Gas Boiler,0.0
UserC,h20_wi11,HP,0.0
UserC,h20_wi11,AC,0.0
UserC,h20_wi11,Storage HW,0.0
UserC,h20_wi11,Radiators,0.0
UserC,h20_wi11,Floor heating,0.0
UserC,h20_wi11,Induction stove,0.0
UserC,h20_wi11,Gas stove,0.0
UserC,h20_wi11,Gas National Grid,0.0
UserC,h21_wi11,PV sys,0.0
UserC,h21_wi11,National Grid EE,0.0
UserC,h21_wi11,Storage EE,11.080890000000002
UserC,h21_wi11,Gas Boiler,0.0
UserC,h21_wi11,HP,0.0
UserC,h21_wi11,AC,0.0
UserC,h21_wi11,Storage HW,0.0
UserC,h21_wi11,Radiators,0.0
UserC,h21_wi11,Floor heating,0.0
UserC,h21_wi11,Induction stove,0.0
UserC,h21_wi11,Gas stove,0.0
UserC,h21_wi11,Gas National Grid,0.0
UserC,h22_wi11,PV sys,0.0
UserC,h22_wi11,National Grid EE,0.0
UserC,h22_wi11,Storage EE,11.080890000000002
UserC,h22_wi11,Gas Boiler,0.0
UserC,h22_wi11,HP,0.0
UserC,h22_wi11,AC,0.0
UserC,h22_wi11,Storage HW,0.0
UserC,h22_wi11,Radiators,0.0
UserC,h22_wi11,Floor heating,0.0
UserC,h22_wi11,Induction stove,0.0
UserC,h22_wi11,Gas stove,0.0
UserC,h22_wi11,Gas National Grid,0.0
UserC,h23_wi11,PV sys,0.0
UserC,h23_wi11,National Grid EE,0.0
UserC,h23_wi11,Storage EE,11.080890000000002
UserC,h23_wi11,Gas Boiler,0.0
UserC,h23_wi11,HP,0.0
UserC,h23_wi11,AC,0.0
UserC,h23_wi11,Storage HW,0.0
UserC,h23_wi11,Radiators,0.0
UserC,h23_wi11,Floor heating,0.0
UserC,h23_wi11,Induction stove,0.0
UserC,h23_wi11,Gas stove,0.0
UserC,h23_wi11,Gas National Grid,0.0
UserC,h24_wi11,PV sys,0.0
UserC,h24_wi11,National Grid EE,0.0
UserC,h24_wi11,Storage EE,11.080890000000002
UserC,h24_wi11,Gas Boiler,0.0
UserC,h24_wi11,HP,0.0
UserC,h24_wi11,AC,0.0
UserC,h24_wi11,Storage HW,0.0
UserC,h24_wi11,Radiators,0.0
UserC,h24_wi11,Floor heating,0.0
UserC,h24_wi11,Induction stove,0.0
UserC,h24_wi11,Gas stove,0.0
UserC,h24_wi11,Gas National Grid,0.0
UserC,h01_wi12,PV sys,0.0
UserC,h01_wi12,National Grid EE,0.0
UserC,h01_wi12,Storage EE,9.550266981623931
UserC,h01_wi12,Gas Boiler,0.0
UserC,h01_wi12,HP,0.0
UserC,h01_wi12,AC,0.0
UserC,h01_wi12,Storage HW,0.0
UserC,h01_wi12,Radiators,0.0
UserC,h01_wi12,Floor heating,0.0
UserC,h01_wi12,Induction stove,0.0
UserC,h01_wi12,Gas stove,0.0
UserC,h01_wi12,Gas National Grid,0.0
UserC,h02_wi12,PV sys,0.0
UserC,h02_wi12,National Grid EE,0.0
UserC,h02_wi12,Storage EE,8.00059357314443
UserC,h02_wi12,Gas Boiler,0.0
UserC,h02_wi12,HP,0.0
UserC,h02_wi12,AC,0.0
UserC,h02_wi12,Storage HW,0.0
UserC,h02_wi12,Radiators,0.0
UserC,h02_wi12,Floor heating,0.0
UserC,h02_wi12,Induction stove,0.0
UserC,h02_wi12,Gas stove,0.0
UserC,h02_wi12,Gas National Grid,0.0
UserC,h03_wi12,PV sys,0.0
UserC,h03_wi12,National Grid EE,0.0
UserC,h03_wi12,Storage EE,7.774081681342277
UserC,h03_wi12,Gas Boiler,0.0
UserC,h03_wi12,HP,0.0
UserC,h03_wi12,AC,0.0
UserC,h03_wi12,Storage HW,0.0
UserC,h03_wi12,Radiators,0.0
UserC,h03_wi12,Floor heating,0.0
UserC,h03_wi12,Induction stove,0.0
UserC,h03_wi12,Gas stove,0.0
UserC,h03_wi12,Gas National Grid,0.0
UserC,h04_wi12,PV sys,0.0
UserC,h04_wi12,National Grid EE,0.0
UserC,h04_wi12,Storage EE,6.223673450132693
UserC,h04_wi12,Gas Boiler,0.0
UserC,h04_wi12,HP,0.0
UserC,h04_wi12,AC,0.0
UserC,h04_wi12,Storage HW,0.0
UserC,h04_wi12,Radiators,0.0
UserC,h04_wi12,Floor heating,0.0
UserC,h04_wi12,Induction stove,0.0
UserC,h04_wi12,Gas stove,0.0
UserC,h04_wi12,Gas National Grid,0.0
UserC,h05_wi12,PV sys,0.0
UserC,h05_wi12,National Grid EE,0.0
UserC,h05_wi12,Storage EE,4.689684488991964
UserC,h05_wi12,Gas Boiler,0.0
UserC,h05_wi12,HP,0.0
UserC,h05_wi12,AC,0.0
UserC,h05_wi12,Storage HW,0.0
UserC,h05_wi12,Radiators,0.0
UserC,h05_wi12,Floor heating,0.0
UserC,h05_wi12,Induction stove,0.0
UserC,h05_wi12,Gas stove,0.0
UserC,h05_wi12,Gas National Grid,0.0
UserC,h06_wi12,PV sys,0.0
UserC,h06_wi12,National Grid EE,0.0
UserC,h06_wi12,Storage EE,3.097401384072034
UserC,h06_wi12,Gas Boiler,0.0
UserC,h06_wi12,HP,0.0
UserC,h06_wi12,AC,0.0
UserC,h06_wi12,Storage HW,0.0
UserC,h06_wi12,Radiators,0.0
UserC,h06_wi12,Floor heating,0.0
UserC,h06_wi12,Induction stove,0.0
UserC,h06_wi12,Gas stove,0.0
UserC,h06_wi12,Gas National Grid,0.0
UserC,h07_wi12,PV sys,0.0
UserC,h07_wi12,National Grid EE,0.0
UserC,h07_wi12,Storage EE,1.4982699110338848
UserC,h07_wi12,Gas Boiler,0.0
UserC,h07_wi12,HP,0.0
UserC,h07_wi12,AC,0.0
UserC,h07_wi12,Storage HW,0.0
UserC,h07_wi12,Radiators,0.0
UserC,h07_wi12,Floor heating,0.0
UserC,h07_wi12,Induction stove,0.0
UserC,h07_wi12,Gas stove,0.0
UserC,h07_wi12,Gas National Grid,0.0
UserC,h08_wi12,PV sys,0.0
UserC,h08_wi12,National Grid EE,0.0
UserC,h08_wi12,Storage EE,1.2000000000000002
UserC,h08_wi12,Gas Boiler,0.0
UserC,h08_wi12,HP,0.0
UserC,h08_wi12,AC,0.0
UserC,h08_wi12,Storage HW,0.0
UserC,h08_wi12,Radiators,0.0
UserC,h08_wi12,Floor heating,0.0
UserC,h08_wi12,Induction stove,0.0
UserC,h08_wi12,Gas stove,0.0
UserC,h08_wi12,Gas National Grid,0.0
UserC,h09_wi12,PV sys,0.0
UserC,h09_wi12,National Grid EE,0.0
UserC,h09_wi12,Storage EE,1.2000000000000002
UserC,h09_wi12,Gas Boiler,0.0
UserC,h09_wi12,HP,0.0
UserC,h09_wi12,AC,0.0
UserC,h09_wi12,Storage HW,0.0
UserC,h09_wi12,Radiators,0.0
UserC,h09_wi12,Floor heating,0.0
UserC,h09_wi12,Induction stove,0.0
UserC,h09_wi12,Gas stove,0.0
UserC,h09_wi12,Gas National Grid,0.0
UserC,h10_wi12,PV sys,0.0
UserC,h10_wi12,National Grid EE,0.0
UserC,h10_wi12,Storage EE,1.2000000000000002
UserC,h10_wi12,Gas Boiler,0.0
UserC,h10_wi12,HP,0.0
UserC,h10_wi12,AC,0.0
UserC,h10_wi12,Storage HW,0.0
UserC,h10_wi12,Radiators,0.0
UserC,h10_wi12,Floor heating,0.0
UserC,h10_wi12,Induction stove,0.0
UserC,h10_wi12,Gas stove,0.0
UserC,h10_wi12,Gas National Grid,0.0
UserC,h11_wi12,PV sys,0.0
UserC,h11_wi12,National Grid EE,0.0
UserC,h11_wi12,Storage EE,3.644127279923027
UserC,h11_wi12,Gas Boiler,0.0
UserC,h11_wi12,HP,0.0
UserC,h11_wi12,AC,0.0
UserC,h11_wi12,Storage HW,0.0
UserC,h11_wi12,Radiators,0.0
UserC,h11_wi12,Floor heating,0.0
UserC,h11_wi12,Induction stove,0.0
UserC,h11_wi12,Gas stove,0.0
UserC,h11_wi12,Gas National Grid,0.0
UserC,h12_wi12,PV sys,0.0
UserC,h12_wi12,National Grid EE,0.0
UserC,h12_wi12,Storage EE,6.564782089273414
UserC,h12_wi12,Gas Boiler,0.0
UserC,h12_wi12,HP,0.0
UserC,h12_wi12,AC,0.0
UserC,h12_wi12,Storage HW,0.0
UserC,h12_wi12,Radiators,0.0
UserC,h12_wi12,Floor heating,0.0
UserC,h12_wi12,Induction stove,0.0
UserC,h12_wi12,Gas stove,0.0
UserC,h12_wi12,Gas National Grid,0.0
UserC,h13_wi12,PV sys,0.0
UserC,h13_wi12,National Grid EE,0.0
UserC,h13_wi12,Storage EE,8.062214699888845
UserC,h13_wi12,Gas Boiler,0.0
UserC,h13_wi12,HP,0.0
UserC,h13_wi12,AC,0.0
UserC,h13_wi12,Storage HW,0.0
UserC,h13_wi12,Radiators,0.0
UserC,h13_wi12,Floor heating,0.0
UserC,h13_wi12,Induction stove,0.0
UserC,h13_wi12,Gas stove,0.0
UserC,h13_wi12,Gas National Grid,0.0
UserC,h14_wi12,PV sys,0.0
UserC,h14_wi12,National Grid EE,0.0
UserC,h14_wi12,Storage EE,8.941774934720799
UserC,h14_wi12,Gas Boiler,0.0
UserC,h14_wi12,HP,0.0
UserC,h14_wi12,AC,0.0
UserC,h14_wi12,Storage HW,0.0
UserC,h14_wi12,Radiators,0.0
UserC,h14_wi12,Floor heating,0.0
UserC,h14_wi12,Induction stove,0.0
UserC,h14_wi12,Gas stove,0.0
UserC,h14_wi12,Gas National Grid,0.0
UserC,h15_wi12,PV sys,0.0
UserC,h15_wi12,National Grid EE,0.0
UserC,h15_wi12,Storage EE,10.802489042381449
UserC,h15_wi12,Gas Boiler,0.0
UserC,h15_wi12,HP,0.0
UserC,h15_wi12,AC,0.0
UserC,h15_wi12,Storage HW,0.0
UserC,h15_wi12,Radiators,0.0
UserC,h15_wi12,Floor heating,0.0
UserC,h15_wi12,Induction stove,0.0
UserC,h15_wi12,Gas stove,0.0
UserC,h15_wi12,Gas National Grid,0.0
UserC,h16_wi12,PV sys,0.0
UserC,h16_wi12,National Grid EE,0.0
UserC,h16_wi12,Storage EE,11.399999999999999
UserC,h16_wi12,Gas Boiler,0.0
UserC,h16_wi12,HP,0.0
UserC,h16_wi12,AC,0.0
UserC,h16_wi12,Storage HW,0.0
UserC,h16_wi12,Radiators,0.0
UserC,h16_wi12,Floor heating,0.0
UserC,h16_wi12,Induction stove,0.0
UserC,h16_wi12,Gas stove,0.0
UserC,h16_wi12,Gas National Grid,0.0
UserC,h17_wi12,PV sys,0.0
UserC,h17_wi12,National Grid EE,0.0
UserC,h17_wi12,Storage EE,11.399999999999999
UserC,h17_wi12,Gas Boiler,0.0
UserC,h17_wi12,HP,0.0
UserC,h17_wi12,AC,0.0
UserC,h17_wi12,Storage HW,0.0
UserC,h17_wi12,Radiators,0.0
UserC,h17_wi12,Floor heating,0.0
UserC,h17_wi12,Induction stove,0.0
UserC,h17_wi12,Gas stove,0.0
UserC,h17_wi12,Gas National Grid,0.0
UserC,h18_wi12,PV sys,0.0
UserC,h18_wi12,National Grid EE,0.0
UserC,h18_wi12,Storage EE,11.399999999999997
UserC,h18_wi12,Gas Boiler,0.0
UserC,h18_wi12,HP,0.0
UserC,h18_wi12,AC,0.0
UserC,h18_wi12,Storage HW,0.0
UserC,h18_wi12,Radiators,0.0
UserC,h18_wi12,Floor heating,0.0
UserC,h18_wi12,Induction stove,0.0
UserC,h18_wi12,Gas stove,0.0
UserC,h18_wi12,Gas National Grid,0.0
UserC,h19_wi12,PV sys,0.0
UserC,h19_wi12,National Grid EE,0.0
UserC,h19_wi12,Storage EE,11.399999999999997
UserC,h19_wi12,Gas Boiler,0.0
UserC,h19_wi12,HP,0.0
UserC,h19_wi12,AC,0.0
UserC,h19_wi12,Storage HW,0.0
UserC,h19_wi12,Radiators,0.0
UserC,h19_wi12,Floor heating,0.0
UserC,h19_wi12,Induction stove,0.0
UserC,h19_wi12,Gas stove,0.0
UserC,h19_wi12,Gas National Grid,0.0
UserC,h20_wi12,PV sys,0.0
UserC,h20_wi12,National Grid EE,0.0
UserC,h20_wi12,Storage EE,11.399999999999997
UserC,h20_wi12,Gas Boiler,0.0
UserC,h20_wi12,HP,0.0
UserC,h20_wi12,AC,0.0
UserC,h20_wi12,Storage HW,0.0
UserC,h20_wi12,Radiators,0.0
UserC,h20_wi12,Floor heating,0.0
UserC,h20_wi12,Induction stove,0.0
UserC,h20_wi12,Gas stove,0.0
UserC,h20_wi12,Gas National Grid,0.0
UserC,h21_wi12,PV sys,0.0
UserC,h21_wi12,National Grid EE,0.0
UserC,h21_wi12,Storage EE,11.399999999999999
UserC,h21_wi12,Gas Boiler,0.0
UserC,h21_wi12,HP,0.0
UserC,h21_wi12,AC,0.0
UserC,h21_wi12,Storage HW,0.0
UserC,h21_wi12,Radiators,0.0
UserC,h21_wi12,Floor heating,0.0
UserC,h21_wi12,Induction stove,0.0
UserC,h21_wi12,Gas stove,0.0
UserC,h21_wi12,Gas National Grid,0.0
UserC,h22_wi12,PV sys,0.0
UserC,h22_wi12,National Grid EE,0.0
UserC,h22_wi12,Storage EE,11.399999999999997
UserC,h22_wi12,Gas Boiler,0.0
UserC,h22_wi12,HP,0.0
UserC,h22_wi12,AC,0.0
UserC,h22_wi12,Storage HW,0.0
UserC,h22_wi12,Radiators,0.0
UserC,h22_wi12,Floor heating,0.0
UserC,h22_wi12,Induction stove,0.0
UserC,h22_wi12,Gas stove,0.0
UserC,h22_wi12,Gas National Grid,0.0
UserC,h23_wi12,PV sys,0.0
UserC,h23_wi12,National Grid EE,0.0
UserC,h23_wi12,Storage EE,11.399999999999997
UserC,h23_wi12,Gas Boiler,0.0
UserC,h23_wi12,HP,0.0
UserC,h23_wi12,AC,0.0
UserC,h23_wi12,Storage HW,0.0
UserC,h23_wi12,Radiators,0.0
UserC,h23_wi12,Floor heating,0.0
UserC,h23_wi12,Induction stove,0.0
UserC,h23_wi12,Gas stove,0.0
UserC,h23_wi12,Gas National Grid,0.0
UserC,h24_wi12,PV sys,0.0
UserC,h24_wi12,National Grid EE,0.0
UserC,h24_wi12,Storage EE,11.399999999999997
UserC,h24_wi12,Gas Boiler,0.0
UserC,h24_wi12,HP,0.0
UserC,h24_wi12,AC,0.0
UserC,h24_wi12,Storage HW,0.0
UserC,h24_wi12,Radiators,0.0
UserC,h24_wi12,Floor heating,0.0
UserC,h24_wi12,Induction stove,0.0
UserC,h24_wi12,Gas stove,0.0
UserC,h24_wi12,Gas National Grid,0.0
UserC,h01_wi13,PV sys,0.0
UserC,h01_wi13,National Grid EE,0.0
UserC,h01_wi13,Storage EE,9.784676573059807
UserC,h01_wi13,Gas Boiler,0.0
UserC,h01_wi13,HP,0.0
UserC,h01_wi13,AC,0.0
UserC,h01_wi13,Storage HW,0.0
UserC,h01_wi13,Radiators,0.0
UserC,h01_wi13,Floor heating,0.0
UserC,h01_wi13,Induction stove,0.0
UserC,h01_wi13,Gas stove,0.0
UserC,h01_wi13,Gas National Grid,0.0
UserC,h02_wi13,PV sys,0.0
UserC,h02_wi13,National Grid EE,0.0
UserC,h02_wi13,Storage EE,9.642632448015474
UserC,h02_wi13,Gas Boiler,0.0
UserC,h02_wi13,HP,0.0
UserC,h02_wi13,AC,0.0
UserC,h02_wi13,Storage HW,0.0
UserC,h02_wi13,Radiators,0.0
UserC,h02_wi13,Floor heating,0.0
UserC,h02_wi13,Induction stove,0.0
UserC,h02_wi13,Gas stove,0.0
UserC,h02_wi13,Gas National Grid,0.0
UserC,h03_wi13,PV sys,0.0
UserC,h03_wi13,National Grid EE,0.0
UserC,h03_wi13,Storage EE,8.080414955925129
UserC,h03_wi13,Gas Boiler,0.0
UserC,h03_wi13,HP,0.0
UserC,h03_wi13,AC,0.0
UserC,h03_wi13,Storage HW,0.0
UserC,h03_wi13,Radiators,0.0
UserC,h03_wi13,Floor heating,0.0
UserC,h03_wi13,Induction stove,0.0
UserC,h03_wi13,Gas stove,0.0
UserC,h03_wi13,Gas National Grid,0.0
UserC,h04_wi13,PV sys,0.0
UserC,h04_wi13,National Grid EE,0.0
UserC,h04_wi13,Storage EE,6.500608771153725
UserC,h04_wi13,Gas Boiler,0.0
UserC,h04_wi13,HP,0.0
UserC,h04_wi13,AC,0.0
UserC,h04_wi13,Storage HW,0.0
UserC,h04_wi13,Radiators,0.0
UserC,h04_wi13,Floor heating,0.0
UserC,h04_wi13,Induction stove,0.0
UserC,h04_wi13,Gas stove,0.0
UserC,h04_wi13,Gas National Grid,0.0
UserC,h05_wi13,PV sys,0.0
UserC,h05_wi13,National Grid EE,0.0
UserC,h05_wi13,Storage EE,4.925145194459195
UserC,h05_wi13,Gas Boiler,0.0
UserC,h05_wi13,HP,0.0
UserC,h05_wi13,AC,0.0
UserC,h05_wi13,Storage HW,0.0
UserC,h05_wi13,Radiators,0.0
UserC,h05_wi13,Floor heating,0.0
UserC,h05_wi13,Induction stove,0.0
UserC,h05_wi13,Gas stove,0.0
UserC,h05_wi13,Gas National Grid,0.0
UserC,h06_wi13,PV sys,0.0
UserC,h06_wi13,National Grid EE,0.0
UserC,h06_wi13,Storage EE,4.368989003907947
UserC,h06_wi13,Gas Boiler,0.0
UserC,h06_wi13,HP,0.0
UserC,h06_wi13,AC,0.0
UserC,h06_wi13,Storage HW,0.0
UserC,h06_wi13,Radiators,0.0
UserC,h06_wi13,Floor heating,0.0
UserC,h06_wi13,Induction stove,0.0
UserC,h06_wi13,Gas stove,0.0
UserC,h06_wi13,Gas National Grid,0.0
UserC,h07_wi13,PV sys,0.0
UserC,h07_wi13,National Grid EE,0.0
UserC,h07_wi13,Storage EE,2.7139846624782695
UserC,h07_wi13,Gas Boiler,0.0
UserC,h07_wi13,HP,0.0
UserC,h07_wi13,AC,0.0
UserC,h07_wi13,Storage HW,0.0
UserC,h07_wi13,Radiators,0.0
UserC,h07_wi13,Floor heating,0.0
UserC,h07_wi13,Induction stove,0.0
UserC,h07_wi13,Gas stove,0.0
UserC,h07_wi13,Gas National Grid,0.0
UserC,h08_wi13,PV sys,0.0
UserC,h08_wi13,National Grid EE,0.0
UserC,h08_wi13,Storage EE,1.9426654552433895
UserC,h08_wi13,Gas Boiler,0.0
UserC,h08_wi13,HP,0.0
UserC,h08_wi13,AC,0.0
UserC,h08_wi13,Storage HW,0.0
UserC,h08_wi13,Radiators,0.0
UserC,h08_wi13,Floor heating,0.0
UserC,h08_wi13,Induction stove,0.0
UserC,h08_wi13,Gas stove,0.0
UserC,h08_wi13,Gas National Grid,0.0
UserC,h09_wi13,PV sys,0.0
UserC,h09_wi13,National Grid EE,0.0
UserC,h09_wi13,Storage EE,2.0607448611121635
UserC,h09_wi13,Gas Boiler,0.0
UserC,h09_wi13,HP,0.0
UserC,h09_wi13,AC,0.0
UserC,h09_wi13,Storage HW,0.0
UserC,h09_wi13,Radiators,0.0
UserC,h09_wi13,Floor heating,0.0
UserC,h09_wi13,Induction stove,0.0
UserC,h09_wi13,Gas stove,0.0
UserC,h09_wi13,Gas National Grid,0.0
UserC,h10_wi13,PV sys,0.0
UserC,h10_wi13,National Grid EE,0.0
UserC,h10_wi13,Storage EE,3.120651235412593
UserC,h10_wi13,Gas Boiler,0.0
UserC,h10_wi13,HP,0.0
UserC,h10_wi13,AC,0.0
UserC,h10_wi13,Storage HW,0.0
UserC,h10_wi13,Radiators,0.0
UserC,h10_wi13,Floor heating,0.0
UserC,h10_wi13,Induction stove,0.0
UserC,h10_wi13,Gas stove,0.0
UserC,h10_wi13,Gas National Grid,0.0
UserC,h11_wi13,PV sys,0.0
UserC,h11_wi13,National Grid EE,0.0
UserC,h11_wi13,Storage EE,5.256000759982258
UserC,h11_wi13,Gas Boiler,0.0
UserC,h11_wi13,HP,0.0
UserC,h11_wi13,AC,0.0
UserC,h11_wi13,Storage HW,0.0
UserC,h11_wi13,Radiators,0.0
UserC,h11_wi13,Floor heating,0.0
UserC,h11_wi13,Induction stove,0.0
UserC,h11_wi13,Gas stove,0.0
UserC,h11_wi13,Gas National Grid,0.0
UserC,h12_wi13,PV sys,0.0
UserC,h12_wi13,National Grid EE,0.0
UserC,h12_wi13,Storage EE,7.783421850289188
UserC,h12_wi13,Gas Boiler,0.0
UserC,h12_wi13,HP,0.0
UserC,h12_wi13,AC,0.0
UserC,h12_wi13,Storage HW,0.0
UserC,h12_wi13,Radiators,0.0
UserC,h12_wi13,Floor heating,0.0
UserC,h12_wi13,Induction stove,0.0
UserC,h12_wi13,Gas stove,0.0
UserC,h12_wi13,Gas National Grid,0.0
UserC,h13_wi13,PV sys,0.0
UserC,h13_wi13,National Grid EE,0.0
UserC,h13_wi13,Storage EE,9.8356312271127
UserC,h13_wi13,Gas Boiler,0.0
UserC,h13_wi13,HP,0.0
UserC,h13_wi13,AC,0.0
UserC,h13_wi13,Storage HW,0.0
UserC,h13_wi13,Radiators,0.0
UserC,h13_wi13,Floor heating,0.0
UserC,h13_wi13,Induction stove,0.0
UserC,h13_wi13,Gas stove,0.0
UserC,h13_wi13,Gas National Grid,0.0
UserC,h14_wi13,PV sys,0.0
UserC,h14_wi13,National Grid EE,0.0
UserC,h14_wi13,Storage EE,10.388812511783026
UserC,h14_wi13,Gas Boiler,0.0
UserC,h14_wi13,HP,0.0
UserC,h14_wi13,AC,0.0
UserC,h14_wi13,Storage HW,0.0
UserC,h14_wi13,Radiators,0.0
UserC,h14_wi13,Floor heating,0.0
UserC,h14_wi13,Induction stove,0.0
UserC,h14_wi13,Gas stove,0.0
UserC,h14_wi13,Gas National Grid,0.0
UserC,h15_wi13,PV sys,0.0
UserC,h15_wi13,National Grid EE,0.0
UserC,h15_wi13,Storage EE,11.399999999999999
UserC,h15_wi13,Gas Boiler,0.0
UserC,h15_wi13,HP,0.0
UserC,h15_wi13,AC,0.0
UserC,h15_wi13,Storage HW,0.0
UserC,h15_wi13,Radiators,0.0
UserC,h15_wi13,Floor heating,0.0
UserC,h15_wi13,Induction stove,0.0
UserC,h15_wi13,Gas stove,0.0
UserC,h15_wi13,Gas National Grid,0.0
UserC,h16_wi13,PV sys,0.0
UserC,h16_wi13,National Grid EE,0.0
UserC,h16_wi13,Storage EE,11.399999999999999
UserC,h16_wi13,Gas Boiler,0.0
UserC,h16_wi13,HP,0.0
UserC,h16_wi13,AC,0.0
UserC,h16_wi13,Storage HW,0.0
UserC,h16_wi13,Radiators,0.0
UserC,h16_wi13,Floor heating,0.0
UserC,h16_wi13,Induction stove,0.0
UserC,h16_wi13,Gas stove,0.0
UserC,h16_wi13,Gas National Grid,0.0
UserC,h17_wi13,PV sys,0.0
UserC,h17_wi13,National Grid EE,0.0
UserC,h17_wi13,Storage EE,11.4
UserC,h17_wi13,Gas Boiler,0.0
UserC,h17_wi13,HP,0.0
UserC,h17_wi13,AC,0.0
UserC,h17_wi13,Storage HW,0.0
UserC,h17_wi13,Radiators,0.0
UserC,h17_wi13,Floor heating,0.0
UserC,h17_wi13,Induction stove,0.0
UserC,h17_wi13,Gas stove,0.0
UserC,h17_wi13,Gas National Grid,0.0
UserC,h18_wi13,PV sys,0.0
UserC,h18_wi13,National Grid EE,0.0
UserC,h18_wi13,Storage EE,11.4
UserC,h18_wi13,Gas Boiler,0.0
UserC,h18_wi13,HP,0.0
UserC,h18_wi13,AC,0.0
UserC,h18_wi13,Storage HW,0.0
UserC,h18_wi13,Radiators,0.0
UserC,h18_wi13,Floor heating,0.0
UserC,h18_wi13,Induction stove,0.0
UserC,h18_wi13,Gas stove,0.0
UserC,h18_wi13,Gas National Grid,0.0
UserC,h19_wi13,PV sys,0.0
UserC,h19_wi13,National Grid EE,0.0
UserC,h19_wi13,Storage EE,11.4
UserC,h19_wi13,Gas Boiler,0.0
UserC,h19_wi13,HP,0.0
UserC,h19_wi13,AC,0.0
UserC,h19_wi13,Storage HW,0.0
UserC,h19_wi13,Radiators,0.0
UserC,h19_wi13,Floor heating,0.0
UserC,h19_wi13,Induction stove,0.0
UserC,h19_wi13,Gas stove,0.0
UserC,h19_wi13,Gas National Grid,0.0
UserC,h20_wi13,PV sys,0.0
UserC,h20_wi13,National Grid EE,0.0
UserC,h20_wi13,Storage EE,11.4
UserC,h20_wi13,Gas Boiler,0.0
UserC,h20_wi13,HP,0.0
UserC,h20_wi13,AC,0.0
UserC,h20_wi13,Storage HW,0.0
UserC,h20_wi13,Radiators,0.0
UserC,h20_wi13,Floor heating,0.0
UserC,h20_wi13,Induction stove,0.0
UserC,h20_wi13,Gas stove,0.0
UserC,h20_wi13,Gas National Grid,0.0
UserC,h21_wi13,PV sys,0.0
UserC,h21_wi13,National Grid EE,0.0
UserC,h21_wi13,Storage EE,11.4
UserC,h21_wi13,Gas Boiler,0.0
UserC,h21_wi13,HP,0.0
UserC,h21_wi13,AC,0.0
UserC,h21_wi13,Storage HW,0.0
UserC,h21_wi13,Radiators,0.0
UserC,h21_wi13,Floor heating,0.0
UserC,h21_wi13,Induction stove,0.0
UserC,h21_wi13,Gas stove,0.0
UserC,h21_wi13,Gas National Grid,0.0
UserC,h22_wi13,PV sys,0.0
UserC,h22_wi13,National Grid EE,0.0
UserC,h22_wi13,Storage EE,11.4
UserC,h22_wi13,Gas Boiler,0.0
UserC,h22_wi13,HP,0.0
UserC,h22_wi13,AC,0.0
UserC,h22_wi13,Storage HW,0.0
UserC,h22_wi13,Radiators,0.0
UserC,h22_wi13,Floor heating,0.0
UserC,h22_wi13,Induction stove,0.0
UserC,h22_wi13,Gas stove,0.0
UserC,h22_wi13,Gas National Grid,0.0
UserC,h23_wi13,PV sys,0.0
UserC,h23_wi13,National Grid EE,0.0
UserC,h23_wi13,Storage EE,11.4
UserC,h23_wi13,Gas Boiler,0.0
UserC,h23_wi13,HP,0.0
UserC,h23_wi13,AC,0.0
UserC,h23_wi13,Storage HW,0.0
UserC,h23_wi13,Radiators,0.0
UserC,h23_wi13,Floor heating,0.0
UserC,h23_wi13,Induction stove,0.0
UserC,h23_wi13,Gas stove,0.0
UserC,h23_wi13,Gas National Grid,0.0
UserC,h24_wi13,PV sys,0.0
UserC,h24_wi13,National Grid EE,0.0
UserC,h24_wi13,Storage EE,11.399999999999999
UserC,h24_wi13,Gas Boiler,0.0
UserC,h24_wi13,HP,0.0
UserC,h24_wi13,AC,0.0
UserC,h24_wi13,Storage HW,0.0
UserC,h24_wi13,Radiators,0.0
UserC,h24_wi13,Floor heating,0.0
UserC,h24_wi13,Induction stove,0.0
UserC,h24_wi13,Gas stove,0.0
UserC,h24_wi13,Gas National Grid,0.0
UserC,h01_wi14,PV sys,0.0
UserC,h01_wi14,National Grid EE,0.0
UserC,h01_wi14,Storage EE,11.232051958126272
UserC,h01_wi14,Gas Boiler,0.0
UserC,h01_wi14,HP,0.0
UserC,h01_wi14,AC,0.0
UserC,h01_wi14,Storage HW,0.0
UserC,h01_wi14,Radiators,0.0
UserC,h01_wi14,Floor heating,0.0
UserC,h01_wi14,Induction stove,0.0
UserC,h01_wi14,Gas stove,0.0
UserC,h01_wi14,Gas National Grid,0.0
UserC,h02_wi14,PV sys,0.0
UserC,h02_wi14,National Grid EE,0.0
UserC,h02_wi14,Storage EE,11.232051958126272
UserC,h02_wi14,Gas Boiler,0.0
UserC,h02_wi14,HP,0.0
UserC,h02_wi14,AC,0.0
UserC,h02_wi14,Storage HW,0.0
UserC,h02_wi14,Radiators,0.0
UserC,h02_wi14,Floor heating,0.0
UserC,h02_wi14,Induction stove,0.0
UserC,h02_wi14,Gas stove,0.0
UserC,h02_wi14,Gas National Grid,0.0
UserC,h03_wi14,PV sys,0.0
UserC,h03_wi14,National Grid EE,0.0
UserC,h03_wi14,Storage EE,11.232051958126272
UserC,h03_wi14,Gas Boiler,0.0
UserC,h03_wi14,HP,0.0
UserC,h03_wi14,AC,0.0
UserC,h03_wi14,Storage HW,0.0
UserC,h03_wi14,Radiators,0.0
UserC,h03_wi14,Floor heating,0.0
UserC,h03_wi14,Induction stove,0.0
UserC,h03_wi14,Gas stove,0.0
UserC,h03_wi14,Gas National Grid,0.0
UserC,h04_wi14,PV sys,0.0
UserC,h04_wi14,National Grid EE,0.0
UserC,h04_wi14,Storage EE,11.232051958126272
UserC,h04_wi14,Gas Boiler,0.0
UserC,h04_wi14,HP,0.0
UserC,h04_wi14,AC,0.0
UserC,h04_wi14,Storage HW,0.0
UserC,h04_wi14,Radiators,0.0
UserC,h04_wi14,Floor heating,0.0
UserC,h04_wi14,Induction stove,0.0
UserC,h04_wi14,Gas stove,0.0
UserC,h04_wi14,Gas National Grid,0.0
UserC,h05_wi14,PV sys,0.0
UserC,h05_wi14,National Grid EE,0.0
UserC,h05_wi14,Storage EE,11.232051958126272
UserC,h05_wi14,Gas Boiler,0.0
UserC,h05_wi14,HP,0.0
UserC,h05_wi14,AC,0.0
UserC,h05_wi14,Storage HW,0.0
UserC,h05_wi14,Radiators,0.0
UserC,h05_wi14,Floor heating,0.0
UserC,h05_wi14,Induction stove,0.0
UserC,h05_wi14,Gas stove,0.0
UserC,h05_wi14,Gas National Grid,0.0
UserC,h06_wi14,PV sys,0.0
UserC,h06_wi14,National Grid EE,0.0
UserC,h06_wi14,Storage EE,11.232051958126272
UserC,h06_wi14,Gas Boiler,0.0
UserC,h06_wi14,HP,0.0
UserC,h06_wi14,AC,0.0
UserC,h06_wi14,Storage HW,0.0
UserC,h06_wi14,Radiators,0.0
UserC,h06_wi14,Floor heating,0.0
UserC,h06_wi14,Induction stove,0.0
UserC,h06_wi14,Gas stove,0.0
UserC,h06_wi14,Gas National Grid,0.0
UserC,h07_wi14,PV sys,0.0
UserC,h07_wi14,National Grid EE,0.0
UserC,h07_wi14,Storage EE,11.232051958126272
UserC,h07_wi14,Gas Boiler,0.0
UserC,h07_wi14,HP,0.0
UserC,h07_wi14,AC,0.0
UserC,h07_wi14,Storage HW,0.0
UserC,h07_wi14,Radiators,0.0
UserC,h07_wi14,Floor heating,0.0
UserC,h07_wi14,Induction stove,0.0
UserC,h07_wi14,Gas stove,0.0
UserC,h07_wi14,Gas National Grid,0.0
UserC,h08_wi14,PV sys,0.0
UserC,h08_wi14,National Grid EE,0.0
UserC,h08_wi14,Storage EE,11.232051958126272
UserC,h08_wi14,Gas Boiler,0.0
UserC,h08_wi14,HP,0.0
UserC,h08_wi14,AC,0.0
UserC,h08_wi14,Storage HW,0.0
UserC,h08_wi14,Radiators,0.0
UserC,h08_wi14,Floor heating,0.0
UserC,h08_wi14,Induction stove,0.0
UserC,h08_wi14,Gas stove,0.0
UserC,h08_wi14,Gas National Grid,0.0
UserC,h09_wi14,PV sys,0.0
UserC,h09_wi14,National Grid EE,0.0
UserC,h09_wi14,Storage EE,11.188844909879021
UserC,h09_wi14,Gas Boiler,0.0
UserC,h09_wi14,HP,0.0
UserC,h09_wi14,AC,0.0
UserC,h09_wi14,Storage HW,0.0
UserC,h09_wi14,Radiators,0.0
UserC,h09_wi14,Floor heating,0.0
UserC,h09_wi14,Induction stove,0.0
UserC,h09_wi14,Gas stove,0.0
UserC,h09_wi14,Gas National Grid,0.0
UserC,h10_wi14,PV sys,0.0
UserC,h10_wi14,National Grid EE,0.0
UserC,h10_wi14,Storage EE,11.146458482926763
UserC,h10_wi14,Gas Boiler,0.0
UserC,h10_wi14,HP,0.0
UserC,h10_wi14,AC,0.0
UserC,h10_wi14,Storage HW,0.0
UserC,h10_wi14,Radiators,0.0
UserC,h10_wi14,Floor heating,0.0
UserC,h10_wi14,Induction stove,0.0
UserC,h10_wi14,Gas stove,0.0
UserC,h10_wi14,Gas National Grid,0.0
UserC,h11_wi14,PV sys,0.0
UserC,h11_wi14,National Grid EE,0.0
UserC,h11_wi14,Storage EE,11.100182973695
UserC,h11_wi14,Gas Boiler,0.0
UserC,h11_wi14,HP,0.0
UserC,h11_wi14,AC,0.0
UserC,h11_wi14,Storage HW,0.0
UserC,h11_wi14,Radiators,0.0
UserC,h11_wi14,Floor heating,0.0
UserC,h11_wi14,Induction stove,0.0
UserC,h11_wi14,Gas stove,0.0
UserC,h11_wi14,Gas National Grid,0.0
UserC,h12_wi14,PV sys,0.0
UserC,h12_wi14,National Grid EE,0.0
UserC,h12_wi14,Storage EE,11.115005118801188
UserC,h12_wi14,Gas Boiler,0.0
UserC,h12_wi14,HP,0.0
UserC,h12_wi14,AC,0.0
UserC,h12_wi14,Storage HW,0.0
UserC,h12_wi14,Radiators,0.0
UserC,h12_wi14,Floor heating,0.0
UserC,h12_wi14,Induction stove,0.0
UserC,h12_wi14,Gas stove,0.0
UserC,h12_wi14,Gas National Grid,0.0
UserC,h13_wi14,PV sys,0.0
UserC,h13_wi14,National Grid EE,0.0
UserC,h13_wi14,Storage EE,11.399999999999999
UserC,h13_wi14,Gas Boiler,0.0
UserC,h13_wi14,HP,0.0
UserC,h13_wi14,AC,0.0
UserC,h13_wi14,Storage HW,0.0
UserC,h13_wi14,Radiators,0.0
UserC,h13_wi14,Floor heating,0.0
UserC,h13_wi14,Induction stove,0.0
UserC,h13_wi14,Gas stove,0.0
UserC,h13_wi14,Gas National Grid,0.0
UserC,h14_wi14,PV sys,0.0
UserC,h14_wi14,National Grid EE,0.0
UserC,h14_wi14,Storage EE,9.892970207521959
UserC,h14_wi14,Gas Boiler,0.0
UserC,h14_wi14,HP,0.0
UserC,h14_wi14,AC,0.0
UserC,h14_wi14,Storage HW,0.0
UserC,h14_wi14,Radiators,0.0
UserC,h14_wi14,Floor heating,0.0
UserC,h14_wi14,Induction stove,0.0
UserC,h14_wi14,Gas stove,0.0
UserC,h14_wi14,Gas National Grid,0.0
UserC,h15_wi14,PV sys,0.0
UserC,h15_wi14,National Grid EE,0.0
UserC,h15_wi14,Storage EE,9.786070247777943
UserC,h15_wi14,Gas Boiler,0.0
UserC,h15_wi14,HP,0.0
UserC,h15_wi14,AC,0.0
UserC,h15_wi14,Storage HW,0.0
UserC,h15_wi14,Radiators,0.0
UserC,h15_wi14,Floor heating,0.0
UserC,h15_wi14,Induction stove,0.0
UserC,h15_wi14,Gas stove,0.0
UserC,h15_wi14,Gas National Grid,0.0
UserC,h16_wi14,PV sys,0.0
UserC,h16_wi14,National Grid EE,0.0
UserC,h16_wi14,Storage EE,9.646938830340282
UserC,h16_wi14,Gas Boiler,0.0
UserC,h16_wi14,HP,0.0
UserC,h16_wi14,AC,0.0
UserC,h16_wi14,Storage HW,0.0
UserC,h16_wi14,Radiators,0.0
UserC,h16_wi14,Floor heating,0.0
UserC,h16_wi14,Induction stove,0.0
UserC,h16_wi14,Gas stove,0.0
UserC,h16_wi14,Gas National Grid,0.0
UserC,h17_wi14,PV sys,0.0
UserC,h17_wi14,National Grid EE,0.0
UserC,h17_wi14,Storage EE,9.395973625550635
UserC,h17_wi14,Gas Boiler,0.0
UserC,h17_wi14,HP,0.0
UserC,h17_wi14,AC,0.0
UserC,h17_wi14,Storage HW,0.0
UserC,h17_wi14,Radiators,0.0
UserC,h17_wi14,Floor heating,0.0
UserC,h17_wi14,Induction stove,0.0
UserC,h17_wi14,Gas stove,0.0
UserC,h17_wi14,Gas National Grid,0.0
UserC,h18_wi14,PV sys,0.0
UserC,h18_wi14,National Grid EE,0.0
UserC,h18_wi14,Storage EE,9.157953397248988
UserC,h18_wi14,Gas Boiler,0.0
UserC,h18_wi14,HP,0.0
UserC,h18_wi14,AC,0.0
UserC,h18_wi14,Storage HW,0.0
UserC,h18_wi14,Radiators,0.0
UserC,h18_wi14,Floor heating,0.0
UserC,h18_wi14,Induction stove,0.0
UserC,h18_wi14,Gas stove,0.0
UserC,h18_wi14,Gas National Grid,0.0
UserC,h19_wi14,PV sys,0.0
UserC,h19_wi14,National Grid EE,0.0
UserC,h19_wi14,Storage EE,8.585601070121204
UserC,h19_wi14,Gas Boiler,0.0
UserC,h19_wi14,HP,0.0
UserC,h19_wi14,AC,0.0
UserC,h19_wi14,Storage HW,0.0
UserC,h19_wi14,Radiators,0.0
UserC,h19_wi14,Floor heating,0.0
UserC,h19_wi14,Induction stove,0.0
UserC,h19_wi14,Gas stove,0.0
UserC,h19_wi14,Gas National Grid,0.0
UserC,h20_wi14,PV sys,0.0
UserC,h20_wi14,National Grid EE,0.0
UserC,h20_wi14,Storage EE,7.932987937833701
UserC,h20_wi14,Gas Boiler,0.0
UserC,h20_wi14,HP,0.0
UserC,h20_wi14,AC,0.0
UserC,h20_wi14,Storage HW,0.0
UserC,h20_wi14,Radiators,0.0
UserC,h20_wi14,Floor heating,0.0
UserC,h20_wi14,Induction stove,0.0
UserC,h20_wi14,Gas stove,0.0
UserC,h20_wi14,Gas National Grid,0.0
UserC,h21_wi14,PV sys,0.0
UserC,h21_wi14,National Grid EE,0.0
UserC,h21_wi14,Storage EE,7.040655463649658
UserC,h21_wi14,Gas Boiler,0.0
UserC,h21_wi14,HP,0.0
UserC,h21_wi14,AC,0.0
UserC,h21_wi14,Storage HW,0.0
UserC,h21_wi14,Radiators,0.0
UserC,h21_wi14,Floor heating,0.0
UserC,h21_wi14,Induction stove,0.0
UserC,h21_wi14,Gas stove,0.0
UserC,h21_wi14,Gas National Grid,0.0
UserC,h22_wi14,PV sys,0.0
UserC,h22_wi14,National Grid EE,0.0
UserC,h22_wi14,Storage EE,5.9640587862032035
UserC,h22_wi14,Gas Boiler,0.0
UserC,h22_wi14,HP,0.0
UserC,h22_wi14,AC,0.0
UserC,h22_wi14,Storage HW,0.0
UserC,h22_wi14,Radiators,0.0
UserC,h22_wi14,Floor heating,0.0
UserC,h22_wi14,Induction stove,0.0
UserC,h22_wi14,Gas stove,0.0
UserC,h22_wi14,Gas National Grid,0.0
UserC,h23_wi14,PV sys,0.0
UserC,h23_wi14,National Grid EE,0.0
UserC,h23_wi14,Storage EE,3.088852081374851
UserC,h23_wi14,Gas Boiler,0.0
UserC,h23_wi14,HP,0.0
UserC,h23_wi14,AC,0.0
UserC,h23_wi14,Storage HW,0.0
UserC,h23_wi14,Radiators,0.0
UserC,h23_wi14,Floor heating,0.0
UserC,h23_wi14,Induction stove,0.0
UserC,h23_wi14,Gas stove,0.0
UserC,h23_wi14,Gas National Grid,0.0
UserC,h24_wi14,PV sys,0.0
UserC,h24_wi14,National Grid EE,0.0
UserC,h24_wi14,Storage EE,1.2000000000000002
UserC,h24_wi14,Gas Boiler,0.0
UserC,h24_wi14,HP,0.0
UserC,h24_wi14,AC,0.0
UserC,h24_wi14,Storage HW,0.0
UserC,h24_wi14,Radiators,0.0
UserC,h24_wi14,Floor heating,0.0
UserC,h24_wi14,Induction stove,0.0
UserC,h24_wi14,Gas stove,0.0
UserC,h24_wi14,Gas National Grid,0.0
UserC,h01_mc01,PV sys,0.0
UserC,h01_mc01,National Grid EE,0.0
UserC,h01_mc01,Storage EE,1.2000000000000002
UserC,h01_mc01,Gas Boiler,0.0
UserC,h01_mc01,HP,0.0
UserC,h01_mc01,AC,0.0
UserC,h01_mc01,Storage HW,0.0
UserC,h01_mc01,Radiators,0.0
UserC,h01_mc01,Floor heating,0.0
UserC,h01_mc01,Induction stove,0.0
UserC,h01_mc01,Gas stove,0.0
UserC,h01_mc01,Gas National Grid,0.0
UserC,h02_mc01,PV sys,0.0
UserC,h02_mc01,National Grid EE,0.0
UserC,h02_mc01,Storage EE,1.2000000000000002
UserC,h02_mc01,Gas Boiler,0.0
UserC,h02_mc01,HP,0.0
UserC,h02_mc01,AC,0.0
UserC,h02_mc01,Storage HW,0.0
UserC,h02_mc01,Radiators,0.0
UserC,h02_mc01,Floor heating,0.0
UserC,h02_mc01,Induction stove,0.0
UserC,h02_mc01,Gas stove,0.0
UserC,h02_mc01,Gas National Grid,0.0
UserC,h03_mc01,PV sys,0.0
UserC,h03_mc01,National Grid EE,0.0
UserC,h03_mc01,Storage EE,1.2000000000000002
UserC,h03_mc01,Gas Boiler,0.0
UserC,h03_mc01,HP,0.0
UserC,h03_mc01,AC,0.0
UserC,h03_mc01,Storage HW,0.0
UserC,h03_mc01,Radiators,0.0
UserC,h03_mc01,Floor heating,0.0
UserC,h03_mc01,Induction stove,0.0
UserC,h03_mc01,Gas stove,0.0
UserC,h03_mc01,Gas National Grid,0.0
UserC,h04_mc01,PV sys,0.0
UserC,h04_mc01,National Grid EE,0.0
UserC,h04_mc01,Storage EE,1.2000000000000002
UserC,h04_mc01,Gas Boiler,0.0
UserC,h04_mc01,HP,0.0
UserC,h04_mc01,AC,0.0
UserC,h04_mc01,Storage HW,0.0
UserC,h04_mc01,Radiators,0.0
UserC,h04_mc01,Floor heating,0.0
UserC,h04_mc01,Induction stove,0.0
UserC,h04_mc01,Gas stove,0.0
UserC,h04_mc01,Gas National Grid,0.0
UserC,h05_mc01,PV sys,0.0
UserC,h05_mc01,National Grid EE,0.0
UserC,h05_mc01,Storage EE,1.2000000000000002
UserC,h05_mc01,Gas Boiler,0.0
UserC,h05_mc01,HP,0.0
UserC,h05_mc01,AC,0.0
UserC,h05_mc01,Storage HW,0.0
UserC,h05_mc01,Radiators,0.0
UserC,h05_mc01,Floor heating,0.0
UserC,h05_mc01,Induction stove,0.0
UserC,h05_mc01,Gas stove,0.0
UserC,h05_mc01,Gas National Grid,0.0
UserC,h06_mc01,PV sys,0.0
UserC,h06_mc01,National Grid EE,0.0
UserC,h06_mc01,Storage EE,1.2000000000000002
UserC,h06_mc01,Gas Boiler,0.0
UserC,h06_mc01,HP,0.0
UserC,h06_mc01,AC,0.0
UserC,h06_mc01,Storage HW,0.0
UserC,h06_mc01,Radiators,0.0
UserC,h06_mc01,Floor heating,0.0
UserC,h06_mc01,Induction stove,0.0
UserC,h06_mc01,Gas stove,0.0
UserC,h06_mc01,Gas National Grid,0.0
UserC,h07_mc01,PV sys,0.0
UserC,h07_mc01,National Grid EE,0.0
UserC,h07_mc01,Storage EE,1.2000000000000002
UserC,h07_mc01,Gas Boiler,0.0
UserC,h07_mc01,HP,0.0
UserC,h07_mc01,AC,0.0
UserC,h07_mc01,Storage HW,0.0
UserC,h07_mc01,Radiators,0.0
UserC,h07_mc01,Floor heating,0.0
UserC,h07_mc01,Induction stove,0.0
UserC,h07_mc01,Gas stove,0.0
UserC,h07_mc01,Gas National Grid,0.0
UserC,h08_mc01,PV sys,0.0
UserC,h08_mc01,National Grid EE,0.0
UserC,h08_mc01,Storage EE,1.2000000000000002
UserC,h08_mc01,Gas Boiler,0.0
UserC,h08_mc01,HP,0.0
UserC,h08_mc01,AC,0.0
UserC,h08_mc01,Storage HW,0.0
UserC,h08_mc01,Radiators,0.0
UserC,h08_mc01,Floor heating,0.0
UserC,h08_mc01,Induction stove,0.0
UserC,h08_mc01,Gas stove,0.0
UserC,h08_mc01,Gas National Grid,0.0
UserC,h09_mc01,PV sys,0.0
UserC,h09_mc01,National Grid EE,0.0
UserC,h09_mc01,Storage EE,1.8225297740925235
UserC,h09_mc01,Gas Boiler,0.0
UserC,h09_mc01,HP,0.0
UserC,h09_mc01,AC,0.0
UserC,h09_mc01,Storage HW,0.0
UserC,h09_mc01,Radiators,0.0
UserC,h09_mc01,Floor heating,0.0
UserC,h09_mc01,Induction stove,0.0
UserC,h09_mc01,Gas stove,0.0
UserC,h09_mc01,Gas National Grid,0.0
UserC,h10_mc01,PV sys,0.0
UserC,h10_mc01,National Grid EE,0.0
UserC,h10_mc01,Storage EE,3.324046418270191
UserC,h10_mc01,Gas Boiler,0.0
UserC,h10_mc01,HP,0.0
UserC,h10_mc01,AC,0.0
UserC,h10_mc01,Storage HW,0.0
UserC,h10_mc01,Radiators,0.0
UserC,h10_mc01,Floor heating,0.0
UserC,h10_mc01,Induction stove,0.0
UserC,h10_mc01,Gas stove,0.0
UserC,h10_mc01,Gas National Grid,0.0
UserC,h11_mc01,PV sys,0.0
UserC,h11_mc01,National Grid EE,0.0
UserC,h11_mc01,Storage EE,5.485918988214092
UserC,h11_mc01,Gas Boiler,0.0
UserC,h11_mc01,HP,0.0
UserC,h11_mc01,AC,0.0
UserC,h11_mc01,Storage HW,0.0
UserC,h11_mc01,Radiators,0.0
UserC,h11_mc01,Floor heating,0.0
UserC,h11_mc01,Induction stove,0.0
UserC,h11_mc01,Gas stove,0.0
UserC,h11_mc01,Gas National Grid,0.0
UserC,h12_mc01,PV sys,0.0
UserC,h12_mc01,National Grid EE,0.0
UserC,h12_mc01,Storage EE,7.862080094355875
UserC,h12_mc01,Gas Boiler,0.0
UserC,h12_mc01,HP,0.0
UserC,h12_mc01,AC,0.0
UserC,h12_mc01,Storage HW,0.0
UserC,h12_mc01,Radiators,0.0
UserC,h12_mc01,Floor heating,0.0
UserC,h12_mc01,Induction stove,0.0
UserC,h12_mc01,Gas stove,0.0
UserC,h12_mc01,Gas National Grid,0.0
UserC,h13_mc01,PV sys,0.0
UserC,h13_mc01,National Grid EE,0.0
UserC,h13_mc01,Storage EE,9.882582595802264
UserC,h13_mc01,Gas Boiler,0.0
UserC,h13_mc01,HP,0.0
UserC,h13_mc01,AC,0.0
UserC,h13_mc01,Storage HW,0.0
UserC,h13_mc01,Radiators,0.0
UserC,h13_mc01,Floor heating,0.0
UserC,h13_mc01,Induction stove,0.0
UserC,h13_mc01,Gas stove,0.0
UserC,h13_mc01,Gas National Grid,0.0
UserC,h14_mc01,PV sys,0.0
UserC,h14_mc01,National Grid EE,0.0
UserC,h14_mc01,Storage EE,9.98823747543364
UserC,h14_mc01,Gas Boiler,0.0
UserC,h14_mc01,HP,0.0
UserC,h14_mc01,AC,0.0
UserC,h14_mc01,Storage HW,0.0
UserC,h14_mc01,Radiators,0.0
UserC,h14_mc01,Floor heating,0.0
UserC,h14_mc01,Induction stove,0.0
UserC,h14_mc01,Gas stove,0.0
UserC,h14_mc01,Gas National Grid,0.0
UserC,h15_mc01,PV sys,0.0
UserC,h15_mc01,National Grid EE,0.0
UserC,h15_mc01,Storage EE,10.719418174309203
UserC,h15_mc01,Gas Boiler,0.0
UserC,h15_mc01,HP,0.0
UserC,h15_mc01,AC,0.0
UserC,h15_mc01,Storage HW,0.0
UserC,h15_mc01,Radiators,0.0
UserC,h15_mc01,Floor heating,0.0
UserC,h15_mc01,Induction stove,0.0
UserC,h15_mc01,Gas stove,0.0
UserC,h15_mc01,Gas National Grid,0.0
UserC,h16_mc01,PV sys,0.0
UserC,h16_mc01,National Grid EE,0.0
UserC,h16_mc01,Storage EE,10.862196958561713
UserC,h16_mc01,Gas Boiler,0.0
UserC,h16_mc01,HP,0.0
UserC,h16_mc01,AC,0.0
UserC,h16_mc01,Storage HW,0.0
UserC,h16_mc01,Radiators,0.0
UserC,h16_mc01,Floor heating,0.0
UserC,h16_mc01,Induction stove,0.0
UserC,h16_mc01,Gas stove,0.0
UserC,h16_mc01,Gas National Grid,0.0
UserC,h17_mc01,PV sys,0.0
UserC,h17_mc01,National Grid EE,0.0
UserC,h17_mc01,Storage EE,9.032875363630865
UserC,h17_mc01,Gas Boiler,0.0
UserC,h17_mc01,HP,0.0
UserC,h17_mc01,AC,0.0
UserC,h17_mc01,Storage HW,0.0
UserC,h17_mc01,Radiators,0.0
UserC,h17_mc01,Floor heating,0.0
UserC,h17_mc01,Induction stove,0.0
UserC,h17_mc01,Gas stove,0.0
UserC,h17_mc01,Gas National Grid,0.0
UserC,h18_mc01,PV sys,0.0
UserC,h18_mc01,National Grid EE,0.0
UserC,h18_mc01,Storage EE,7.187455734071913
UserC,h18_mc01,Gas Boiler,0.0
UserC,h18_mc01,HP,0.0
UserC,h18_mc01,AC,0.0
UserC,h18_mc01,Storage HW,0.0
UserC,h18_mc01,Radiators,0.0
UserC,h18_mc01,Floor heating,0.0
UserC,h18_mc01,Induction stove,0.0
UserC,h18_mc01,Gas stove,0.0
UserC,h18_mc01,Gas National Grid,0.0
UserC,h19_mc01,PV sys,0.0
UserC,h19_mc01,National Grid EE,0.0
UserC,h19_mc01,Storage EE,6.846975698022547
UserC,h19_mc01,Gas Boiler,0.0
UserC,h19_mc01,HP,0.0
UserC,h19_mc01,AC,0.0
UserC,h19_mc01,Storage HW,0.0
UserC,h19_mc01,Radiators,0.0
UserC,h19_mc01,Floor heating,0.0
UserC,h19_mc01,Induction stove,0.0
UserC,h19_mc01,Gas stove,0.0
UserC,h19_mc01,Gas National Grid,0.0
UserC,h20_mc01,PV sys,0.0
UserC,h20_mc01,National Grid EE,0.0
UserC,h20_mc01,Storage EE,6.191856438223877
UserC,h20_mc01,Gas Boiler,0.0
UserC,h20_mc01,HP,0.0
UserC,h20_mc01,AC,0.0
UserC,h20_mc01,Storage HW,0.0
UserC,h20_mc01,Radiators,0.0
UserC,h20_mc01,Floor heating,0.0
UserC,h20_mc01,Induction stove,0.0
UserC,h20_mc01,Gas stove,0.0
UserC,h20_mc01,Gas National Grid,0.0
UserC,h21_mc01,PV sys,0.0
UserC,h21_mc01,National Grid EE,0.0
UserC,h21_mc01,Storage EE,5.5937145108541015
UserC,h21_mc01,Gas Boiler,0.0
UserC,h21_mc01,HP,0.0
UserC,h21_mc01,AC,0.0
UserC,h21_mc01,Storage HW,0.0
UserC,h21_mc01,Radiators,0.0
UserC,h21_mc01,Floor heating,0.0
UserC,h21_mc01,Induction stove,0.0
UserC,h21_mc01,Gas stove,0.0
UserC,h21_mc01,Gas National Grid,0.0
UserC,h22_mc01,PV sys,0.0
UserC,h22_mc01,National Grid EE,0.0
UserC,h22_mc01,Storage EE,4.912104969374243
UserC,h22_mc01,Gas Boiler,0.0
UserC,h22_mc01,HP,0.0
UserC,h22_mc01,AC,0.0
UserC,h22_mc01,Storage HW,0.0
UserC,h22_mc01,Radiators,0.0
UserC,h22_mc01,Floor heating,0.0
UserC,h22_mc01,Induction stove,0.0
UserC,h22_mc01,Gas stove,0.0
UserC,h22_mc01,Gas National Grid,0.0
UserC,h23_mc01,PV sys,0.0
UserC,h23_mc01,National Grid EE,0.0
UserC,h23_mc01,Storage EE,2.9619040844776223
UserC,h23_mc01,Gas Boiler,0.0
UserC,h23_mc01,HP,0.0
UserC,h23_mc01,AC,0.0
UserC,h23_mc01,Storage HW,0.0
UserC,h23_mc01,Radiators,0.0
UserC,h23_mc01,Floor heating,0.0
UserC,h23_mc01,Induction stove,0.0
UserC,h23_mc01,Gas stove,0.0
UserC,h23_mc01,Gas National Grid,0.0
UserC,h24_mc01,PV sys,0.0
UserC,h24_mc01,National Grid EE,0.0
UserC,h24_mc01,Storage EE,1.2000000000000004
UserC,h24_mc01,Gas Boiler,0.0
UserC,h24_mc01,HP,0.0
UserC,h24_mc01,AC,0.0
UserC,h24_mc01,Storage HW,0.0
UserC,h24_mc01,Radiators,0.0
UserC,h24_mc01,Floor heating,0.0
UserC,h24_mc01,Induction stove,0.0
UserC,h24_mc01,Gas stove,0.0
UserC,h24_mc01,Gas National Grid,0.0
UserC,h01_mc02,PV sys,0.0
UserC,h01_mc02,National Grid EE,0.0
UserC,h01_mc02,Storage EE,1.2000000000000002
UserC,h01_mc02,Gas Boiler,0.0
UserC,h01_mc02,HP,0.0
UserC,h01_mc02,AC,0.0
UserC,h01_mc02,Storage HW,0.0
UserC,h01_mc02,Radiators,0.0
UserC,h01_mc02,Floor heating,0.0
UserC,h01_mc02,Induction stove,0.0
UserC,h01_mc02,Gas stove,0.0
UserC,h01_mc02,Gas National Grid,0.0
UserC,h02_mc02,PV sys,0.0
UserC,h02_mc02,National Grid EE,0.0
UserC,h02_mc02,Storage EE,1.2000000000000002
UserC,h02_mc02,Gas Boiler,0.0
UserC,h02_mc02,HP,0.0
UserC,h02_mc02,AC,0.0
UserC,h02_mc02,Storage HW,0.0
UserC,h02_mc02,Radiators,0.0
UserC,h02_mc02,Floor heating,0.0
UserC,h02_mc02,Induction stove,0.0
UserC,h02_mc02,Gas stove,0.0
UserC,h02_mc02,Gas National Grid,0.0
UserC,h03_mc02,PV sys,0.0
UserC,h03_mc02,National Grid EE,0.0
UserC,h03_mc02,Storage EE,1.2000000000000002
UserC,h03_mc02,Gas Boiler,0.0
UserC,h03_mc02,HP,0.0
UserC,h03_mc02,AC,0.0
UserC,h03_mc02,Storage HW,0.0
UserC,h03_mc02,Radiators,0.0
UserC,h03_mc02,Floor heating,0.0
UserC,h03_mc02,Induction stove,0.0
UserC,h03_mc02,Gas stove,0.0
UserC,h03_mc02,Gas National Grid,0.0
UserC,h04_mc02,PV sys,0.0
UserC,h04_mc02,National Grid EE,0.0
UserC,h04_mc02,Storage EE,1.2000000000000002
UserC,h04_mc02,Gas Boiler,0.0
UserC,h04_mc02,HP,0.0
UserC,h04_mc02,AC,0.0
UserC,h04_mc02,Storage HW,0.0
UserC,h04_mc02,Radiators,0.0
UserC,h04_mc02,Floor heating,0.0
UserC,h04_mc02,Induction stove,0.0
UserC,h04_mc02,Gas stove,0.0
UserC,h04_mc02,Gas National Grid,0.0
UserC,h05_mc02,PV sys,0.0
UserC,h05_mc02,National Grid EE,0.0
UserC,h05_mc02,Storage EE,1.2000000000000002
UserC,h05_mc02,Gas Boiler,0.0
UserC,h05_mc02,HP,0.0
UserC,h05_mc02,AC,0.0
UserC,h05_mc02,Storage HW,0.0
UserC,h05_mc02,Radiators,0.0
UserC,h05_mc02,Floor heating,0.0
UserC,h05_mc02,Induction stove,0.0
UserC,h05_mc02,Gas stove,0.0
UserC,h05_mc02,Gas National Grid,0.0
UserC,h06_mc02,PV sys,0.0
UserC,h06_mc02,National Grid EE,0.0
UserC,h06_mc02,Storage EE,1.2000000000000002
UserC,h06_mc02,Gas Boiler,0.0
UserC,h06_mc02,HP,0.0
UserC,h06_mc02,AC,0.0
UserC,h06_mc02,Storage HW,0.0
UserC,h06_mc02,Radiators,0.0
UserC,h06_mc02,Floor heating,0.0
UserC,h06_mc02,Induction stove,0.0
UserC,h06_mc02,Gas stove,0.0
UserC,h06_mc02,Gas National Grid,0.0
UserC,h07_mc02,PV sys,0.0
UserC,h07_mc02,National Grid EE,0.0
UserC,h07_mc02,Storage EE,1.2000000000000002
UserC,h07_mc02,Gas Boiler,0.0
UserC,h07_mc02,HP,0.0
UserC,h07_mc02,AC,0.0
UserC,h07_mc02,Storage HW,0.0
UserC,h07_mc02,Radiators,0.0
UserC,h07_mc02,Floor heating,0.0
UserC,h07_mc02,Induction stove,0.0
UserC,h07_mc02,Gas stove,0.0
UserC,h07_mc02,Gas National Grid,0.0
UserC,h08_mc02,PV sys,0.0
UserC,h08_mc02,National Grid EE,0.0
UserC,h08_mc02,Storage EE,1.3278
UserC,h08_mc02,Gas Boiler,0.0
UserC,h08_mc02,HP,0.0
UserC,h08_mc02,AC,0.0
UserC,h08_mc02,Storage HW,0.0
UserC,h08_mc02,Radiators,0.0
UserC,h08_mc02,Floor heating,0.0
UserC,h08_mc02,Induction stove,0.0
UserC,h08_mc02,Gas stove,0.0
UserC,h08_mc02,Gas National Grid,0.0
UserC,h09_mc02,PV sys,0.0
UserC,h09_mc02,National Grid EE,0.0
UserC,h09_mc02,Storage EE,1.4034000000000002
UserC,h09_mc02,Gas Boiler,0.0
UserC,h09_mc02,HP,0.0
UserC,h09_mc02,AC,0.0
UserC,h09_mc02,Storage HW,0.0
UserC,h09_mc02,Radiators,0.0
UserC,h09_mc02,Floor heating,0.0
UserC,h09_mc02,Induction stove,0.0
UserC,h09_mc02,Gas stove,0.0
UserC,h09_mc02,Gas National Grid,0.0
UserC,h10_mc02,PV sys,0.0
UserC,h10_mc02,National Grid EE,0.0
UserC,h10_mc02,Storage EE,1.6587000000000003
UserC,h10_mc02,Gas Boiler,0.0
UserC,h10_mc02,HP,0.0
UserC,h10_mc02,AC,0.0
UserC,h10_mc02,Storage HW,0.0
UserC,h10_mc02,Radiators,0.0
UserC,h10_mc02,Floor heating,0.0
UserC,h10_mc02,Induction stove,0.0
UserC,h10_mc02,Gas stove,0.0
UserC,h10_mc02,Gas National Grid,0.0
UserC,h11_mc02,PV sys,0.0
UserC,h11_mc02,National Grid EE,0.0
UserC,h11_mc02,Storage EE,1.8269400000000002
UserC,h11_mc02,Gas Boiler,0.0
UserC,h11_mc02,HP,0.0
UserC,h11_mc02,AC,0.0
UserC,h11_mc02,Storage HW,0.0
UserC,h11_mc02,Radiators,0.0
UserC,h11_mc02,Floor heating,0.0
UserC,h11_mc02,Induction stove,0.0
UserC,h11_mc02,Gas stove,0.0
UserC,h11_mc02,Gas National Grid,0.0
UserC,h12_mc02,PV sys,0.0
UserC,h12_mc02,National Grid EE,0.0
UserC,h12_mc02,Storage EE,2.0076000000000005
UserC,h12_mc02,Gas Boiler,0.0
UserC,h12_mc02,HP,0.0
UserC,h12_mc02,AC,0.0
UserC,h12_mc02,Storage HW,0.0
UserC,h12_mc02,Radiators,0.0
UserC,h12_mc02,Floor heating,0.0
UserC,h12_mc02,Induction stove,0.0
UserC,h12_mc02,Gas stove,0.0
UserC,h12_mc02,Gas National Grid,0.0
UserC,h13_mc02,PV sys,0.0
UserC,h13_mc02,National Grid EE,0.0
UserC,h13_mc02,Storage EE,2.1878400000000005
UserC,h13_mc02,Gas Boiler,0.0
UserC,h13_mc02,HP,0.0
UserC,h13_mc02,AC,0.0
UserC,h13_mc02,Storage HW,0.0
UserC,h13_mc02,Radiators,0.0
UserC,h13_mc02,Floor heating,0.0
UserC,h13_mc02,Induction stove,0.0
UserC,h13_mc02,Gas stove,0.0
UserC,h13_mc02,Gas National Grid,0.0
UserC,h14_mc02,PV sys,0.0
UserC,h14_mc02,National Grid EE,0.0
UserC,h14_mc02,Storage EE,2.38974
UserC,h14_mc02,Gas Boiler,0.0
UserC,h14_mc02,HP,0.0
UserC,h14_mc02,AC,0.0
UserC,h14_mc02,Storage HW,0.0
UserC,h14_mc02,Radiators,0.0
UserC,h14_mc02,Floor heating,0.0
UserC,h14_mc02,Induction stove,0.0
UserC,h14_mc02,Gas stove,0.0
UserC,h14_mc02,Gas National Grid,0.0
UserC,h15_mc02,PV sys,0.0
UserC,h15_mc02,National Grid EE,0.0
UserC,h15_mc02,Storage EE,2.5243800000000007
UserC,h15_mc02,Gas Boiler,0.0
UserC,h15_mc02,HP,0.0
UserC,h15_mc02,AC,0.0
UserC,h15_mc02,Storage HW,0.0
UserC,h15_mc02,Radiators,0.0
UserC,h15_mc02,Floor heating,0.0
UserC,h15_mc02,Induction stove,0.0
UserC,h15_mc02,Gas stove,0.0
UserC,h15_mc02,Gas National Grid,0.0
UserC,h16_mc02,PV sys,0.0
UserC,h16_mc02,National Grid EE,0.0
UserC,h16_mc02,Storage EE,2.6562000000000006
UserC,h16_mc02,Gas Boiler,0.0
UserC,h16_mc02,HP,0.0
UserC,h16_mc02,AC,0.0
UserC,h16_mc02,Storage HW,0.0
UserC,h16_mc02,Radiators,0.0
UserC,h16_mc02,Floor heating,0.0
UserC,h16_mc02,Induction stove,0.0
UserC,h16_mc02,Gas stove,0.0
UserC,h16_mc02,Gas National Grid,0.0
UserC,h17_mc02,PV sys,0.0
UserC,h17_mc02,National Grid EE,0.0
UserC,h17_mc02,Storage EE,2.6562000000000006
UserC,h17_mc02,Gas Boiler,0.0
UserC,h17_mc02,HP,0.0
UserC,h17_mc02,AC,0.0
UserC,h17_mc02,Storage HW,0.0
UserC,h17_mc02,Radiators,0.0
UserC,h17_mc02,Floor heating,0.0
UserC,h17_mc02,Induction stove,0.0
UserC,h17_mc02,Gas stove,0.0
UserC,h17_mc02,Gas National Grid,0.0
UserC,h18_mc02,PV sys,0.0
UserC,h18_mc02,National Grid EE,0.0
UserC,h18_mc02,Storage EE,2.6562000000000006
UserC,h18_mc02,Gas Boiler,0.0
UserC,h18_mc02,HP,0.0
UserC,h18_mc02,AC,0.0
UserC,h18_mc02,Storage HW,0.0
UserC,h18_mc02,Radiators,0.0
UserC,h18_mc02,Floor heating,0.0
UserC,h18_mc02,Induction stove,0.0
UserC,h18_mc02,Gas stove,0.0
UserC,h18_mc02,Gas National Grid,0.0
UserC,h19_mc02,PV sys,0.0
UserC,h19_mc02,National Grid EE,0.0
UserC,h19_mc02,Storage EE,2.6562000000000006
UserC,h19_mc02,Gas Boiler,0.0
UserC,h19_mc02,HP,0.0
UserC,h19_mc02,AC,0.0
UserC,h19_mc02,Storage HW,0.0
UserC,h19_mc02,Radiators,0.0
UserC,h19_mc02,Floor heating,0.0
UserC,h19_mc02,Induction stove,0.0
UserC,h19_mc02,Gas stove,0.0
UserC,h19_mc02,Gas National Grid,0.0
UserC,h20_mc02,PV sys,0.0
UserC,h20_mc02,National Grid EE,0.0
UserC,h20_mc02,Storage EE,2.6562000000000006
UserC,h20_mc02,Gas Boiler,0.0
UserC,h20_mc02,HP,0.0
UserC,h20_mc02,AC,0.0
UserC,h20_mc02,Storage HW,0.0
UserC,h20_mc02,Radiators,0.0
UserC,h20_mc02,Floor heating,0.0
UserC,h20_mc02,Induction stove,0.0
UserC,h20_mc02,Gas stove,0.0
UserC,h20_mc02,Gas National Grid,0.0
UserC,h21_mc02,PV sys,0.0
UserC,h21_mc02,National Grid EE,0.0
UserC,h21_mc02,Storage EE,2.6562000000000006
UserC,h21_mc02,Gas Boiler,0.0
UserC,h21_mc02,HP,0.0
UserC,h21_mc02,AC,0.0
UserC,h21_mc02,Storage HW,0.0
UserC,h21_mc02,Radiators,0.0
UserC,h21_mc02,Floor heating,0.0
UserC,h21_mc02,Induction stove,0.0
UserC,h21_mc02,Gas stove,0.0
UserC,h21_mc02,Gas National Grid,0.0
UserC,h22_mc02,PV sys,0.0
UserC,h22_mc02,National Grid EE,0.0
UserC,h22_mc02,Storage EE,2.6562000000000006
UserC,h22_mc02,Gas Boiler,0.0
UserC,h22_mc02,HP,0.0
UserC,h22_mc02,AC,0.0
UserC,h22_mc02,Storage HW,0.0
UserC,h22_mc02,Radiators,0.0
UserC,h22_mc02,Floor heating,0.0
UserC,h22_mc02,Induction stove,0.0
UserC,h22_mc02,Gas stove,0.0
UserC,h22_mc02,Gas National Grid,0.0
UserC,h23_mc02,PV sys,0.0
UserC,h23_mc02,National Grid EE,0.0
UserC,h23_mc02,Storage EE,2.6562000000000006
UserC,h23_mc02,Gas Boiler,0.0
UserC,h23_mc02,HP,0.0
UserC,h23_mc02,AC,0.0
UserC,h23_mc02,Storage HW,0.0
UserC,h23_mc02,Radiators,0.0
UserC,h23_mc02,Floor heating,0.0
UserC,h23_mc02,Induction stove,0.0
UserC,h23_mc02,Gas stove,0.0
UserC,h23_mc02,Gas National Grid,0.0
UserC,h24_mc02,PV sys,0.0
UserC,h24_mc02,National Grid EE,0.0
UserC,h24_mc02,Storage EE,2.6562000000000006
UserC,h24_mc02,Gas Boiler,0.0
UserC,h24_mc02,HP,0.0
UserC,h24_mc02,AC,0.0
UserC,h24_mc02,Storage HW,0.0
UserC,h24_mc02,Radiators,0.0
UserC,h24_mc02,Floor heating,0.0
UserC,h24_mc02,Induction stove,0.0
UserC,h24_mc02,Gas stove,0.0
UserC,h24_mc02,Gas National Grid,0.0
UserC,h01_mc03,PV sys,0.0
UserC,h01_mc03,National Grid EE,0.0
UserC,h01_mc03,Storage EE,2.3786577905816704
UserC,h01_mc03,Gas Boiler,0.0
UserC,h01_mc03,HP,0.0
UserC,h01_mc03,AC,0.0
UserC,h01_mc03,Storage HW,0.0
UserC,h01_mc03,Radiators,0.0
UserC,h01_mc03,Floor heating,0.0
UserC,h01_mc03,Induction stove,0.0
UserC,h01_mc03,Gas stove,0.0
UserC,h01_mc03,Gas National Grid,0.0
UserC,h02_mc03,PV sys,0.0
UserC,h02_mc03,National Grid EE,0.0
UserC,h02_mc03,Storage EE,2.2061962337555596
UserC,h02_mc03,Gas Boiler,0.0
UserC,h02_mc03,HP,0.0
UserC,h02_mc03,AC,0.0
UserC,h02_mc03,Storage HW,0.0
UserC,h02_mc03,Radiators,0.0
UserC,h02_mc03,Floor heating,0.0
UserC,h02_mc03,Induction stove,0.0
UserC,h02_mc03,Gas stove,0.0
UserC,h02_mc03,Gas National Grid,0.0
UserC,h03_mc03,PV sys,0.0
UserC,h03_mc03,National Grid EE,0.0
UserC,h03_mc03,Storage EE,2.0137082061248877
UserC,h03_mc03,Gas Boiler,0.0
UserC,h03_mc03,HP,0.0
UserC,h03_mc03,AC,0.0
UserC,h03_mc03,Storage HW,0.0
UserC,h03_mc03,Radiators,0.0
UserC,h03_mc03,Floor heating,0.0
UserC,h03_mc03,Induction stove,0.0
UserC,h03_mc03,Gas stove,0.0
UserC,h03_mc03,Gas National Grid,0.0
UserC,h04_mc03,PV sys,0.0
UserC,h04_mc03,National Grid EE,0.0
UserC,h04_mc03,Storage EE,1.8330125691693229
UserC,h04_mc03,Gas Boiler,0.0
UserC,h04_mc03,HP,0.0
UserC,h04_mc03,AC,0.0
UserC,h04_mc03,Storage HW,0.0
UserC,h04_mc03,Radiators,0.0
UserC,h04_mc03,Floor heating,0.0
UserC,h04_mc03,Induction stove,0.0
UserC,h04_mc03,Gas stove,0.0
UserC,h04_mc03,Gas National Grid,0.0
UserC,h05_mc03,PV sys,0.0
UserC,h05_mc03,National Grid EE,0.0
UserC,h05_mc03,Storage EE,1.6392884565593522
UserC,h05_mc03,Gas Boiler,0.0
UserC,h05_mc03,HP,0.0
UserC,h05_mc03,AC,0.0
UserC,h05_mc03,Storage HW,0.0
UserC,h05_mc03,Radiators,0.0
UserC,h05_mc03,Floor heating,0.0
UserC,h05_mc03,Induction stove,0.0
UserC,h05_mc03,Gas stove,0.0
UserC,h05_mc03,Gas National Grid,0.0
UserC,h06_mc03,PV sys,0.0
UserC,h06_mc03,National Grid EE,0.0
UserC,h06_mc03,Storage EE,1.43297028444218
UserC,h06_mc03,Gas Boiler,0.0
UserC,h06_mc03,HP,0.0
UserC,h06_mc03,AC,0.0
UserC,h06_mc03,Storage HW,0.0
UserC,h06_mc03,Radiators,0.0
UserC,h06_mc03,Floor heating,0.0
UserC,h06_mc03,Induction stove,0.0
UserC,h06_mc03,Gas stove,0.0
UserC,h06_mc03,Gas National Grid,0.0
UserC,h07_mc03,PV sys,0.0
UserC,h07_mc03,National Grid EE,0.0
UserC,h07_mc03,Storage EE,1.416712499253964
UserC,h07_mc03,Gas Boiler,0.0
UserC,h07_mc03,HP,0.0
UserC,h07_mc03,AC,0.0
UserC,h07_mc03,Storage HW,0.0
UserC,h07_mc03,Radiators,0.0
UserC,h07_mc03,Floor heating,0.0
UserC,h07_mc03,Induction stove,0.0
UserC,h07_mc03,Gas stove,0.0
UserC,h07_mc03,Gas National Grid,0.0
UserC,h08_mc03,PV sys,0.0
UserC,h08_mc03,National Grid EE,0.0
UserC,h08_mc03,Storage EE,1.2000000000000002
UserC,h08_mc03,Gas Boiler,0.0
UserC,h08_mc03,HP,0.0
UserC,h08_mc03,AC,0.0
UserC,h08_mc03,Storage HW,0.0
UserC,h08_mc03,Radiators,0.0
UserC,h08_mc03,Floor heating,0.0
UserC,h08_mc03,Induction stove,0.0
UserC,h08_mc03,Gas stove,0.0
UserC,h08_mc03,Gas National Grid,0.0
UserC,h09_mc03,PV sys,0.0
UserC,h09_mc03,National Grid EE,0.0
UserC,h09_mc03,Storage EE,2.35629138722922
UserC,h09_mc03,Gas Boiler,0.0
UserC,h09_mc03,HP,0.0
UserC,h09_mc03,AC,0.0
UserC,h09_mc03,Storage HW,0.0
UserC,h09_mc03,Radiators,0.0
UserC,h09_mc03,Floor heating,0.0
UserC,h09_mc03,Induction stove,0.0
UserC,h09_mc03,Gas stove,0.0
UserC,h09_mc03,Gas National Grid,0.0
UserC,h10_mc03,PV sys,0.0
UserC,h10_mc03,National Grid EE,0.0
UserC,h10_mc03,Storage EE,4.304764253597361
UserC,h10_mc03,Gas Boiler,0.0
UserC,h10_mc03,HP,0.0
UserC,h10_mc03,AC,0.0
UserC,h10_mc03,Storage HW,0.0
UserC,h10_mc03,Radiators,0.0
UserC,h10_mc03,Floor heating,0.0
UserC,h10_mc03,Induction stove,0.0
UserC,h10_mc03,Gas stove,0.0
UserC,h10_mc03,Gas National Grid,0.0
UserC,h11_mc03,PV sys,0.0
UserC,h11_mc03,National Grid EE,0.0
UserC,h11_mc03,Storage EE,3.930345280292884
UserC,h11_mc03,Gas Boiler,0.0
UserC,h11_mc03,HP,0.0
UserC,h11_mc03,AC,0.0
UserC,h11_mc03,Storage HW,0.0
UserC,h11_mc03,Radiators,0.0
UserC,h11_mc03,Floor heating,0.0
UserC,h11_mc03,Induction stove,0.0
UserC,h11_mc03,Gas stove,0.0
UserC,h11_mc03,Gas National Grid,0.0
UserC,h12_mc03,PV sys,0.0
UserC,h12_mc03,National Grid EE,0.0
UserC,h12_mc03,Storage EE,3.824116852403118
UserC,h12_mc03,Gas Boiler,0.0
UserC,h12_mc03,HP,0.0
UserC,h12_mc03,AC,0.0
UserC,h12_mc03,Storage HW,0.0
UserC,h12_mc03,Radiators,0.0
UserC,h12_mc03,Floor heating,0.0
UserC,h12_mc03,Induction stove,0.0
UserC,h12_mc03,Gas stove,0.0
UserC,h12_mc03,Gas National Grid,0.0
UserC,h13_mc03,PV sys,0.0
UserC,h13_mc03,National Grid EE,0.0
UserC,h13_mc03,Storage EE,6.711796804561355
UserC,h13_mc03,Gas Boiler,0.0
UserC,h13_mc03,HP,0.0
UserC,h13_mc03,AC,0.0
UserC,h13_mc03,Storage HW,0.0
UserC,h13_mc03,Radiators,0.0
UserC,h13_mc03,Floor heating,0.0
UserC,h13_mc03,Induction stove,0.0
UserC,h13_mc03,Gas stove,0.0
UserC,h13_mc03,Gas National Grid,0.0
UserC,h14_mc03,PV sys,0.0
UserC,h14_mc03,National Grid EE,0.0
UserC,h14_mc03,Storage EE,9.091233621941807
UserC,h14_mc03,Gas Boiler,0.0
UserC,h14_mc03,HP,0.0
UserC,h14_mc03,AC,0.0
UserC,h14_mc03,Storage HW,0.0
UserC,h14_mc03,Radiators,0.0
UserC,h14_mc03,Floor heating,0.0
UserC,h14_mc03,Induction stove,0.0
UserC,h14_mc03,Gas stove,0.0
UserC,h14_mc03,Gas National Grid,0.0
UserC,h15_mc03,PV sys,0.0
UserC,h15_mc03,National Grid EE,0.0
UserC,h15_mc03,Storage EE,10.60338392430203
UserC,h15_mc03,Gas Boiler,0.0
UserC,h15_mc03,HP,0.0
UserC,h15_mc03,AC,0.0
UserC,h15_mc03,Storage HW,0.0
UserC,h15_mc03,Radiators,0.0
UserC,h15_mc03,Floor heating,0.0
UserC,h15_mc03,Induction stove,0.0
UserC,h15_mc03,Gas stove,0.0
UserC,h15_mc03,Gas National Grid,0.0
UserC,h16_mc03,PV sys,0.0
UserC,h16_mc03,National Grid EE,0.0
UserC,h16_mc03,Storage EE,11.399999999999999
UserC,h16_mc03,Gas Boiler,0.0
UserC,h16_mc03,HP,0.0
UserC,h16_mc03,AC,0.0
UserC,h16_mc03,Storage HW,0.0
UserC,h16_mc03,Radiators,0.0
UserC,h16_mc03,Floor heating,0.0
UserC,h16_mc03,Induction stove,0.0
UserC,h16_mc03,Gas stove,0.0
UserC,h16_mc03,Gas National Grid,0.0
UserC,h17_mc03,PV sys,0.0
UserC,h17_mc03,National Grid EE,0.0
UserC,h17_mc03,Storage EE,11.088185118743558
UserC,h17_mc03,Gas Boiler,0.0
UserC,h17_mc03,HP,0.0
UserC,h17_mc03,AC,0.0
UserC,h17_mc03,Storage HW,0.0
UserC,h17_mc03,Radiators,0.0
UserC,h17_mc03,Floor heating,0.0
UserC,h17_mc03,Induction stove,0.0
UserC,h17_mc03,Gas stove,0.0
UserC,h17_mc03,Gas National Grid,0.0
UserC,h18_mc03,PV sys,0.0
UserC,h18_mc03,National Grid EE,0.0
UserC,h18_mc03,Storage EE,11.03551311669481
UserC,h18_mc03,Gas Boiler,0.0
UserC,h18_mc03,HP,0.0
UserC,h18_mc03,AC,0.0
UserC,h18_mc03,Storage HW,0.0
UserC,h18_mc03,Radiators,0.0
UserC,h18_mc03,Floor heating,0.0
UserC,h18_mc03,Induction stove,0.0
UserC,h18_mc03,Gas stove,0.0
UserC,h18_mc03,Gas National Grid,0.0
UserC,h19_mc03,PV sys,0.0
UserC,h19_mc03,National Grid EE,0.0
UserC,h19_mc03,Storage EE,8.938787236876072
UserC,h19_mc03,Gas Boiler,0.0
UserC,h19_mc03,HP,0.0
UserC,h19_mc03,AC,0.0
UserC,h19_mc03,Storage HW,0.0
UserC,h19_mc03,Radiators,0.0
UserC,h19_mc03,Floor heating,0.0
UserC,h19_mc03,Induction stove,0.0
UserC,h19_mc03,Gas stove,0.0
UserC,h19_mc03,Gas National Grid,0.0
UserC,h20_mc03,PV sys,0.0
UserC,h20_mc03,National Grid EE,0.0
UserC,h20_mc03,Storage EE,6.4858963726357
UserC,h20_mc03,Gas Boiler,0.0
UserC,h20_mc03,HP,0.0
UserC,h20_mc03,AC,0.0
UserC,h20_mc03,Storage HW,0.0
UserC,h20_mc03,Radiators,0.0
UserC,h20_mc03,Floor heating,0.0
UserC,h20_mc03,Induction stove,0.0
UserC,h20_mc03,Gas stove,0.0
UserC,h20_mc03,Gas National Grid,0.0
UserC,h21_mc03,PV sys,0.0
UserC,h21_mc03,National Grid EE,0.0
UserC,h21_mc03,Storage EE,4.377951847771415
UserC,h21_mc03,Gas Boiler,0.0
UserC,h21_mc03,HP,0.0
UserC,h21_mc03,AC,0.0
UserC,h21_mc03,Storage HW,0.0
UserC,h21_mc03,Radiators,0.0
UserC,h21_mc03,Floor heating,0.0
UserC,h21_mc03,Induction stove,0.0
UserC,h21_mc03,Gas stove,0.0
UserC,h21_mc03,Gas National Grid,0.0
UserC,h22_mc03,PV sys,0.0
UserC,h22_mc03,National Grid EE,0.0
UserC,h22_mc03,Storage EE,3.5393109243876983
UserC,h22_mc03,Gas Boiler,0.0
UserC,h22_mc03,HP,0.0
UserC,h22_mc03,AC,0.0
UserC,h22_mc03,Storage HW,0.0
UserC,h22_mc03,Radiators,0.0
UserC,h22_mc03,Floor heating,0.0
UserC,h22_mc03,Induction stove,0.0
UserC,h22_mc03,Gas stove,0.0
UserC,h22_mc03,Gas National Grid,0.0
UserC,h23_mc03,PV sys,0.0
UserC,h23_mc03,National Grid EE,0.0
UserC,h23_mc03,Storage EE,2.9299946571840527
UserC,h23_mc03,Gas Boiler,0.0
UserC,h23_mc03,HP,0.0
UserC,h23_mc03,AC,0.0
UserC,h23_mc03,Storage HW,0.0
UserC,h23_mc03,Radiators,0.0
UserC,h23_mc03,Floor heating,0.0
UserC,h23_mc03,Induction stove,0.0
UserC,h23_mc03,Gas stove,0.0
UserC,h23_mc03,Gas National Grid,0.0
UserC,h24_mc03,PV sys,0.0
UserC,h24_mc03,National Grid EE,0.0
UserC,h24_mc03,Storage EE,1.2000000000000002
UserC,h24_mc03,Gas Boiler,0.0
UserC,h24_mc03,HP,0.0
UserC,h24_mc03,AC,0.0
UserC,h24_mc03,Storage HW,0.0
UserC,h24_mc03,Radiators,0.0
UserC,h24_mc03,Floor heating,0.0
UserC,h24_mc03,Induction stove,0.0
UserC,h24_mc03,Gas stove,0.0
UserC,h24_mc03,Gas National Grid,0.0
UserC,h01_mc04,PV sys,0.0
UserC,h01_mc04,National Grid EE,0.0
UserC,h01_mc04,Storage EE,1.1999999999999993
UserC,h01_mc04,Gas Boiler,0.0
UserC,h01_mc04,HP,0.0
UserC,h01_mc04,AC,0.0
UserC,h01_mc04,Storage HW,0.0
UserC,h01_mc04,Radiators,0.0
UserC,h01_mc04,Floor heating,0.0
UserC,h01_mc04,Induction stove,0.0
UserC,h01_mc04,Gas stove,0.0
UserC,h01_mc04,Gas National Grid,0.0
UserC,h02_mc04,PV sys,0.0
UserC,h02_mc04,National Grid EE,0.0
UserC,h02_mc04,Storage EE,1.1999999999999993
UserC,h02_mc04,Gas Boiler,0.0
UserC,h02_mc04,HP,0.0
UserC,h02_mc04,AC,0.0
UserC,h02_mc04,Storage HW,0.0
UserC,h02_mc04,Radiators,0.0
UserC,h02_mc04,Floor heating,0.0
UserC,h02_mc04,Induction stove,0.0
UserC,h02_mc04,Gas stove,0.0
UserC,h02_mc04,Gas National Grid,0.0
UserC,h03_mc04,PV sys,0.0
UserC,h03_mc04,National Grid EE,0.0
UserC,h03_mc04,Storage EE,1.1999999999999993
UserC,h03_mc04,Gas Boiler,0.0
UserC,h03_mc04,HP,0.0
UserC,h03_mc04,AC,0.0
UserC,h03_mc04,Storage HW,0.0
UserC,h03_mc04,Radiators,0.0
UserC,h03_mc04,Floor heating,0.0
UserC,h03_mc04,Induction stove,0.0
UserC,h03_mc04,Gas stove,0.0
UserC,h03_mc04,Gas National Grid,0.0
UserC,h04_mc04,PV sys,0.0
UserC,h04_mc04,National Grid EE,0.0
UserC,h04_mc04,Storage EE,1.1999999999999993
UserC,h04_mc04,Gas Boiler,0.0
UserC,h04_mc04,HP,0.0
UserC,h04_mc04,AC,0.0
UserC,h04_mc04,Storage HW,0.0
UserC,h04_mc04,Radiators,0.0
UserC,h04_mc04,Floor heating,0.0
UserC,h04_mc04,Induction stove,0.0
UserC,h04_mc04,Gas stove,0.0
UserC,h04_mc04,Gas National Grid,0.0
UserC,h05_mc04,PV sys,0.0
UserC,h05_mc04,National Grid EE,0.0
UserC,h05_mc04,Storage EE,1.1999999999999993
UserC,h05_mc04,Gas Boiler,0.0
UserC,h05_mc04,HP,0.0
UserC,h05_mc04,AC,0.0
UserC,h05_mc04,Storage HW,0.0
UserC,h05_mc04,Radiators,0.0
UserC,h05_mc04,Floor heating,0.0
UserC,h05_mc04,Induction stove,0.0
UserC,h05_mc04,Gas stove,0.0
UserC,h05_mc04,Gas National Grid,0.0
UserC,h06_mc04,PV sys,0.0
UserC,h06_mc04,National Grid EE,0.0
UserC,h06_mc04,Storage EE,1.1999999999999993
UserC,h06_mc04,Gas Boiler,0.0
UserC,h06_mc04,HP,0.0
UserC,h06_mc04,AC,0.0
UserC,h06_mc04,Storage HW,0.0
UserC,h06_mc04,Radiators,0.0
UserC,h06_mc04,Floor heating,0.0
UserC,h06_mc04,Induction stove,0.0
UserC,h06_mc04,Gas stove,0.0
UserC,h06_mc04,Gas National Grid,0.0
UserC,h07_mc04,PV sys,0.0
UserC,h07_mc04,National Grid EE,0.0
UserC,h07_mc04,Storage EE,1.2000000000000002
UserC,h07_mc04,Gas Boiler,0.0
UserC,h07_mc04,HP,0.0
UserC,h07_mc04,AC,0.0
UserC,h07_mc04,Storage HW,0.0
UserC,h07_mc04,Radiators,0.0
UserC,h07_mc04,Floor heating,0.0
UserC,h07_mc04,Induction stove,0.0
UserC,h07_mc04,Gas stove,0.0
UserC,h07_mc04,Gas National Grid,0.0
UserC,h08_mc04,PV sys,0.0
UserC,h08_mc04,National Grid EE,0.0
UserC,h08_mc04,Storage EE,1.3317662878331482
UserC,h08_mc04,Gas Boiler,0.0
UserC,h08_mc04,HP,0.0
UserC,h08_mc04,AC,0.0
UserC,h08_mc04,Storage HW,0.0
UserC,h08_mc04,Radiators,0.0
UserC,h08_mc04,Floor heating,0.0
UserC,h08_mc04,Induction stove,0.0
UserC,h08_mc04,Gas stove,0.0
UserC,h08_mc04,Gas National Grid,0.0
UserC,h09_mc04,PV sys,0.0
UserC,h09_mc04,National Grid EE,0.0
UserC,h09_mc04,Storage EE,1.5077352025851658
UserC,h09_mc04,Gas Boiler,0.0
UserC,h09_mc04,HP,0.0
UserC,h09_mc04,AC,0.0
UserC,h09_mc04,Storage HW,0.0
UserC,h09_mc04,Radiators,0.0
UserC,h09_mc04,Floor heating,0.0
UserC,h09_mc04,Induction stove,0.0
UserC,h09_mc04,Gas stove,0.0
UserC,h09_mc04,Gas National Grid,0.0
UserC,h10_mc04,PV sys,0.0
UserC,h10_mc04,National Grid EE,0.0
UserC,h10_mc04,Storage EE,1.7875234703413758
UserC,h10_mc04,Gas Boiler,0.0
UserC,h10_mc04,HP,0.0
UserC,h10_mc04,AC,0.0
UserC,h10_mc04,Storage HW,0.0
UserC,h10_mc04,Radiators,0.0
UserC,h10_mc04,Floor heating,0.0
UserC,h10_mc04,Induction stove,0.0
UserC,h10_mc04,Gas stove,0.0
UserC,h10_mc04,Gas National Grid,0.0
UserC,h11_mc04,PV sys,0.0
UserC,h11_mc04,National Grid EE,0.0
UserC,h11_mc04,Storage EE,3.403164997331953
UserC,h11_mc04,Gas Boiler,0.0
UserC,h11_mc04,HP,0.0
UserC,h11_mc04,AC,0.0
UserC,h11_mc04,Storage HW,0.0
UserC,h11_mc04,Radiators,0.0
UserC,h11_mc04,Floor heating,0.0
UserC,h11_mc04,Induction stove,0.0
UserC,h11_mc04,Gas stove,0.0
UserC,h11_mc04,Gas National Grid,0.0
UserC,h12_mc04,PV sys,0.0
UserC,h12_mc04,National Grid EE,0.0
UserC,h12_mc04,Storage EE,4.228033850874328
UserC,h12_mc04,Gas Boiler,0.0
UserC,h12_mc04,HP,0.0
UserC,h12_mc04,AC,0.0
UserC,h12_mc04,Storage HW,0.0
UserC,h12_mc04,Radiators,0.0
UserC,h12_mc04,Floor heating,0.0
UserC,h12_mc04,Induction stove,0.0
UserC,h12_mc04,Gas stove,0.0
UserC,h12_mc04,Gas National Grid,0.0
UserC,h13_mc04,PV sys,0.0
UserC,h13_mc04,National Grid EE,0.0
UserC,h13_mc04,Storage EE,6.53753259634804
UserC,h13_mc04,Gas Boiler,0.0
UserC,h13_mc04,HP,0.0
UserC,h13_mc04,AC,0.0
UserC,h13_mc04,Storage HW,0.0
UserC,h13_mc04,Radiators,0.0
UserC,h13_mc04,Floor heating,0.0
UserC,h13_mc04,Induction stove,0.0
UserC,h13_mc04,Gas stove,0.0
UserC,h13_mc04,Gas National Grid,0.0
UserC,h14_mc04,PV sys,0.0
UserC,h14_mc04,National Grid EE,0.0
UserC,h14_mc04,Storage EE,8.944429034042246
UserC,h14_mc04,Gas Boiler,0.0
UserC,h14_mc04,HP,0.0
UserC,h14_mc04,AC,0.0
UserC,h14_mc04,Storage HW,0.0
UserC,h14_mc04,Radiators,0.0
UserC,h14_mc04,Floor heating,0.0
UserC,h14_mc04,Induction stove,0.0
UserC,h14_mc04,Gas stove,0.0
UserC,h14_mc04,Gas National Grid,0.0
UserC,h15_mc04,PV sys,0.0
UserC,h15_mc04,National Grid EE,0.0
UserC,h15_mc04,Storage EE,9.666487648213574
UserC,h15_mc04,Gas Boiler,0.0
UserC,h15_mc04,HP,0.0
UserC,h15_mc04,AC,0.0
UserC,h15_mc04,Storage HW,0.0
UserC,h15_mc04,Radiators,0.0
UserC,h15_mc04,Floor heating,0.0
UserC,h15_mc04,Induction stove,0.0
UserC,h15_mc04,Gas stove,0.0
UserC,h15_mc04,Gas National Grid,0.0
UserC,h16_mc04,PV sys,0.0
UserC,h16_mc04,National Grid EE,0.0
UserC,h16_mc04,Storage EE,10.621936230775912
UserC,h16_mc04,Gas Boiler,0.0
UserC,h16_mc04,HP,0.0
UserC,h16_mc04,AC,0.0
UserC,h16_mc04,Storage HW,0.0
UserC,h16_mc04,Radiators,0.0
UserC,h16_mc04,Floor heating,0.0
UserC,h16_mc04,Induction stove,0.0
UserC,h16_mc04,Gas stove,0.0
UserC,h16_mc04,Gas National Grid,0.0
UserC,h17_mc04,PV sys,0.0
UserC,h17_mc04,National Grid EE,0.0
UserC,h17_mc04,Storage EE,10.351344813338251
UserC,h17_mc04,Gas Boiler,0.0
UserC,h17_mc04,HP,0.0
UserC,h17_mc04,AC,0.0
UserC,h17_mc04,Storage HW,0.0
UserC,h17_mc04,Radiators,0.0
UserC,h17_mc04,Floor heating,0.0
UserC,h17_mc04,Induction stove,0.0
UserC,h17_mc04,Gas stove,0.0
UserC,h17_mc04,Gas National Grid,0.0
UserC,h18_mc04,PV sys,0.0
UserC,h18_mc04,National Grid EE,0.0
UserC,h18_mc04,Storage EE,8.525197840345035
UserC,h18_mc04,Gas Boiler,0.0
UserC,h18_mc04,HP,0.0
UserC,h18_mc04,AC,0.0
UserC,h18_mc04,Storage HW,0.0
UserC,h18_mc04,Radiators,0.0
UserC,h18_mc04,Floor heating,0.0
UserC,h18_mc04,Induction stove,0.0
UserC,h18_mc04,Gas stove,0.0
UserC,h18_mc04,Gas National Grid,0.0
UserC,h19_mc04,PV sys,0.0
UserC,h19_mc04,National Grid EE,0.0
UserC,h19_mc04,Storage EE,6.699917544871668
UserC,h19_mc04,Gas Boiler,0.0
UserC,h19_mc04,HP,0.0
UserC,h19_mc04,AC,0.0
UserC,h19_mc04,Storage HW,0.0
UserC,h19_mc04,Radiators,0.0
UserC,h19_mc04,Floor heating,0.0
UserC,h19_mc04,Induction stove,0.0
UserC,h19_mc04,Gas stove,0.0
UserC,h19_mc04,Gas National Grid,0.0
UserC,h20_mc04,PV sys,0.0
UserC,h20_mc04,National Grid EE,0.0
UserC,h20_mc04,Storage EE,6.0218569433883715
UserC,h20_mc04,Gas Boiler,0.0
UserC,h20_mc04,HP,0.0
UserC,h20_mc04,AC,0.0
UserC,h20_mc04,Storage HW,0.0
UserC,h20_mc04,Radiators,0.0
UserC,h20_mc04,Floor heating,0.0
UserC,h20_mc04,Induction stove,0.0
UserC,h20_mc04,Gas stove,0.0
UserC,h20_mc04,Gas National Grid,0.0
UserC,h21_mc04,PV sys,0.0
UserC,h21_mc04,National Grid EE,0.0
UserC,h21_mc04,Storage EE,5.30342750992637
UserC,h21_mc04,Gas Boiler,0.0
UserC,h21_mc04,HP,0.0
UserC,h21_mc04,AC,0.0
UserC,h21_mc04,Storage HW,0.0
UserC,h21_mc04,Radiators,0.0
UserC,h21_mc04,Floor heating,0.0
UserC,h21_mc04,Induction stove,0.0
UserC,h21_mc04,Gas stove,0.0
UserC,h21_mc04,Gas National Grid,0.0
UserC,h22_mc04,PV sys,0.0
UserC,h22_mc04,National Grid EE,0.0
UserC,h22_mc04,Storage EE,4.275800379323452
UserC,h22_mc04,Gas Boiler,0.0
UserC,h22_mc04,HP,0.0
UserC,h22_mc04,AC,0.0
UserC,h22_mc04,Storage HW,0.0
UserC,h22_mc04,Radiators,0.0
UserC,h22_mc04,Floor heating,0.0
UserC,h22_mc04,Induction stove,0.0
UserC,h22_mc04,Gas stove,0.0
UserC,h22_mc04,Gas National Grid,0.0
UserC,h23_mc04,PV sys,0.0
UserC,h23_mc04,National Grid EE,0.0
UserC,h23_mc04,Storage EE,2.573505965255329
UserC,h23_mc04,Gas Boiler,0.0
UserC,h23_mc04,HP,0.0
UserC,h23_mc04,AC,0.0
UserC,h23_mc04,Storage HW,0.0
UserC,h23_mc04,Radiators,0.0
UserC,h23_mc04,Floor heating,0.0
UserC,h23_mc04,Induction stove,0.0
UserC,h23_mc04,Gas stove,0.0
UserC,h23_mc04,Gas National Grid,0.0
UserC,h24_mc04,PV sys,0.0
UserC,h24_mc04,National Grid EE,0.0
UserC,h24_mc04,Storage EE,1.2000000000000002
UserC,h24_mc04,Gas Boiler,0.0
UserC,h24_mc04,HP,0.0
UserC,h24_mc04,AC,0.0
UserC,h24_mc04,Storage HW,0.0
UserC,h24_mc04,Radiators,0.0
UserC,h24_mc04,Floor heating,0.0
UserC,h24_mc04,Induction stove,0.0
UserC,h24_mc04,Gas stove,0.0
UserC,h24_mc04,Gas National Grid,0.0
UserC,h01_mc05,PV sys,0.0
UserC,h01_mc05,National Grid EE,0.0
UserC,h01_mc05,Storage EE,1.2000000000000002
UserC,h01_mc05,Gas Boiler,0.0
UserC,h01_mc05,HP,0.0
UserC,h01_mc05,AC,0.0
UserC,h01_mc05,Storage HW,0.0
UserC,h01_mc05,Radiators,0.0
UserC,h01_mc05,Floor heating,0.0
UserC,h01_mc05,Induction stove,0.0
UserC,h01_mc05,Gas stove,0.0
UserC,h01_mc05,Gas National Grid,0.0
UserC,h02_mc05,PV sys,0.0
UserC,h02_mc05,National Grid EE,0.0
UserC,h02_mc05,Storage EE,1.2000000000000002
UserC,h02_mc05,Gas Boiler,0.0
UserC,h02_mc05,HP,0.0
UserC,h02_mc05,AC,0.0
UserC,h02_mc05,Storage HW,0.0
UserC,h02_mc05,Radiators,0.0
UserC,h02_mc05,Floor heating,0.0
UserC,h02_mc05,Induction stove,0.0
UserC,h02_mc05,Gas stove,0.0
UserC,h02_mc05,Gas National Grid,0.0
UserC,h03_mc05,PV sys,0.0
UserC,h03_mc05,National Grid EE,0.0
UserC,h03_mc05,Storage EE,1.2000000000000002
UserC,h03_mc05,Gas Boiler,0.0
UserC,h03_mc05,HP,0.0
UserC,h03_mc05,AC,0.0
UserC,h03_mc05,Storage HW,0.0
UserC,h03_mc05,Radiators,0.0
UserC,h03_mc05,Floor heating,0.0
UserC,h03_mc05,Induction stove,0.0
UserC,h03_mc05,Gas stove,0.0
UserC,h03_mc05,Gas National Grid,0.0
UserC,h04_mc05,PV sys,0.0
UserC,h04_mc05,National Grid EE,0.0
UserC,h04_mc05,Storage EE,1.2000000000000002
UserC,h04_mc05,Gas Boiler,0.0
UserC,h04_mc05,HP,0.0
UserC,h04_mc05,AC,0.0
UserC,h04_mc05,Storage HW,0.0
UserC,h04_mc05,Radiators,0.0
UserC,h04_mc05,Floor heating,0.0
UserC,h04_mc05,Induction stove,0.0
UserC,h04_mc05,Gas stove,0.0
UserC,h04_mc05,Gas National Grid,0.0
UserC,h05_mc05,PV sys,0.0
UserC,h05_mc05,National Grid EE,0.0
UserC,h05_mc05,Storage EE,1.2000000000000002
UserC,h05_mc05,Gas Boiler,0.0
UserC,h05_mc05,HP,0.0
UserC,h05_mc05,AC,0.0
UserC,h05_mc05,Storage HW,0.0
UserC,h05_mc05,Radiators,0.0
UserC,h05_mc05,Floor heating,0.0
UserC,h05_mc05,Induction stove,0.0
UserC,h05_mc05,Gas stove,0.0
UserC,h05_mc05,Gas National Grid,0.0
UserC,h06_mc05,PV sys,0.0
UserC,h06_mc05,National Grid EE,0.0
UserC,h06_mc05,Storage EE,1.2000000000000002
UserC,h06_mc05,Gas Boiler,0.0
UserC,h06_mc05,HP,0.0
UserC,h06_mc05,AC,0.0
UserC,h06_mc05,Storage HW,0.0
UserC,h06_mc05,Radiators,0.0
UserC,h06_mc05,Floor heating,0.0
UserC,h06_mc05,Induction stove,0.0
UserC,h06_mc05,Gas stove,0.0
UserC,h06_mc05,Gas National Grid,0.0
UserC,h07_mc05,PV sys,0.0
UserC,h07_mc05,National Grid EE,0.0
UserC,h07_mc05,Storage EE,1.2000000000000002
UserC,h07_mc05,Gas Boiler,0.0
UserC,h07_mc05,HP,0.0
UserC,h07_mc05,AC,0.0
UserC,h07_mc05,Storage HW,0.0
UserC,h07_mc05,Radiators,0.0
UserC,h07_mc05,Floor heating,0.0
UserC,h07_mc05,Induction stove,0.0
UserC,h07_mc05,Gas stove,0.0
UserC,h07_mc05,Gas National Grid,0.0
UserC,h08_mc05,PV sys,0.0
UserC,h08_mc05,National Grid EE,0.0
UserC,h08_mc05,Storage EE,2.1020494786086577
UserC,h08_mc05,Gas Boiler,0.0
UserC,h08_mc05,HP,0.0
UserC,h08_mc05,AC,0.0
UserC,h08_mc05,Storage HW,0.0
UserC,h08_mc05,Radiators,0.0
UserC,h08_mc05,Floor heating,0.0
UserC,h08_mc05,Induction stove,0.0
UserC,h08_mc05,Gas stove,0.0
UserC,h08_mc05,Gas National Grid,0.0
UserC,h09_mc05,PV sys,0.0
UserC,h09_mc05,National Grid EE,0.0
UserC,h09_mc05,Storage EE,3.5495187145495297
UserC,h09_mc05,Gas Boiler,0.0
UserC,h09_mc05,HP,0.0
UserC,h09_mc05,AC,0.0
UserC,h09_mc05,Storage HW,0.0
UserC,h09_mc05,Radiators,0.0
UserC,h09_mc05,Floor heating,0.0
UserC,h09_mc05,Induction stove,0.0
UserC,h09_mc05,Gas stove,0.0
UserC,h09_mc05,Gas National Grid,0.0
UserC,h10_mc05,PV sys,0.0
UserC,h10_mc05,National Grid EE,0.0
UserC,h10_mc05,Storage EE,5.936256483680023
UserC,h10_mc05,Gas Boiler,0.0
UserC,h10_mc05,HP,0.0
UserC,h10_mc05,AC,0.0
UserC,h10_mc05,Storage HW,0.0
UserC,h10_mc05,Radiators,0.0
UserC,h10_mc05,Floor heating,0.0
UserC,h10_mc05,Induction stove,0.0
UserC,h10_mc05,Gas stove,0.0
UserC,h10_mc05,Gas National Grid,0.0
UserC,h11_mc05,PV sys,0.0
UserC,h11_mc05,National Grid EE,0.0
UserC,h11_mc05,Storage EE,7.719218440029403
UserC,h11_mc05,Gas Boiler,0.0
UserC,h11_mc05,HP,0.0
UserC,h11_mc05,AC,0.0
UserC,h11_mc05,Storage HW,0.0
UserC,h11_mc05,Radiators,0.0
UserC,h11_mc05,Floor heating,0.0
UserC,h11_mc05,Induction stove,0.0
UserC,h11_mc05,Gas stove,0.0
UserC,h11_mc05,Gas National Grid,0.0
UserC,h12_mc05,PV sys,0.0
UserC,h12_mc05,National Grid EE,0.0
UserC,h12_mc05,Storage EE,9.770406674650422
UserC,h12_mc05,Gas Boiler,0.0
UserC,h12_mc05,HP,0.0
UserC,h12_mc05,AC,0.0
UserC,h12_mc05,Storage HW,0.0
UserC,h12_mc05,Radiators,0.0
UserC,h12_mc05,Floor heating,0.0
UserC,h12_mc05,Induction stove,0.0
UserC,h12_mc05,Gas stove,0.0
UserC,h12_mc05,Gas National Grid,0.0
UserC,h13_mc05,PV sys,0.0
UserC,h13_mc05,National Grid EE,0.0
UserC,h13_mc05,Storage EE,11.21666062655601
UserC,h13_mc05,Gas Boiler,0.0
UserC,h13_mc05,HP,0.0
UserC,h13_mc05,AC,0.0
UserC,h13_mc05,Storage HW,0.0
UserC,h13_mc05,Radiators,0.0
UserC,h13_mc05,Floor heating,0.0
UserC,h13_mc05,Induction stove,0.0
UserC,h13_mc05,Gas stove,0.0
UserC,h13_mc05,Gas National Grid,0.0
UserC,h14_mc05,PV sys,0.0
UserC,h14_mc05,National Grid EE,0.0
UserC,h14_mc05,Storage EE,10.735341701391615
UserC,h14_mc05,Gas Boiler,0.0
UserC,h14_mc05,HP,0.0
UserC,h14_mc05,AC,0.0
UserC,h14_mc05,Storage HW,0.0
UserC,h14_mc05,Radiators,0.0
UserC,h14_mc05,Floor heating,0.0
UserC,h14_mc05,Induction stove,0.0
UserC,h14_mc05,Gas stove,0.0
UserC,h14_mc05,Gas National Grid,0.0
UserC,h15_mc05,PV sys,0.0
UserC,h15_mc05,National Grid EE,0.0
UserC,h15_mc05,Storage EE,11.399999999999999
UserC,h15_mc05,Gas Boiler,0.0
UserC,h15_mc05,HP,0.0
UserC,h15_mc05,AC,0.0
UserC,h15_mc05,Storage HW,0.0
UserC,h15_mc05,Radiators,0.0
UserC,h15_mc05,Floor heating,0.0
UserC,h15_mc05,Induction stove,0.0
UserC,h15_mc05,Gas stove,0.0
UserC,h15_mc05,Gas National Grid,0.0
UserC,h16_mc05,PV sys,0.0
UserC,h16_mc05,National Grid EE,0.0
UserC,h16_mc05,Storage EE,11.379958452199766
UserC,h16_mc05,Gas Boiler,0.0
UserC,h16_mc05,HP,0.0
UserC,h16_mc05,AC,0.0
UserC,h16_mc05,Storage HW,0.0
UserC,h16_mc05,Radiators,0.0
UserC,h16_mc05,Floor heating,0.0
UserC,h16_mc05,Induction stove,0.0
UserC,h16_mc05,Gas stove,0.0
UserC,h16_mc05,Gas National Grid,0.0
UserC,h17_mc05,PV sys,0.0
UserC,h17_mc05,National Grid EE,0.0
UserC,h17_mc05,Storage EE,11.399999999999999
UserC,h17_mc05,Gas Boiler,0.0
UserC,h17_mc05,HP,0.0
UserC,h17_mc05,AC,0.0
UserC,h17_mc05,Storage HW,0.0
UserC,h17_mc05,Radiators,0.0
UserC,h17_mc05,Floor heating,0.0
UserC,h17_mc05,Induction stove,0.0
UserC,h17_mc05,Gas stove,0.0
UserC,h17_mc05,Gas National Grid,0.0
UserC,h18_mc05,PV sys,0.0
UserC,h18_mc05,National Grid EE,0.0
UserC,h18_mc05,Storage EE,11.399999999999995
UserC,h18_mc05,Gas Boiler,0.0
UserC,h18_mc05,HP,0.0
UserC,h18_mc05,AC,0.0
UserC,h18_mc05,Storage HW,0.0
UserC,h18_mc05,Radiators,0.0
UserC,h18_mc05,Floor heating,0.0
UserC,h18_mc05,Induction stove,0.0
UserC,h18_mc05,Gas stove,0.0
UserC,h18_mc05,Gas National Grid,0.0
UserC,h19_mc05,PV sys,0.0
UserC,h19_mc05,National Grid EE,0.0
UserC,h19_mc05,Storage EE,11.399999999999995
UserC,h19_mc05,Gas Boiler,0.0
UserC,h19_mc05,HP,0.0
UserC,h19_mc05,AC,0.0
UserC,h19_mc05,Storage HW,0.0
UserC,h19_mc05,Radiators,0.0
UserC,h19_mc05,Floor heating,0.0
UserC,h19_mc05,Induction stove,0.0
UserC,h19_mc05,Gas stove,0.0
UserC,h19_mc05,Gas National Grid,0.0
UserC,h20_mc05,PV sys,0.0
UserC,h20_mc05,National Grid EE,0.0
UserC,h20_mc05,Storage EE,11.399999999999999
UserC,h20_mc05,Gas Boiler,0.0
UserC,h20_mc05,HP,0.0
UserC,h20_mc05,AC,0.0
UserC,h20_mc05,Storage HW,0.0
UserC,h20_mc05,Radiators,0.0
UserC,h20_mc05,Floor heating,0.0
UserC,h20_mc05,Induction stove,0.0
UserC,h20_mc05,Gas stove,0.0
UserC,h20_mc05,Gas National Grid,0.0
UserC,h21_mc05,PV sys,0.0
UserC,h21_mc05,National Grid EE,0.0
UserC,h21_mc05,Storage EE,11.399999999999995
UserC,h21_mc05,Gas Boiler,0.0
UserC,h21_mc05,HP,0.0
UserC,h21_mc05,AC,0.0
UserC,h21_mc05,Storage HW,0.0
UserC,h21_mc05,Radiators,0.0
UserC,h21_mc05,Floor heating,0.0
UserC,h21_mc05,Induction stove,0.0
UserC,h21_mc05,Gas stove,0.0
UserC,h21_mc05,Gas National Grid,0.0
UserC,h22_mc05,PV sys,0.0
UserC,h22_mc05,National Grid EE,0.0
UserC,h22_mc05,Storage EE,11.399999999999995
UserC,h22_mc05,Gas Boiler,0.0
UserC,h22_mc05,HP,0.0
UserC,h22_mc05,AC,0.0
UserC,h22_mc05,Storage HW,0.0
UserC,h22_mc05,Radiators,0.0
UserC,h22_mc05,Floor heating,0.0
UserC,h22_mc05,Induction stove,0.0
UserC,h22_mc05,Gas stove,0.0
UserC,h22_mc05,Gas National Grid,0.0
UserC,h23_mc05,PV sys,0.0
UserC,h23_mc05,National Grid EE,0.0
UserC,h23_mc05,Storage EE,11.399999999999995
UserC,h23_mc05,Gas Boiler,0.0
UserC,h23_mc05,HP,0.0
UserC,h23_mc05,AC,0.0
UserC,h23_mc05,Storage HW,0.0
UserC,h23_mc05,Radiators,0.0
UserC,h23_mc05,Floor heating,0.0
UserC,h23_mc05,Induction stove,0.0
UserC,h23_mc05,Gas stove,0.0
UserC,h23_mc05,Gas National Grid,0.0
UserC,h24_mc05,PV sys,0.0
UserC,h24_mc05,National Grid EE,0.0
UserC,h24_mc05,Storage EE,11.399999999999995
UserC,h24_mc05,Gas Boiler,0.0
UserC,h24_mc05,HP,0.0
UserC,h24_mc05,AC,0.0
UserC,h24_mc05,Storage HW,0.0
UserC,h24_mc05,Radiators,0.0
UserC,h24_mc05,Floor heating,0.0
UserC,h24_mc05,Induction stove,0.0
UserC,h24_mc05,Gas stove,0.0
UserC,h24_mc05,Gas National Grid,0.0
UserC,h01_mc06,PV sys,0.0
UserC,h01_mc06,National Grid EE,0.0
UserC,h01_mc06,Storage EE,9.931564150850882
UserC,h01_mc06,Gas Boiler,0.0
UserC,h01_mc06,HP,0.0
UserC,h01_mc06,AC,0.0
UserC,h01_mc06,Storage HW,0.0
UserC,h01_mc06,Radiators,0.0
UserC,h01_mc06,Floor heating,0.0
UserC,h01_mc06,Induction stove,0.0
UserC,h01_mc06,Gas stove,0.0
UserC,h01_mc06,Gas National Grid,0.0
UserC,h02_mc06,PV sys,0.0
UserC,h02_mc06,National Grid EE,0.0
UserC,h02_mc06,Storage EE,8.338823754175682
UserC,h02_mc06,Gas Boiler,0.0
UserC,h02_mc06,HP,0.0
UserC,h02_mc06,AC,0.0
UserC,h02_mc06,Storage HW,0.0
UserC,h02_mc06,Radiators,0.0
UserC,h02_mc06,Floor heating,0.0
UserC,h02_mc06,Induction stove,0.0
UserC,h02_mc06,Gas stove,0.0
UserC,h02_mc06,Gas National Grid,0.0
UserC,h03_mc06,PV sys,0.0
UserC,h03_mc06,National Grid EE,0.0
UserC,h03_mc06,Storage EE,6.661802300324316
UserC,h03_mc06,Gas Boiler,0.0
UserC,h03_mc06,HP,0.0
UserC,h03_mc06,AC,0.0
UserC,h03_mc06,Storage HW,0.0
UserC,h03_mc06,Radiators,0.0
UserC,h03_mc06,Floor heating,0.0
UserC,h03_mc06,Induction stove,0.0
UserC,h03_mc06,Gas stove,0.0
UserC,h03_mc06,Gas National Grid,0.0
UserC,h04_mc06,PV sys,0.0
UserC,h04_mc06,National Grid EE,0.0
UserC,h04_mc06,Storage EE,5.001253402173216
UserC,h04_mc06,Gas Boiler,0.0
UserC,h04_mc06,HP,0.0
UserC,h04_mc06,AC,0.0
UserC,h04_mc06,Storage HW,0.0
UserC,h04_mc06,Radiators,0.0
UserC,h04_mc06,Floor heating,0.0
UserC,h04_mc06,Induction stove,0.0
UserC,h04_mc06,Gas stove,0.0
UserC,h04_mc06,Gas National Grid,0.0
UserC,h05_mc06,PV sys,0.0
UserC,h05_mc06,National Grid EE,0.0
UserC,h05_mc06,Storage EE,3.2150602875614513
UserC,h05_mc06,Gas Boiler,0.0
UserC,h05_mc06,HP,0.0
UserC,h05_mc06,AC,0.0
UserC,h05_mc06,Storage HW,0.0
UserC,h05_mc06,Radiators,0.0
UserC,h05_mc06,Floor heating,0.0
UserC,h05_mc06,Induction stove,0.0
UserC,h05_mc06,Gas stove,0.0
UserC,h05_mc06,Gas National Grid,0.0
UserC,h06_mc06,PV sys,0.0
UserC,h06_mc06,National Grid EE,0.0
UserC,h06_mc06,Storage EE,1.4507985739266616
UserC,h06_mc06,Gas Boiler,0.0
UserC,h06_mc06,HP,0.0
UserC,h06_mc06,AC,0.0
UserC,h06_mc06,Storage HW,0.0
UserC,h06_mc06,Radiators,0.0
UserC,h06_mc06,Floor heating,0.0
UserC,h06_mc06,Induction stove,0.0
UserC,h06_mc06,Gas stove,0.0
UserC,h06_mc06,Gas National Grid,0.0
UserC,h07_mc06,PV sys,0.0
UserC,h07_mc06,National Grid EE,0.0
UserC,h07_mc06,Storage EE,1.2000000000000002
UserC,h07_mc06,Gas Boiler,0.0
UserC,h07_mc06,HP,0.0
UserC,h07_mc06,AC,0.0
UserC,h07_mc06,Storage HW,0.0
UserC,h07_mc06,Radiators,0.0
UserC,h07_mc06,Floor heating,0.0
UserC,h07_mc06,Induction stove,0.0
UserC,h07_mc06,Gas stove,0.0
UserC,h07_mc06,Gas National Grid,0.0
UserC,h08_mc06,PV sys,0.0
UserC,h08_mc06,National Grid EE,0.0
UserC,h08_mc06,Storage EE,1.2000000000000002
UserC,h08_mc06,Gas Boiler,0.0
UserC,h08_mc06,HP,0.0
UserC,h08_mc06,AC,0.0
UserC,h08_mc06,Storage HW,0.0
UserC,h08_mc06,Radiators,0.0
UserC,h08_mc06,Floor heating,0.0
UserC,h08_mc06,Induction stove,0.0
UserC,h08_mc06,Gas stove,0.0
UserC,h08_mc06,Gas National Grid,0.0
UserC,h09_mc06,PV sys,0.0
UserC,h09_mc06,National Grid EE,0.0
UserC,h09_mc06,Storage EE,1.74402357054338
UserC,h09_mc06,Gas Boiler,0.0
UserC,h09_mc06,HP,0.0
UserC,h09_mc06,AC,0.0
UserC,h09_mc06,Storage HW,0.0
UserC,h09_mc06,Radiators,0.0
UserC,h09_mc06,Floor heating,0.0
UserC,h09_mc06,Induction stove,0.0
UserC,h09_mc06,Gas stove,0.0
UserC,h09_mc06,Gas National Grid,0.0
UserC,h10_mc06,PV sys,0.0
UserC,h10_mc06,National Grid EE,0.0
UserC,h10_mc06,Storage EE,3.203781695320199
UserC,h10_mc06,Gas Boiler,0.0
UserC,h10_mc06,HP,0.0
UserC,h10_mc06,AC,0.0
UserC,h10_mc06,Storage HW,0.0
UserC,h10_mc06,Radiators,0.0
UserC,h10_mc06,Floor heating,0.0
UserC,h10_mc06,Induction stove,0.0
UserC,h10_mc06,Gas stove,0.0
UserC,h10_mc06,Gas National Grid,0.0
UserC,h11_mc06,PV sys,0.0
UserC,h11_mc06,National Grid EE,0.0
UserC,h11_mc06,Storage EE,5.237038656889455
UserC,h11_mc06,Gas Boiler,0.0
UserC,h11_mc06,HP,0.0
UserC,h11_mc06,AC,0.0
UserC,h11_mc06,Storage HW,0.0
UserC,h11_mc06,Radiators,0.0
UserC,h11_mc06,Floor heating,0.0
UserC,h11_mc06,Induction stove,0.0
UserC,h11_mc06,Gas stove,0.0
UserC,h11_mc06,Gas National Grid,0.0
UserC,h12_mc06,PV sys,0.0
UserC,h12_mc06,National Grid EE,0.0
UserC,h12_mc06,Storage EE,7.575618256441061
UserC,h12_mc06,Gas Boiler,0.0
UserC,h12_mc06,HP,0.0
UserC,h12_mc06,AC,0.0
UserC,h12_mc06,Storage HW,0.0
UserC,h12_mc06,Radiators,0.0
UserC,h12_mc06,Floor heating,0.0
UserC,h12_mc06,Induction stove,0.0
UserC,h12_mc06,Gas stove,0.0
UserC,h12_mc06,Gas National Grid,0.0
UserC,h13_mc06,PV sys,0.0
UserC,h13_mc06,National Grid EE,0.0
UserC,h13_mc06,Storage EE,9.771504651912366
UserC,h13_mc06,Gas Boiler,0.0
UserC,h13_mc06,HP,0.0
UserC,h13_mc06,AC,0.0
UserC,h13_mc06,Storage HW,0.0
UserC,h13_mc06,Radiators,0.0
UserC,h13_mc06,Floor heating,0.0
UserC,h13_mc06,Induction stove,0.0
UserC,h13_mc06,Gas stove,0.0
UserC,h13_mc06,Gas National Grid,0.0
UserC,h14_mc06,PV sys,0.0
UserC,h14_mc06,National Grid EE,0.0
UserC,h14_mc06,Storage EE,10.668819134092697
UserC,h14_mc06,Gas Boiler,0.0
UserC,h14_mc06,HP,0.0
UserC,h14_mc06,AC,0.0
UserC,h14_mc06,Storage HW,0.0
UserC,h14_mc06,Radiators,0.0
UserC,h14_mc06,Floor heating,0.0
UserC,h14_mc06,Induction stove,0.0
UserC,h14_mc06,Gas stove,0.0
UserC,h14_mc06,Gas National Grid,0.0
UserC,h15_mc06,PV sys,0.0
UserC,h15_mc06,National Grid EE,0.0
UserC,h15_mc06,Storage EE,11.399999999999999
UserC,h15_mc06,Gas Boiler,0.0
UserC,h15_mc06,HP,0.0
UserC,h15_mc06,AC,0.0
UserC,h15_mc06,Storage HW,0.0
UserC,h15_mc06,Radiators,0.0
UserC,h15_mc06,Floor heating,0.0
UserC,h15_mc06,Induction stove,0.0
UserC,h15_mc06,Gas stove,0.0
UserC,h15_mc06,Gas National Grid,0.0
UserC,h16_mc06,PV sys,0.0
UserC,h16_mc06,National Grid EE,0.0
UserC,h16_mc06,Storage EE,11.297997956217264
UserC,h16_mc06,Gas Boiler,0.0
UserC,h16_mc06,HP,0.0
UserC,h16_mc06,AC,0.0
UserC,h16_mc06,Storage HW,0.0
UserC,h16_mc06,Radiators,0.0
UserC,h16_mc06,Floor heating,0.0
UserC,h16_mc06,Induction stove,0.0
UserC,h16_mc06,Gas stove,0.0
UserC,h16_mc06,Gas National Grid,0.0
UserC,h17_mc06,PV sys,0.0
UserC,h17_mc06,National Grid EE,0.0
UserC,h17_mc06,Storage EE,11.089542278934074
UserC,h17_mc06,Gas Boiler,0.0
UserC,h17_mc06,HP,0.0
UserC,h17_mc06,AC,0.0
UserC,h17_mc06,Storage HW,0.0
UserC,h17_mc06,Radiators,0.0
UserC,h17_mc06,Floor heating,0.0
UserC,h17_mc06,Induction stove,0.0
UserC,h17_mc06,Gas stove,0.0
UserC,h17_mc06,Gas National Grid,0.0
UserC,h18_mc06,PV sys,0.0
UserC,h18_mc06,National Grid EE,0.0
UserC,h18_mc06,Storage EE,10.806171831041267
UserC,h18_mc06,Gas Boiler,0.0
UserC,h18_mc06,HP,0.0
UserC,h18_mc06,AC,0.0
UserC,h18_mc06,Storage HW,0.0
UserC,h18_mc06,Radiators,0.0
UserC,h18_mc06,Floor heating,0.0
UserC,h18_mc06,Induction stove,0.0
UserC,h18_mc06,Gas stove,0.0
UserC,h18_mc06,Gas National Grid,0.0
UserC,h19_mc06,PV sys,0.0
UserC,h19_mc06,National Grid EE,0.0
UserC,h19_mc06,Storage EE,9.007369156311785
UserC,h19_mc06,Gas Boiler,0.0
UserC,h19_mc06,HP,0.0
UserC,h19_mc06,AC,0.0
UserC,h19_mc06,Storage HW,0.0
UserC,h19_mc06,Radiators,0.0
UserC,h19_mc06,Floor heating,0.0
UserC,h19_mc06,Induction stove,0.0
UserC,h19_mc06,Gas stove,0.0
UserC,h19_mc06,Gas National Grid,0.0
UserC,h20_mc06,PV sys,0.0
UserC,h20_mc06,National Grid EE,0.0
UserC,h20_mc06,Storage EE,7.207491248164413
UserC,h20_mc06,Gas Boiler,0.0
UserC,h20_mc06,HP,0.0
UserC,h20_mc06,AC,0.0
UserC,h20_mc06,Storage HW,0.0
UserC,h20_mc06,Radiators,0.0
UserC,h20_mc06,Floor heating,0.0
UserC,h20_mc06,Induction stove,0.0
UserC,h20_mc06,Gas stove,0.0
UserC,h20_mc06,Gas National Grid,0.0
UserC,h21_mc06,PV sys,0.0
UserC,h21_mc06,National Grid EE,0.0
UserC,h21_mc06,Storage EE,5.1324878460884324
UserC,h21_mc06,Gas Boiler,0.0
UserC,h21_mc06,HP,0.0
UserC,h21_mc06,AC,0.0
UserC,h21_mc06,Storage HW,0.0
UserC,h21_mc06,Radiators,0.0
UserC,h21_mc06,Floor heating,0.0
UserC,h21_mc06,Induction stove,0.0
UserC,h21_mc06,Gas stove,0.0
UserC,h21_mc06,Gas National Grid,0.0
UserC,h22_mc06,PV sys,0.0
UserC,h22_mc06,National Grid EE,0.0
UserC,h22_mc06,Storage EE,4.490867506906035
UserC,h22_mc06,Gas Boiler,0.0
UserC,h22_mc06,HP,0.0
UserC,h22_mc06,AC,0.0
UserC,h22_mc06,Storage HW,0.0
UserC,h22_mc06,Radiators,0.0
UserC,h22_mc06,Floor heating,0.0
UserC,h22_mc06,Induction stove,0.0
UserC,h22_mc06,Gas stove,0.0
UserC,h22_mc06,Gas National Grid,0.0
UserC,h23_mc06,PV sys,0.0
UserC,h23_mc06,National Grid EE,0.0
UserC,h23_mc06,Storage EE,2.656522844217291
UserC,h23_mc06,Gas Boiler,0.0
UserC,h23_mc06,HP,0.0
UserC,h23_mc06,AC,0.0
UserC,h23_mc06,Storage HW,0.0
UserC,h23_mc06,Radiators,0.0
UserC,h23_mc06,Floor heating,0.0
UserC,h23_mc06,Induction stove,0.0
UserC,h23_mc06,Gas stove,0.0
UserC,h23_mc06,Gas National Grid,0.0
UserC,h24_mc06,PV sys,0.0
UserC,h24_mc06,National Grid EE,0.0
UserC,h24_mc06,Storage EE,1.200000000000001
UserC,h24_mc06,Gas Boiler,0.0
UserC,h24_mc06,HP,0.0
UserC,h24_mc06,AC,0.0
UserC,h24_mc06,Storage HW,0.0
UserC,h24_mc06,Radiators,0.0
UserC,h24_mc06,Floor heating,0.0
UserC,h24_mc06,Induction stove,0.0
UserC,h24_mc06,Gas stove,0.0
UserC,h24_mc06,Gas National Grid,0.0
UserC,h01_mc07,PV sys,0.0
UserC,h01_mc07,National Grid EE,0.0
UserC,h01_mc07,Storage EE,1.2000000000000002
UserC,h01_mc07,Gas Boiler,0.0
UserC,h01_mc07,HP,0.0
UserC,h01_mc07,AC,0.0
UserC,h01_mc07,Storage HW,0.0
UserC,h01_mc07,Radiators,0.0
UserC,h01_mc07,Floor heating,0.0
UserC,h01_mc07,Induction stove,0.0
UserC,h01_mc07,Gas stove,0.0
UserC,h01_mc07,Gas National Grid,0.0
UserC,h02_mc07,PV sys,0.0
UserC,h02_mc07,National Grid EE,0.0
UserC,h02_mc07,Storage EE,1.200000000000001
UserC,h02_mc07,Gas Boiler,0.0
UserC,h02_mc07,HP,0.0
UserC,h02_mc07,AC,0.0
UserC,h02_mc07,Storage HW,0.0
UserC,h02_mc07,Radiators,0.0
UserC,h02_mc07,Floor heating,0.0
UserC,h02_mc07,Induction stove,0.0
UserC,h02_mc07,Gas stove,0.0
UserC,h02_mc07,Gas National Grid,0.0
UserC,h03_mc07,PV sys,0.0
UserC,h03_mc07,National Grid EE,0.0
UserC,h03_mc07,Storage EE,1.200000000000001
UserC,h03_mc07,Gas Boiler,0.0
UserC,h03_mc07,HP,0.0
UserC,h03_mc07,AC,0.0
UserC,h03_mc07,Storage HW,0.0
UserC,h03_mc07,Radiators,0.0
UserC,h03_mc07,Floor heating,0.0
UserC,h03_mc07,Induction stove,0.0
UserC,h03_mc07,Gas stove,0.0
UserC,h03_mc07,Gas National Grid,0.0
UserC,h04_mc07,PV sys,0.0
UserC,h04_mc07,National Grid EE,0.0
UserC,h04_mc07,Storage EE,1.200000000000001
UserC,h04_mc07,Gas Boiler,0.0
UserC,h04_mc07,HP,0.0
UserC,h04_mc07,AC,0.0
UserC,h04_mc07,Storage HW,0.0
UserC,h04_mc07,Radiators,0.0
UserC,h04_mc07,Floor heating,0.0
UserC,h04_mc07,Induction stove,0.0
UserC,h04_mc07,Gas stove,0.0
UserC,h04_mc07,Gas National Grid,0.0
UserC,h05_mc07,PV sys,0.0
UserC,h05_mc07,National Grid EE,0.0
UserC,h05_mc07,Storage EE,1.200000000000001
UserC,h05_mc07,Gas Boiler,0.0
UserC,h05_mc07,HP,0.0
UserC,h05_mc07,AC,0.0
UserC,h05_mc07,Storage HW,0.0
UserC,h05_mc07,Radiators,0.0
UserC,h05_mc07,Floor heating,0.0
UserC,h05_mc07,Induction stove,0.0
UserC,h05_mc07,Gas stove,0.0
UserC,h05_mc07,Gas National Grid,0.0
UserC,h06_mc07,PV sys,0.0
UserC,h06_mc07,National Grid EE,0.0
UserC,h06_mc07,Storage EE,1.200000000000001
UserC,h06_mc07,Gas Boiler,0.0
UserC,h06_mc07,HP,0.0
UserC,h06_mc07,AC,0.0
UserC,h06_mc07,Storage HW,0.0
UserC,h06_mc07,Radiators,0.0
UserC,h06_mc07,Floor heating,0.0
UserC,h06_mc07,Induction stove,0.0
UserC,h06_mc07,Gas stove,0.0
UserC,h06_mc07,Gas National Grid,0.0
UserC,h07_mc07,PV sys,0.0
UserC,h07_mc07,National Grid EE,0.0
UserC,h07_mc07,Storage EE,1.2000000000000002
UserC,h07_mc07,Gas Boiler,0.0
UserC,h07_mc07,HP,0.0
UserC,h07_mc07,AC,0.0
UserC,h07_mc07,Storage HW,0.0
UserC,h07_mc07,Radiators,0.0
UserC,h07_mc07,Floor heating,0.0
UserC,h07_mc07,Induction stove,0.0
UserC,h07_mc07,Gas stove,0.0
UserC,h07_mc07,Gas National Grid,0.0
UserC,h08_mc07,PV sys,0.0
UserC,h08_mc07,National Grid EE,0.0
UserC,h08_mc07,Storage EE,1.2000000000000002
UserC,h08_mc07,Gas Boiler,0.0
UserC,h08_mc07,HP,0.0
UserC,h08_mc07,AC,0.0
UserC,h08_mc07,Storage HW,0.0
UserC,h08_mc07,Radiators,0.0
UserC,h08_mc07,Floor heating,0.0
UserC,h08_mc07,Induction stove,0.0
UserC,h08_mc07,Gas stove,0.0
UserC,h08_mc07,Gas National Grid,0.0
UserC,h09_mc07,PV sys,0.0
UserC,h09_mc07,National Grid EE,0.0
UserC,h09_mc07,Storage EE,1.2000000000000002
UserC,h09_mc07,Gas Boiler,0.0
UserC,h09_mc07,HP,0.0
UserC,h09_mc07,AC,0.0
UserC,h09_mc07,Storage HW,0.0
UserC,h09_mc07,Radiators,0.0
UserC,h09_mc07,Floor heating,0.0
UserC,h09_mc07,Induction stove,0.0
UserC,h09_mc07,Gas stove,0.0
UserC,h09_mc07,Gas National Grid,0.0
UserC,h10_mc07,PV sys,0.0
UserC,h10_mc07,National Grid EE,0.0
UserC,h10_mc07,Storage EE,1.2000000000000002
UserC,h10_mc07,Gas Boiler,0.0
UserC,h10_mc07,HP,0.0
UserC,h10_mc07,AC,0.0
UserC,h10_mc07,Storage HW,0.0
UserC,h10_mc07,Radiators,0.0
UserC,h10_mc07,Floor heating,0.0
UserC,h10_mc07,Induction stove,0.0
UserC,h10_mc07,Gas stove,0.0
UserC,h10_mc07,Gas National Grid,0.0
UserC,h11_mc07,PV sys,0.0
UserC,h11_mc07,National Grid EE,0.0
UserC,h11_mc07,Storage EE,2.200288746136403
UserC,h11_mc07,Gas Boiler,0.0
UserC,h11_mc07,HP,0.0
UserC,h11_mc07,AC,0.0
UserC,h11_mc07,Storage HW,0.0
UserC,h11_mc07,Radiators,0.0
UserC,h11_mc07,Floor heating,0.0
UserC,h11_mc07,Induction stove,0.0
UserC,h11_mc07,Gas stove,0.0
UserC,h11_mc07,Gas National Grid,0.0
UserC,h12_mc07,PV sys,0.0
UserC,h12_mc07,National Grid EE,0.0
UserC,h12_mc07,Storage EE,4.492268312657617
UserC,h12_mc07,Gas Boiler,0.0
UserC,h12_mc07,HP,0.0
UserC,h12_mc07,AC,0.0
UserC,h12_mc07,Storage HW,0.0
UserC,h12_mc07,Radiators,0.0
UserC,h12_mc07,Floor heating,0.0
UserC,h12_mc07,Induction stove,0.0
UserC,h12_mc07,Gas stove,0.0
UserC,h12_mc07,Gas National Grid,0.0
UserC,h13_mc07,PV sys,0.0
UserC,h13_mc07,National Grid EE,0.0
UserC,h13_mc07,Storage EE,7.255258463792584
UserC,h13_mc07,Gas Boiler,0.0
UserC,h13_mc07,HP,0.0
UserC,h13_mc07,AC,0.0
UserC,h13_mc07,Storage HW,0.0
UserC,h13_mc07,Radiators,0.0
UserC,h13_mc07,Floor heating,0.0
UserC,h13_mc07,Induction stove,0.0
UserC,h13_mc07,Gas stove,0.0
UserC,h13_mc07,Gas National Grid,0.0
UserC,h14_mc07,PV sys,0.0
UserC,h14_mc07,National Grid EE,0.0
UserC,h14_mc07,Storage EE,9.982020247693848
UserC,h14_mc07,Gas Boiler,0.0
UserC,h14_mc07,HP,0.0
UserC,h14_mc07,AC,0.0
UserC,h14_mc07,Storage HW,0.0
UserC,h14_mc07,Radiators,0.0
UserC,h14_mc07,Floor heating,0.0
UserC,h14_mc07,Induction stove,0.0
UserC,h14_mc07,Gas stove,0.0
UserC,h14_mc07,Gas National Grid,0.0
UserC,h15_mc07,PV sys,0.0
UserC,h15_mc07,National Grid EE,0.0
UserC,h15_mc07,Storage EE,10.444551417437658
UserC,h15_mc07,Gas Boiler,0.0
UserC,h15_mc07,HP,0.0
UserC,h15_mc07,AC,0.0
UserC,h15_mc07,Storage HW,0.0
UserC,h15_mc07,Radiators,0.0
UserC,h15_mc07,Floor heating,0.0
UserC,h15_mc07,Induction stove,0.0
UserC,h15_mc07,Gas stove,0.0
UserC,h15_mc07,Gas National Grid,0.0
UserC,h16_mc07,PV sys,0.0
UserC,h16_mc07,National Grid EE,0.0
UserC,h16_mc07,Storage EE,11.399999999999999
UserC,h16_mc07,Gas Boiler,0.0
UserC,h16_mc07,HP,0.0
UserC,h16_mc07,AC,0.0
UserC,h16_mc07,Storage HW,0.0
UserC,h16_mc07,Radiators,0.0
UserC,h16_mc07,Floor heating,0.0
UserC,h16_mc07,Induction stove,0.0
UserC,h16_mc07,Gas stove,0.0
UserC,h16_mc07,Gas National Grid,0.0
UserC,h17_mc07,PV sys,0.0
UserC,h17_mc07,National Grid EE,0.0
UserC,h17_mc07,Storage EE,11.399999999999999
UserC,h17_mc07,Gas Boiler,0.0
UserC,h17_mc07,HP,0.0
UserC,h17_mc07,AC,0.0
UserC,h17_mc07,Storage HW,0.0
UserC,h17_mc07,Radiators,0.0
UserC,h17_mc07,Floor heating,0.0
UserC,h17_mc07,Induction stove,0.0
UserC,h17_mc07,Gas stove,0.0
UserC,h17_mc07,Gas National Grid,0.0
UserC,h18_mc07,PV sys,0.0
UserC,h18_mc07,National Grid EE,0.0
UserC,h18_mc07,Storage EE,11.399999999999999
UserC,h18_mc07,Gas Boiler,0.0
UserC,h18_mc07,HP,0.0
UserC,h18_mc07,AC,0.0
UserC,h18_mc07,Storage HW,0.0
UserC,h18_mc07,Radiators,0.0
UserC,h18_mc07,Floor heating,0.0
UserC,h18_mc07,Induction stove,0.0
UserC,h18_mc07,Gas stove,0.0
UserC,h18_mc07,Gas National Grid,0.0
UserC,h19_mc07,PV sys,0.0
UserC,h19_mc07,National Grid EE,0.0
UserC,h19_mc07,Storage EE,11.399999999999999
UserC,h19_mc07,Gas Boiler,0.0
UserC,h19_mc07,HP,0.0
UserC,h19_mc07,AC,0.0
UserC,h19_mc07,Storage HW,0.0
UserC,h19_mc07,Radiators,0.0
UserC,h19_mc07,Floor heating,0.0
UserC,h19_mc07,Induction stove,0.0
UserC,h19_mc07,Gas stove,0.0
UserC,h19_mc07,Gas National Grid,0.0
UserC,h20_mc07,PV sys,0.0
UserC,h20_mc07,National Grid EE,0.0
UserC,h20_mc07,Storage EE,11.399999999999999
UserC,h20_mc07,Gas Boiler,0.0
UserC,h20_mc07,HP,0.0
UserC,h20_mc07,AC,0.0
UserC,h20_mc07,Storage HW,0.0
UserC,h20_mc07,Radiators,0.0
UserC,h20_mc07,Floor heating,0.0
UserC,h20_mc07,Induction stove,0.0
UserC,h20_mc07,Gas stove,0.0
UserC,h20_mc07,Gas National Grid,0.0
UserC,h21_mc07,PV sys,0.0
UserC,h21_mc07,National Grid EE,0.0
UserC,h21_mc07,Storage EE,11.399999999999999
UserC,h21_mc07,Gas Boiler,0.0
UserC,h21_mc07,HP,0.0
UserC,h21_mc07,AC,0.0
UserC,h21_mc07,Storage HW,0.0
UserC,h21_mc07,Radiators,0.0
UserC,h21_mc07,Floor heating,0.0
UserC,h21_mc07,Induction stove,0.0
UserC,h21_mc07,Gas stove,0.0
UserC,h21_mc07,Gas National Grid,0.0
UserC,h22_mc07,PV sys,0.0
UserC,h22_mc07,National Grid EE,0.0
UserC,h22_mc07,Storage EE,11.399999999999999
UserC,h22_mc07,Gas Boiler,0.0
UserC,h22_mc07,HP,0.0
UserC,h22_mc07,AC,0.0
UserC,h22_mc07,Storage HW,0.0
UserC,h22_mc07,Radiators,0.0
UserC,h22_mc07,Floor heating,0.0
UserC,h22_mc07,Induction stove,0.0
UserC,h22_mc07,Gas stove,0.0
UserC,h22_mc07,Gas National Grid,0.0
UserC,h23_mc07,PV sys,0.0
UserC,h23_mc07,National Grid EE,0.0
UserC,h23_mc07,Storage EE,11.399999999999999
UserC,h23_mc07,Gas Boiler,0.0
UserC,h23_mc07,HP,0.0
UserC,h23_mc07,AC,0.0
UserC,h23_mc07,Storage HW,0.0
UserC,h23_mc07,Radiators,0.0
UserC,h23_mc07,Floor heating,0.0
UserC,h23_mc07,Induction stove,0.0
UserC,h23_mc07,Gas stove,0.0
UserC,h23_mc07,Gas National Grid,0.0
UserC,h24_mc07,PV sys,0.0
UserC,h24_mc07,National Grid EE,0.0
UserC,h24_mc07,Storage EE,11.399999999999999
UserC,h24_mc07,Gas Boiler,0.0
UserC,h24_mc07,HP,0.0
UserC,h24_mc07,AC,0.0
UserC,h24_mc07,Storage HW,0.0
UserC,h24_mc07,Radiators,0.0
UserC,h24_mc07,Floor heating,0.0
UserC,h24_mc07,Induction stove,0.0
UserC,h24_mc07,Gas stove,0.0
UserC,h24_mc07,Gas National Grid,0.0
UserC,h01_mc08,PV sys,0.0
UserC,h01_mc08,National Grid EE,0.0
UserC,h01_mc08,Storage EE,10.92004914664808
UserC,h01_mc08,Gas Boiler,0.0
UserC,h01_mc08,HP,0.0
UserC,h01_mc08,AC,0.0
UserC,h01_mc08,Storage HW,0.0
UserC,h01_mc08,Radiators,0.0
UserC,h01_mc08,Floor heating,0.0
UserC,h01_mc08,Induction stove,0.0
UserC,h01_mc08,Gas stove,0.0
UserC,h01_mc08,Gas National Grid,0.0
UserC,h02_mc08,PV sys,0.0
UserC,h02_mc08,National Grid EE,0.0
UserC,h02_mc08,Storage EE,10.74369680259952
UserC,h02_mc08,Gas Boiler,0.0
UserC,h02_mc08,HP,0.0
UserC,h02_mc08,AC,0.0
UserC,h02_mc08,Storage HW,0.0
UserC,h02_mc08,Radiators,0.0
UserC,h02_mc08,Floor heating,0.0
UserC,h02_mc08,Induction stove,0.0
UserC,h02_mc08,Gas stove,0.0
UserC,h02_mc08,Gas National Grid,0.0
UserC,h03_mc08,PV sys,0.0
UserC,h03_mc08,National Grid EE,0.0
UserC,h03_mc08,Storage EE,10.635343046156262
UserC,h03_mc08,Gas Boiler,0.0
UserC,h03_mc08,HP,0.0
UserC,h03_mc08,AC,0.0
UserC,h03_mc08,Storage HW,0.0
UserC,h03_mc08,Radiators,0.0
UserC,h03_mc08,Floor heating,0.0
UserC,h03_mc08,Induction stove,0.0
UserC,h03_mc08,Gas stove,0.0
UserC,h03_mc08,Gas National Grid,0.0
UserC,h04_mc08,PV sys,0.0
UserC,h04_mc08,National Grid EE,0.0
UserC,h04_mc08,Storage EE,10.465889313373058
UserC,h04_mc08,Gas Boiler,0.0
UserC,h04_mc08,HP,0.0
UserC,h04_mc08,AC,0.0
UserC,h04_mc08,Storage HW,0.0
UserC,h04_mc08,Radiators,0.0
UserC,h04_mc08,Floor heating,0.0
UserC,h04_mc08,Induction stove,0.0
UserC,h04_mc08,Gas stove,0.0
UserC,h04_mc08,Gas National Grid,0.0
UserC,h05_mc08,PV sys,0.0
UserC,h05_mc08,National Grid EE,0.0
UserC,h05_mc08,Storage EE,10.296919154177893
UserC,h05_mc08,Gas Boiler,0.0
UserC,h05_mc08,HP,0.0
UserC,h05_mc08,AC,0.0
UserC,h05_mc08,Storage HW,0.0
UserC,h05_mc08,Radiators,0.0
UserC,h05_mc08,Floor heating,0.0
UserC,h05_mc08,Induction stove,0.0
UserC,h05_mc08,Gas stove,0.0
UserC,h05_mc08,Gas National Grid,0.0
UserC,h06_mc08,PV sys,0.0
UserC,h06_mc08,National Grid EE,0.0
UserC,h06_mc08,Storage EE,10.123338768653372
UserC,h06_mc08,Gas Boiler,0.0
UserC,h06_mc08,HP,0.0
UserC,h06_mc08,AC,0.0
UserC,h06_mc08,Storage HW,0.0
UserC,h06_mc08,Radiators,0.0
UserC,h06_mc08,Floor heating,0.0
UserC,h06_mc08,Induction stove,0.0
UserC,h06_mc08,Gas stove,0.0
UserC,h06_mc08,Gas National Grid,0.0
UserC,h07_mc08,PV sys,0.0
UserC,h07_mc08,National Grid EE,0.0
UserC,h07_mc08,Storage EE,9.927544097198439
UserC,h07_mc08,Gas Boiler,0.0
UserC,h07_mc08,HP,0.0
UserC,h07_mc08,AC,0.0
UserC,h07_mc08,Storage HW,0.0
UserC,h07_mc08,Radiators,0.0
UserC,h07_mc08,Floor heating,0.0
UserC,h07_mc08,Induction stove,0.0
UserC,h07_mc08,Gas stove,0.0
UserC,h07_mc08,Gas National Grid,0.0
UserC,h08_mc08,PV sys,0.0
UserC,h08_mc08,National Grid EE,0.0
UserC,h08_mc08,Storage EE,9.7478114109595
UserC,h08_mc08,Gas Boiler,0.0
UserC,h08_mc08,HP,0.0
UserC,h08_mc08,AC,0.0
UserC,h08_mc08,Storage HW,0.0
UserC,h08_mc08,Radiators,0.0
UserC,h08_mc08,Floor heating,0.0
UserC,h08_mc08,Induction stove,0.0
UserC,h08_mc08,Gas stove,0.0
UserC,h08_mc08,Gas National Grid,0.0
UserC,h09_mc08,PV sys,0.0
UserC,h09_mc08,National Grid EE,0.0
UserC,h09_mc08,Storage EE,9.724076740607579
UserC,h09_mc08,Gas Boiler,0.0
UserC,h09_mc08,HP,0.0
UserC,h09_mc08,AC,0.0
UserC,h09_mc08,Storage HW,0.0
UserC,h09_mc08,Radiators,0.0
UserC,h09_mc08,Floor heating,0.0
UserC,h09_mc08,Induction stove,0.0
UserC,h09_mc08,Gas stove,0.0
UserC,h09_mc08,Gas National Grid,0.0
UserC,h10_mc08,PV sys,0.0
UserC,h10_mc08,National Grid EE,0.0
UserC,h10_mc08,Storage EE,9.6838889403408
UserC,h10_mc08,Gas Boiler,0.0
UserC,h10_mc08,HP,0.0
UserC,h10_mc08,AC,0.0
UserC,h10_mc08,Storage HW,0.0
UserC,h10_mc08,Radiators,0.0
UserC,h10_mc08,Floor heating,0.0
UserC,h10_mc08,Induction stove,0.0
UserC,h10_mc08,Gas stove,0.0
UserC,h10_mc08,Gas National Grid,0.0
UserC,h11_mc08,PV sys,0.0
UserC,h11_mc08,National Grid EE,0.0
UserC,h11_mc08,Storage EE,9.785177065840259
UserC,h11_mc08,Gas Boiler,0.0
UserC,h11_mc08,HP,0.0
UserC,h11_mc08,AC,0.0
UserC,h11_mc08,Storage HW,0.0
UserC,h11_mc08,Radiators,0.0
UserC,h11_mc08,Floor heating,0.0
UserC,h11_mc08,Induction stove,0.0
UserC,h11_mc08,Gas stove,0.0
UserC,h11_mc08,Gas National Grid,0.0
UserC,h12_mc08,PV sys,0.0
UserC,h12_mc08,National Grid EE,0.0
UserC,h12_mc08,Storage EE,9.988793727537598
UserC,h12_mc08,Gas Boiler,0.0
UserC,h12_mc08,HP,0.0
UserC,h12_mc08,AC,0.0
UserC,h12_mc08,Storage HW,0.0
UserC,h12_mc08,Radiators,0.0
UserC,h12_mc08,Floor heating,0.0
UserC,h12_mc08,Induction stove,0.0
UserC,h12_mc08,Gas stove,0.0
UserC,h12_mc08,Gas National Grid,0.0
UserC,h13_mc08,PV sys,0.0
UserC,h13_mc08,National Grid EE,0.0
UserC,h13_mc08,Storage EE,9.220588181163912
UserC,h13_mc08,Gas Boiler,0.0
UserC,h13_mc08,HP,0.0
UserC,h13_mc08,AC,0.0
UserC,h13_mc08,Storage HW,0.0
UserC,h13_mc08,Radiators,0.0
UserC,h13_mc08,Floor heating,0.0
UserC,h13_mc08,Induction stove,0.0
UserC,h13_mc08,Gas stove,0.0
UserC,h13_mc08,Gas National Grid,0.0
UserC,h14_mc08,PV sys,0.0
UserC,h14_mc08,National Grid EE,0.0
UserC,h14_mc08,Storage EE,7.811148616350845
UserC,h14_mc08,Gas Boiler,0.0
UserC,h14_mc08,HP,0.0
UserC,h14_mc08,AC,0.0
UserC,h14_mc08,Storage HW,0.0
UserC,h14_mc08,Radiators,0.0
UserC,h14_mc08,Floor heating,0.0
UserC,h14_mc08,Induction stove,0.0
UserC,h14_mc08,Gas stove,0.0
UserC,h14_mc08,Gas National Grid,0.0
UserC,h15_mc08,PV sys,0.0
UserC,h15_mc08,National Grid EE,0.0
UserC,h15_mc08,Storage EE,7.814254870781962
UserC,h15_mc08,Gas Boiler,0.0
UserC,h15_mc08,HP,0.0
UserC,h15_mc08,AC,0.0
UserC,h15_mc08,Storage HW,0.0
UserC,h15_mc08,Radiators,0.0
UserC,h15_mc08,Floor heating,0.0
UserC,h15_mc08,Induction stove,0.0
UserC,h15_mc08,Gas stove,0.0
UserC,h15_mc08,Gas National Grid,0.0
UserC,h16_mc08,PV sys,0.0
UserC,h16_mc08,National Grid EE,0.0
UserC,h16_mc08,Storage EE,7.751085847463614
UserC,h16_mc08,Gas Boiler,0.0
UserC,h16_mc08,HP,0.0
UserC,h16_mc08,AC,0.0
UserC,h16_mc08,Storage HW,0.0
UserC,h16_mc08,Radiators,0.0
UserC,h16_mc08,Floor heating,0.0
UserC,h16_mc08,Induction stove,0.0
UserC,h16_mc08,Gas stove,0.0
UserC,h16_mc08,Gas National Grid,0.0
UserC,h17_mc08,PV sys,0.0
UserC,h17_mc08,National Grid EE,0.0
UserC,h17_mc08,Storage EE,7.477319808088321
UserC,h17_mc08,Gas Boiler,0.0
UserC,h17_mc08,HP,0.0
UserC,h17_mc08,AC,0.0
UserC,h17_mc08,Storage HW,0.0
UserC,h17_mc08,Radiators,0.0
UserC,h17_mc08,Floor heating,0.0
UserC,h17_mc08,Induction stove,0.0
UserC,h17_mc08,Gas stove,0.0
UserC,h17_mc08,Gas National Grid,0.0
UserC,h18_mc08,PV sys,0.0
UserC,h18_mc08,National Grid EE,0.0
UserC,h18_mc08,Storage EE,7.187455734084923
UserC,h18_mc08,Gas Boiler,0.0
UserC,h18_mc08,HP,0.0
UserC,h18_mc08,AC,0.0
UserC,h18_mc08,Storage HW,0.0
UserC,h18_mc08,Radiators,0.0
UserC,h18_mc08,Floor heating,0.0
UserC,h18_mc08,Induction stove,0.0
UserC,h18_mc08,Gas stove,0.0
UserC,h18_mc08,Gas National Grid,0.0
UserC,h19_mc08,PV sys,0.0
UserC,h19_mc08,National Grid EE,0.0
UserC,h19_mc08,Storage EE,6.846975698035557
UserC,h19_mc08,Gas Boiler,0.0
UserC,h19_mc08,HP,0.0
UserC,h19_mc08,AC,0.0
UserC,h19_mc08,Storage HW,0.0
UserC,h19_mc08,Radiators,0.0
UserC,h19_mc08,Floor heating,0.0
UserC,h19_mc08,Induction stove,0.0
UserC,h19_mc08,Gas stove,0.0
UserC,h19_mc08,Gas National Grid,0.0
UserC,h20_mc08,PV sys,0.0
UserC,h20_mc08,National Grid EE,0.0
UserC,h20_mc08,Storage EE,6.191856438236887
UserC,h20_mc08,Gas Boiler,0.0
UserC,h20_mc08,HP,0.0
UserC,h20_mc08,AC,0.0
UserC,h20_mc08,Storage HW,0.0
UserC,h20_mc08,Radiators,0.0
UserC,h20_mc08,Floor heating,0.0
UserC,h20_mc08,Induction stove,0.0
UserC,h20_mc08,Gas stove,0.0
UserC,h20_mc08,Gas National Grid,0.0
UserC,h21_mc08,PV sys,0.0
UserC,h21_mc08,National Grid EE,0.0
UserC,h21_mc08,Storage EE,5.593714510854101
UserC,h21_mc08,Gas Boiler,0.0
UserC,h21_mc08,HP,0.0
UserC,h21_mc08,AC,0.0
UserC,h21_mc08,Storage HW,0.0
UserC,h21_mc08,Radiators,0.0
UserC,h21_mc08,Floor heating,0.0
UserC,h21_mc08,Induction stove,0.0
UserC,h21_mc08,Gas stove,0.0
UserC,h21_mc08,Gas National Grid,0.0
UserC,h22_mc08,PV sys,0.0
UserC,h22_mc08,National Grid EE,0.0
UserC,h22_mc08,Storage EE,4.912104969374243
UserC,h22_mc08,Gas Boiler,0.0
UserC,h22_mc08,HP,0.0
UserC,h22_mc08,AC,0.0
UserC,h22_mc08,Storage HW,0.0
UserC,h22_mc08,Radiators,0.0
UserC,h22_mc08,Floor heating,0.0
UserC,h22_mc08,Induction stove,0.0
UserC,h22_mc08,Gas stove,0.0
UserC,h22_mc08,Gas National Grid,0.0
UserC,h23_mc08,PV sys,0.0
UserC,h23_mc08,National Grid EE,0.0
UserC,h23_mc08,Storage EE,2.9619040844776228
UserC,h23_mc08,Gas Boiler,0.0
UserC,h23_mc08,HP,0.0
UserC,h23_mc08,AC,0.0
UserC,h23_mc08,Storage HW,0.0
UserC,h23_mc08,Radiators,0.0
UserC,h23_mc08,Floor heating,0.0
UserC,h23_mc08,Induction stove,0.0
UserC,h23_mc08,Gas stove,0.0
UserC,h23_mc08,Gas National Grid,0.0
UserC,h24_mc08,PV sys,0.0
UserC,h24_mc08,National Grid EE,0.0
UserC,h24_mc08,Storage EE,1.2000000000000008
UserC,h24_mc08,Gas Boiler,0.0
UserC,h24_mc08,HP,0.0
UserC,h24_mc08,AC,0.0
UserC,h24_mc08,Storage HW,0.0
UserC,h24_mc08,Radiators,0.0
UserC,h24_mc08,Floor heating,0.0
UserC,h24_mc08,Induction stove,0.0
UserC,h24_mc08,Gas stove,0.0
UserC,h24_mc08,Gas National Grid,0.0
UserC,h01_mc09,PV sys,0.0
UserC,h01_mc09,National Grid EE,0.0
UserC,h01_mc09,Storage EE,1.2000000000000008
UserC,h01_mc09,Gas Boiler,0.0
UserC,h01_mc09,HP,0.0
UserC,h01_mc09,AC,0.0
UserC,h01_mc09,Storage HW,0.0
UserC,h01_mc09,Radiators,0.0
UserC,h01_mc09,Floor heating,0.0
UserC,h01_mc09,Induction stove,0.0
UserC,h01_mc09,Gas stove,0.0
UserC,h01_mc09,Gas National Grid,0.0
UserC,h02_mc09,PV sys,0.0
UserC,h02_mc09,National Grid EE,0.0
UserC,h02_mc09,Storage EE,1.2000000000000008
UserC,h02_mc09,Gas Boiler,0.0
UserC,h02_mc09,HP,0.0
UserC,h02_mc09,AC,0.0
UserC,h02_mc09,Storage HW,0.0
UserC,h02_mc09,Radiators,0.0
UserC,h02_mc09,Floor heating,0.0
UserC,h02_mc09,Induction stove,0.0
UserC,h02_mc09,Gas stove,0.0
UserC,h02_mc09,Gas National Grid,0.0
UserC,h03_mc09,PV sys,0.0
UserC,h03_mc09,National Grid EE,0.0
UserC,h03_mc09,Storage EE,1.2000000000000002
UserC,h03_mc09,Gas Boiler,0.0
UserC,h03_mc09,HP,0.0
UserC,h03_mc09,AC,0.0
UserC,h03_mc09,Storage HW,0.0
UserC,h03_mc09,Radiators,0.0
UserC,h03_mc09,Floor heating,0.0
UserC,h03_mc09,Induction stove,0.0
UserC,h03_mc09,Gas stove,0.0
UserC,h03_mc09,Gas National Grid,0.0
UserC,h04_mc09,PV sys,0.0
UserC,h04_mc09,National Grid EE,0.0
UserC,h04_mc09,Storage EE,1.2000000000000008
UserC,h04_mc09,Gas Boiler,0.0
UserC,h04_mc09,HP,0.0
UserC,h04_mc09,AC,0.0
UserC,h04_mc09,Storage HW,0.0
UserC,h04_mc09,Radiators,0.0
UserC,h04_mc09,Floor heating,0.0
UserC,h04_mc09,Induction stove,0.0
UserC,h04_mc09,Gas stove,0.0
UserC,h04_mc09,Gas National Grid,0.0
UserC,h05_mc09,PV sys,0.0
UserC,h05_mc09,National Grid EE,0.0
UserC,h05_mc09,Storage EE,1.2000000000000008
UserC,h05_mc09,Gas Boiler,0.0
UserC,h05_mc09,HP,0.0
UserC,h05_mc09,AC,0.0
UserC,h05_mc09,Storage HW,0.0
UserC,h05_mc09,Radiators,0.0
UserC,h05_mc09,Floor heating,0.0
UserC,h05_mc09,Induction stove,0.0
UserC,h05_mc09,Gas stove,0.0
UserC,h05_mc09,Gas National Grid,0.0
UserC,h06_mc09,PV sys,0.0
UserC,h06_mc09,National Grid EE,0.0
UserC,h06_mc09,Storage EE,1.2000000000000002
UserC,h06_mc09,Gas Boiler,0.0
UserC,h06_mc09,HP,0.0
UserC,h06_mc09,AC,0.0
UserC,h06_mc09,Storage HW,0.0
UserC,h06_mc09,Radiators,0.0
UserC,h06_mc09,Floor heating,0.0
UserC,h06_mc09,Induction stove,0.0
UserC,h06_mc09,Gas stove,0.0
UserC,h06_mc09,Gas National Grid,0.0
UserC,h07_mc09,PV sys,0.0
UserC,h07_mc09,National Grid EE,0.0
UserC,h07_mc09,Storage EE,1.2826696455010438
UserC,h07_mc09,Gas Boiler,0.0
UserC,h07_mc09,HP,0.0
UserC,h07_mc09,AC,0.0
UserC,h07_mc09,Storage HW,0.0
UserC,h07_mc09,Radiators,0.0
UserC,h07_mc09,Floor heating,0.0
UserC,h07_mc09,Induction stove,0.0
UserC,h07_mc09,Gas stove,0.0
UserC,h07_mc09,Gas National Grid,0.0
UserC,h08_mc09,PV sys,0.0
UserC,h08_mc09,National Grid EE,0.0
UserC,h08_mc09,Storage EE,1.2000000000000002
UserC,h08_mc09,Gas Boiler,0.0
UserC,h08_mc09,HP,0.0
UserC,h08_mc09,AC,0.0
UserC,h08_mc09,Storage HW,0.0
UserC,h08_mc09,Radiators,0.0
UserC,h08_mc09,Floor heating,0.0
UserC,h08_mc09,Induction stove,0.0
UserC,h08_mc09,Gas stove,0.0
UserC,h08_mc09,Gas National Grid,0.0
UserC,h09_mc09,PV sys,0.0
UserC,h09_mc09,National Grid EE,0.0
UserC,h09_mc09,Storage EE,2.076515295331377
UserC,h09_mc09,Gas Boiler,0.0
UserC,h09_mc09,HP,0.0
UserC,h09_mc09,AC,0.0
UserC,h09_mc09,Storage HW,0.0
UserC,h09_mc09,Radiators,0.0
UserC,h09_mc09,Floor heating,0.0
UserC,h09_mc09,Induction stove,0.0
UserC,h09_mc09,Gas stove,0.0
UserC,h09_mc09,Gas National Grid,0.0
UserC,h10_mc09,PV sys,0.0
UserC,h10_mc09,National Grid EE,0.0
UserC,h10_mc09,Storage EE,4.120866350951334
UserC,h10_mc09,Gas Boiler,0.0
UserC,h10_mc09,HP,0.0
UserC,h10_mc09,AC,0.0
UserC,h10_mc09,Storage HW,0.0
UserC,h10_mc09,Radiators,0.0
UserC,h10_mc09,Floor heating,0.0
UserC,h10_mc09,Induction stove,0.0
UserC,h10_mc09,Gas stove,0.0
UserC,h10_mc09,Gas National Grid,0.0
UserC,h11_mc09,PV sys,0.0
UserC,h11_mc09,National Grid EE,0.0
UserC,h11_mc09,Storage EE,3.7787702573994375
UserC,h11_mc09,Gas Boiler,0.0
UserC,h11_mc09,HP,0.0
UserC,h11_mc09,AC,0.0
UserC,h11_mc09,Storage HW,0.0
UserC,h11_mc09,Radiators,0.0
UserC,h11_mc09,Floor heating,0.0
UserC,h11_mc09,Induction stove,0.0
UserC,h11_mc09,Gas stove,0.0
UserC,h11_mc09,Gas National Grid,0.0
UserC,h12_mc09,PV sys,0.0
UserC,h12_mc09,National Grid EE,0.0
UserC,h12_mc09,Storage EE,6.575581307994452
UserC,h12_mc09,Gas Boiler,0.0
UserC,h12_mc09,HP,0.0
UserC,h12_mc09,AC,0.0
UserC,h12_mc09,Storage HW,0.0
UserC,h12_mc09,Radiators,0.0
UserC,h12_mc09,Floor heating,0.0
UserC,h12_mc09,Induction stove,0.0
UserC,h12_mc09,Gas stove,0.0
UserC,h12_mc09,Gas National Grid,0.0
UserC,h13_mc09,PV sys,0.0
UserC,h13_mc09,National Grid EE,0.0
UserC,h13_mc09,Storage EE,9.169222148707581
UserC,h13_mc09,Gas Boiler,0.0
UserC,h13_mc09,HP,0.0
UserC,h13_mc09,AC,0.0
UserC,h13_mc09,Storage HW,0.0
UserC,h13_mc09,Radiators,0.0
UserC,h13_mc09,Floor heating,0.0
UserC,h13_mc09,Induction stove,0.0
UserC,h13_mc09,Gas stove,0.0
UserC,h13_mc09,Gas National Grid,0.0
UserC,h14_mc09,PV sys,0.0
UserC,h14_mc09,National Grid EE,0.0
UserC,h14_mc09,Storage EE,11.399999999999999
UserC,h14_mc09,Gas Boiler,0.0
UserC,h14_mc09,HP,0.0
UserC,h14_mc09,AC,0.0
UserC,h14_mc09,Storage HW,0.0
UserC,h14_mc09,Radiators,0.0
UserC,h14_mc09,Floor heating,0.0
UserC,h14_mc09,Induction stove,0.0
UserC,h14_mc09,Gas stove,0.0
UserC,h14_mc09,Gas National Grid,0.0
UserC,h15_mc09,PV sys,0.0
UserC,h15_mc09,National Grid EE,0.0
UserC,h15_mc09,Storage EE,11.399999999999999
UserC,h15_mc09,Gas Boiler,0.0
UserC,h15_mc09,HP,0.0
UserC,h15_mc09,AC,0.0
UserC,h15_mc09,Storage HW,0.0
UserC,h15_mc09,Radiators,0.0
UserC,h15_mc09,Floor heating,0.0
UserC,h15_mc09,Induction stove,0.0
UserC,h15_mc09,Gas stove,0.0
UserC,h15_mc09,Gas National Grid,0.0
UserC,h16_mc09,PV sys,0.0
UserC,h16_mc09,National Grid EE,0.0
UserC,h16_mc09,Storage EE,11.399999999999999
UserC,h16_mc09,Gas Boiler,0.0
UserC,h16_mc09,HP,0.0
UserC,h16_mc09,AC,0.0
UserC,h16_mc09,Storage HW,0.0
UserC,h16_mc09,Radiators,0.0
UserC,h16_mc09,Floor heating,0.0
UserC,h16_mc09,Induction stove,0.0
UserC,h16_mc09,Gas stove,0.0
UserC,h16_mc09,Gas National Grid,0.0
UserC,h17_mc09,PV sys,0.0
UserC,h17_mc09,National Grid EE,0.0
UserC,h17_mc09,Storage EE,11.399999999999999
UserC,h17_mc09,Gas Boiler,0.0
UserC,h17_mc09,HP,0.0
UserC,h17_mc09,AC,0.0
UserC,h17_mc09,Storage HW,0.0
UserC,h17_mc09,Radiators,0.0
UserC,h17_mc09,Floor heating,0.0
UserC,h17_mc09,Induction stove,0.0
UserC,h17_mc09,Gas stove,0.0
UserC,h17_mc09,Gas National Grid,0.0
UserC,h18_mc09,PV sys,0.0
UserC,h18_mc09,National Grid EE,0.0
UserC,h18_mc09,Storage EE,10.939095395410313
UserC,h18_mc09,Gas Boiler,0.0
UserC,h18_mc09,HP,0.0
UserC,h18_mc09,AC,0.0
UserC,h18_mc09,Storage HW,0.0
UserC,h18_mc09,Radiators,0.0
UserC,h18_mc09,Floor heating,0.0
UserC,h18_mc09,Induction stove,0.0
UserC,h18_mc09,Gas stove,0.0
UserC,h18_mc09,Gas National Grid,0.0
UserC,h19_mc09,PV sys,0.0
UserC,h19_mc09,National Grid EE,0.0
UserC,h19_mc09,Storage EE,9.206002308027964
UserC,h19_mc09,Gas Boiler,0.0
UserC,h19_mc09,HP,0.0
UserC,h19_mc09,AC,0.0
UserC,h19_mc09,Storage HW,0.0
UserC,h19_mc09,Radiators,0.0
UserC,h19_mc09,Floor heating,0.0
UserC,h19_mc09,Induction stove,0.0
UserC,h19_mc09,Gas stove,0.0
UserC,h19_mc09,Gas National Grid,0.0
UserC,h20_mc09,PV sys,0.0
UserC,h20_mc09,National Grid EE,0.0
UserC,h20_mc09,Storage EE,7.074636283729545
UserC,h20_mc09,Gas Boiler,0.0
UserC,h20_mc09,HP,0.0
UserC,h20_mc09,AC,0.0
UserC,h20_mc09,Storage HW,0.0
UserC,h20_mc09,Radiators,0.0
UserC,h20_mc09,Floor heating,0.0
UserC,h20_mc09,Induction stove,0.0
UserC,h20_mc09,Gas stove,0.0
UserC,h20_mc09,Gas National Grid,0.0
UserC,h21_mc09,PV sys,0.0
UserC,h21_mc09,National Grid EE,0.0
UserC,h21_mc09,Storage EE,6.562794895578685
UserC,h21_mc09,Gas Boiler,0.0
UserC,h21_mc09,HP,0.0
UserC,h21_mc09,AC,0.0
UserC,h21_mc09,Storage HW,0.0
UserC,h21_mc09,Radiators,0.0
UserC,h21_mc09,Floor heating,0.0
UserC,h21_mc09,Induction stove,0.0
UserC,h21_mc09,Gas stove,0.0
UserC,h21_mc09,Gas National Grid,0.0
UserC,h22_mc09,PV sys,0.0
UserC,h22_mc09,National Grid EE,0.0
UserC,h22_mc09,Storage EE,5.413178623053868
UserC,h22_mc09,Gas Boiler,0.0
UserC,h22_mc09,HP,0.0
UserC,h22_mc09,AC,0.0
UserC,h22_mc09,Storage HW,0.0
UserC,h22_mc09,Radiators,0.0
UserC,h22_mc09,Floor heating,0.0
UserC,h22_mc09,Induction stove,0.0
UserC,h22_mc09,Gas stove,0.0
UserC,h22_mc09,Gas National Grid,0.0
UserC,h23_mc09,PV sys,0.0
UserC,h23_mc09,National Grid EE,0.0
UserC,h23_mc09,Storage EE,2.9934965845443844
UserC,h23_mc09,Gas Boiler,0.0
UserC,h23_mc09,HP,0.0
UserC,h23_mc09,AC,0.0
UserC,h23_mc09,Storage HW,0.0
UserC,h23_mc09,Radiators,0.0
UserC,h23_mc09,Floor heating,0.0
UserC,h23_mc09,Induction stove,0.0
UserC,h23_mc09,Gas stove,0.0
UserC,h23_mc09,Gas National Grid,0.0
UserC,h24_mc09,PV sys,0.0
UserC,h24_mc09,National Grid EE,0.0
UserC,h24_mc09,Storage EE,1.1999999999999988
UserC,h24_mc09,Gas Boiler,0.0
UserC,h24_mc09,HP,0.0
UserC,h24_mc09,AC,0.0
UserC,h24_mc09,Storage HW,0.0
UserC,h24_mc09,Radiators,0.0
UserC,h24_mc09,Floor heating,0.0
UserC,h24_mc09,Induction stove,0.0
UserC,h24_mc09,Gas stove,0.0
UserC,h24_mc09,Gas National Grid,0.0
UserC,h01_mc10,PV sys,0.0
UserC,h01_mc10,National Grid EE,0.0
UserC,h01_mc10,Storage EE,1.1999999999999988
UserC,h01_mc10,Gas Boiler,0.0
UserC,h01_mc10,HP,0.0
UserC,h01_mc10,AC,0.0
UserC,h01_mc10,Storage HW,0.0
UserC,h01_mc10,Radiators,0.0
UserC,h01_mc10,Floor heating,0.0
UserC,h01_mc10,Induction stove,0.0
UserC,h01_mc10,Gas stove,0.0
UserC,h01_mc10,Gas National Grid,0.0
UserC,h02_mc10,PV sys,0.0
UserC,h02_mc10,National Grid EE,0.0
UserC,h02_mc10,Storage EE,1.2000000000000002
UserC,h02_mc10,Gas Boiler,0.0
UserC,h02_mc10,HP,0.0
UserC,h02_mc10,AC,0.0
UserC,h02_mc10,Storage HW,0.0
UserC,h02_mc10,Radiators,0.0
UserC,h02_mc10,Floor heating,0.0
UserC,h02_mc10,Induction stove,0.0
UserC,h02_mc10,Gas stove,0.0
UserC,h02_mc10,Gas National Grid,0.0
UserC,h03_mc10,PV sys,0.0
UserC,h03_mc10,National Grid EE,0.0
UserC,h03_mc10,Storage EE,1.2000000000000002
UserC,h03_mc10,Gas Boiler,0.0
UserC,h03_mc10,HP,0.0
UserC,h03_mc10,AC,0.0
UserC,h03_mc10,Storage HW,0.0
UserC,h03_mc10,Radiators,0.0
UserC,h03_mc10,Floor heating,0.0
UserC,h03_mc10,Induction stove,0.0
UserC,h03_mc10,Gas stove,0.0
UserC,h03_mc10,Gas National Grid,0.0
UserC,h04_mc10,PV sys,0.0
UserC,h04_mc10,National Grid EE,0.0
UserC,h04_mc10,Storage EE,1.2000000000000002
UserC,h04_mc10,Gas Boiler,0.0
UserC,h04_mc10,HP,0.0
UserC,h04_mc10,AC,0.0
UserC,h04_mc10,Storage HW,0.0
UserC,h04_mc10,Radiators,0.0
UserC,h04_mc10,Floor heating,0.0
UserC,h04_mc10,Induction stove,0.0
UserC,h04_mc10,Gas stove,0.0
UserC,h04_mc10,Gas National Grid,0.0
UserC,h05_mc10,PV sys,0.0
UserC,h05_mc10,National Grid EE,0.0
UserC,h05_mc10,Storage EE,1.2000000000000002
UserC,h05_mc10,Gas Boiler,0.0
UserC,h05_mc10,HP,0.0
UserC,h05_mc10,AC,0.0
UserC,h05_mc10,Storage HW,0.0
UserC,h05_mc10,Radiators,0.0
UserC,h05_mc10,Floor heating,0.0
UserC,h05_mc10,Induction stove,0.0
UserC,h05_mc10,Gas stove,0.0
UserC,h05_mc10,Gas National Grid,0.0
UserC,h06_mc10,PV sys,0.0
UserC,h06_mc10,National Grid EE,0.0
UserC,h06_mc10,Storage EE,1.2000000000000002
UserC,h06_mc10,Gas Boiler,0.0
UserC,h06_mc10,HP,0.0
UserC,h06_mc10,AC,0.0
UserC,h06_mc10,Storage HW,0.0
UserC,h06_mc10,Radiators,0.0
UserC,h06_mc10,Floor heating,0.0
UserC,h06_mc10,Induction stove,0.0
UserC,h06_mc10,Gas stove,0.0
UserC,h06_mc10,Gas National Grid,0.0
UserC,h07_mc10,PV sys,0.0
UserC,h07_mc10,National Grid EE,0.0
UserC,h07_mc10,Storage EE,1.2000000000000002
UserC,h07_mc10,Gas Boiler,0.0
UserC,h07_mc10,HP,0.0
UserC,h07_mc10,AC,0.0
UserC,h07_mc10,Storage HW,0.0
UserC,h07_mc10,Radiators,0.0
UserC,h07_mc10,Floor heating,0.0
UserC,h07_mc10,Induction stove,0.0
UserC,h07_mc10,Gas stove,0.0
UserC,h07_mc10,Gas National Grid,0.0
UserC,h08_mc10,PV sys,0.0
UserC,h08_mc10,National Grid EE,0.0
UserC,h08_mc10,Storage EE,1.2000000000000002
UserC,h08_mc10,Gas Boiler,0.0
UserC,h08_mc10,HP,0.0
UserC,h08_mc10,AC,0.0
UserC,h08_mc10,Storage HW,0.0
UserC,h08_mc10,Radiators,0.0
UserC,h08_mc10,Floor heating,0.0
UserC,h08_mc10,Induction stove,0.0
UserC,h08_mc10,Gas stove,0.0
UserC,h08_mc10,Gas National Grid,0.0
UserC,h09_mc10,PV sys,0.0
UserC,h09_mc10,National Grid EE,0.0
UserC,h09_mc10,Storage EE,1.8234313872292194
UserC,h09_mc10,Gas Boiler,0.0
UserC,h09_mc10,HP,0.0
UserC,h09_mc10,AC,0.0
UserC,h09_mc10,Storage HW,0.0
UserC,h09_mc10,Radiators,0.0
UserC,h09_mc10,Floor heating,0.0
UserC,h09_mc10,Induction stove,0.0
UserC,h09_mc10,Gas stove,0.0
UserC,h09_mc10,Gas National Grid,0.0
UserC,h10_mc10,PV sys,0.0
UserC,h10_mc10,National Grid EE,0.0
UserC,h10_mc10,Storage EE,3.371944253597361
UserC,h10_mc10,Gas Boiler,0.0
UserC,h10_mc10,HP,0.0
UserC,h10_mc10,AC,0.0
UserC,h10_mc10,Storage HW,0.0
UserC,h10_mc10,Radiators,0.0
UserC,h10_mc10,Floor heating,0.0
UserC,h10_mc10,Induction stove,0.0
UserC,h10_mc10,Gas stove,0.0
UserC,h10_mc10,Gas National Grid,0.0
UserC,h11_mc10,PV sys,0.0
UserC,h11_mc10,National Grid EE,0.0
UserC,h11_mc10,Storage EE,5.704725280292884
UserC,h11_mc10,Gas Boiler,0.0
UserC,h11_mc10,HP,0.0
UserC,h11_mc10,AC,0.0
UserC,h11_mc10,Storage HW,0.0
UserC,h11_mc10,Radiators,0.0
UserC,h11_mc10,Floor heating,0.0
UserC,h11_mc10,Induction stove,0.0
UserC,h11_mc10,Gas stove,0.0
UserC,h11_mc10,Gas National Grid,0.0
UserC,h12_mc10,PV sys,0.0
UserC,h12_mc10,National Grid EE,0.0
UserC,h12_mc10,Storage EE,8.378296852403116
UserC,h12_mc10,Gas Boiler,0.0
UserC,h12_mc10,HP,0.0
UserC,h12_mc10,AC,0.0
UserC,h12_mc10,Storage HW,0.0
UserC,h12_mc10,Radiators,0.0
UserC,h12_mc10,Floor heating,0.0
UserC,h12_mc10,Induction stove,0.0
UserC,h12_mc10,Gas stove,0.0
UserC,h12_mc10,Gas National Grid,0.0
UserC,h13_mc10,PV sys,0.0
UserC,h13_mc10,National Grid EE,0.0
UserC,h13_mc10,Storage EE,8.138656804561354
UserC,h13_mc10,Gas Boiler,0.0
UserC,h13_mc10,HP,0.0
UserC,h13_mc10,AC,0.0
UserC,h13_mc10,Storage HW,0.0
UserC,h13_mc10,Radiators,0.0
UserC,h13_mc10,Floor heating,0.0
UserC,h13_mc10,Induction stove,0.0
UserC,h13_mc10,Gas stove,0.0
UserC,h13_mc10,Gas National Grid,0.0
UserC,h14_mc10,PV sys,0.0
UserC,h14_mc10,National Grid EE,0.0
UserC,h14_mc10,Storage EE,10.410753621941806
UserC,h14_mc10,Gas Boiler,0.0
UserC,h14_mc10,HP,0.0
UserC,h14_mc10,AC,0.0
UserC,h14_mc10,Storage HW,0.0
UserC,h14_mc10,Radiators,0.0
UserC,h14_mc10,Floor heating,0.0
UserC,h14_mc10,Induction stove,0.0
UserC,h14_mc10,Gas stove,0.0
UserC,h14_mc10,Gas National Grid,0.0
UserC,h15_mc10,PV sys,0.0
UserC,h15_mc10,National Grid EE,0.0
UserC,h15_mc10,Storage EE,10.656483924302028
UserC,h15_mc10,Gas Boiler,0.0
UserC,h15_mc10,HP,0.0
UserC,h15_mc10,AC,0.0
UserC,h15_mc10,Storage HW,0.0
UserC,h15_mc10,Radiators,0.0
UserC,h15_mc10,Floor heating,0.0
UserC,h15_mc10,Induction stove,0.0
UserC,h15_mc10,Gas stove,0.0
UserC,h15_mc10,Gas National Grid,0.0
UserC,h16_mc10,PV sys,0.0
UserC,h16_mc10,National Grid EE,0.0
UserC,h16_mc10,Storage EE,11.399999999999999
UserC,h16_mc10,Gas Boiler,0.0
UserC,h16_mc10,HP,0.0
UserC,h16_mc10,AC,0.0
UserC,h16_mc10,Storage HW,0.0
UserC,h16_mc10,Radiators,0.0
UserC,h16_mc10,Floor heating,0.0
UserC,h16_mc10,Induction stove,0.0
UserC,h16_mc10,Gas stove,0.0
UserC,h16_mc10,Gas National Grid,0.0
UserC,h17_mc10,PV sys,0.0
UserC,h17_mc10,National Grid EE,0.0
UserC,h17_mc10,Storage EE,11.399999999999999
UserC,h17_mc10,Gas Boiler,0.0
UserC,h17_mc10,HP,0.0
UserC,h17_mc10,AC,0.0
UserC,h17_mc10,Storage HW,0.0
UserC,h17_mc10,Radiators,0.0
UserC,h17_mc10,Floor heating,0.0
UserC,h17_mc10,Induction stove,0.0
UserC,h17_mc10,Gas stove,0.0
UserC,h17_mc10,Gas National Grid,0.0
UserC,h18_mc10,PV sys,0.0
UserC,h18_mc10,National Grid EE,0.0
UserC,h18_mc10,Storage EE,11.399999999999999
UserC,h18_mc10,Gas Boiler,0.0
UserC,h18_mc10,HP,0.0
UserC,h18_mc10,AC,0.0
UserC,h18_mc10,Storage HW,0.0
UserC,h18_mc10,Radiators,0.0
UserC,h18_mc10,Floor heating,0.0
UserC,h18_mc10,Induction stove,0.0
UserC,h18_mc10,Gas stove,0.0
UserC,h18_mc10,Gas National Grid,0.0
UserC,h19_mc10,PV sys,0.0
UserC,h19_mc10,National Grid EE,0.0
UserC,h19_mc10,Storage EE,11.4
UserC,h19_mc10,Gas Boiler,0.0
UserC,h19_mc10,HP,0.0
UserC,h19_mc10,AC,0.0
UserC,h19_mc10,Storage HW,0.0
UserC,h19_mc10,Radiators,0.0
UserC,h19_mc10,Floor heating,0.0
UserC,h19_mc10,Induction stove,0.0
UserC,h19_mc10,Gas stove,0.0
UserC,h19_mc10,Gas National Grid,0.0
UserC,h20_mc10,PV sys,0.0
UserC,h20_mc10,National Grid EE,0.0
UserC,h20_mc10,Storage EE,11.4
UserC,h20_mc10,Gas Boiler,0.0
UserC,h20_mc10,HP,0.0
UserC,h20_mc10,AC,0.0
UserC,h20_mc10,Storage HW,0.0
UserC,h20_mc10,Radiators,0.0
UserC,h20_mc10,Floor heating,0.0
UserC,h20_mc10,Induction stove,0.0
UserC,h20_mc10,Gas stove,0.0
UserC,h20_mc10,Gas National Grid,0.0
UserC,h21_mc10,PV sys,0.0
UserC,h21_mc10,National Grid EE,0.0
UserC,h21_mc10,Storage EE,11.399999999999999
UserC,h21_mc10,Gas Boiler,0.0
UserC,h21_mc10,HP,0.0
UserC,h21_mc10,AC,0.0
UserC,h21_mc10,Storage HW,0.0
UserC,h21_mc10,Radiators,0.0
UserC,h21_mc10,Floor heating,0.0
UserC,h21_mc10,Induction stove,0.0
UserC,h21_mc10,Gas stove,0.0
UserC,h21_mc10,Gas National Grid,0.0
UserC,h22_mc10,PV sys,0.0
UserC,h22_mc10,National Grid EE,0.0
UserC,h22_mc10,Storage EE,11.399999999999999
UserC,h22_mc10,Gas Boiler,0.0
UserC,h22_mc10,HP,0.0
UserC,h22_mc10,AC,0.0
UserC,h22_mc10,Storage HW,0.0
UserC,h22_mc10,Radiators,0.0
UserC,h22_mc10,Floor heating,0.0
UserC,h22_mc10,Induction stove,0.0
UserC,h22_mc10,Gas stove,0.0
UserC,h22_mc10,Gas National Grid,0.0
UserC,h23_mc10,PV sys,0.0
UserC,h23_mc10,National Grid EE,0.0
UserC,h23_mc10,Storage EE,11.399999999999999
UserC,h23_mc10,Gas Boiler,0.0
UserC,h23_mc10,HP,0.0
UserC,h23_mc10,AC,0.0
UserC,h23_mc10,Storage HW,0.0
UserC,h23_mc10,Radiators,0.0
UserC,h23_mc10,Floor heating,0.0
UserC,h23_mc10,Induction stove,0.0
UserC,h23_mc10,Gas stove,0.0
UserC,h23_mc10,Gas National Grid,0.0
UserC,h24_mc10,PV sys,0.0
UserC,h24_mc10,National Grid EE,0.0
UserC,h24_mc10,Storage EE,11.399999999999999
UserC,h24_mc10,Gas Boiler,0.0
UserC,h24_mc10,HP,0.0
UserC,h24_mc10,AC,0.0
UserC,h24_mc10,Storage HW,0.0
UserC,h24_mc10,Radiators,0.0
UserC,h24_mc10,Floor heating,0.0
UserC,h24_mc10,Induction stove,0.0
UserC,h24_mc10,Gas stove,0.0
UserC,h24_mc10,Gas National Grid,0.0
UserC,h01_mc11,PV sys,0.0
UserC,h01_mc11,National Grid EE,0.0
UserC,h01_mc11,Storage EE,11.223339799752996
UserC,h01_mc11,Gas Boiler,0.0
UserC,h01_mc11,HP,0.0
UserC,h01_mc11,AC,0.0
UserC,h01_mc11,Storage HW,0.0
UserC,h01_mc11,Radiators,0.0
UserC,h01_mc11,Floor heating,0.0
UserC,h01_mc11,Induction stove,0.0
UserC,h01_mc11,Gas stove,0.0
UserC,h01_mc11,Gas National Grid,0.0
UserC,h02_mc11,PV sys,0.0
UserC,h02_mc11,National Grid EE,0.0
UserC,h02_mc11,Storage EE,11.115686824971377
UserC,h02_mc11,Gas Boiler,0.0
UserC,h02_mc11,HP,0.0
UserC,h02_mc11,AC,0.0
UserC,h02_mc11,Storage HW,0.0
UserC,h02_mc11,Radiators,0.0
UserC,h02_mc11,Floor heating,0.0
UserC,h02_mc11,Induction stove,0.0
UserC,h02_mc11,Gas stove,0.0
UserC,h02_mc11,Gas National Grid,0.0
UserC,h03_mc11,PV sys,0.0
UserC,h03_mc11,National Grid EE,0.0
UserC,h03_mc11,Storage EE,10.980357075184106
UserC,h03_mc11,Gas Boiler,0.0
UserC,h03_mc11,HP,0.0
UserC,h03_mc11,AC,0.0
UserC,h03_mc11,Storage HW,0.0
UserC,h03_mc11,Radiators,0.0
UserC,h03_mc11,Floor heating,0.0
UserC,h03_mc11,Induction stove,0.0
UserC,h03_mc11,Gas stove,0.0
UserC,h03_mc11,Gas National Grid,0.0
UserC,h04_mc11,PV sys,0.0
UserC,h04_mc11,National Grid EE,0.0
UserC,h04_mc11,Storage EE,9.233683503025635
UserC,h04_mc11,Gas Boiler,0.0
UserC,h04_mc11,HP,0.0
UserC,h04_mc11,AC,0.0
UserC,h04_mc11,Storage HW,0.0
UserC,h04_mc11,Radiators,0.0
UserC,h04_mc11,Floor heating,0.0
UserC,h04_mc11,Induction stove,0.0
UserC,h04_mc11,Gas stove,0.0
UserC,h04_mc11,Gas National Grid,0.0
UserC,h05_mc11,PV sys,0.0
UserC,h05_mc11,National Grid EE,0.0
UserC,h05_mc11,Storage EE,7.521134298036097
UserC,h05_mc11,Gas Boiler,0.0
UserC,h05_mc11,HP,0.0
UserC,h05_mc11,AC,0.0
UserC,h05_mc11,Storage HW,0.0
UserC,h05_mc11,Radiators,0.0
UserC,h05_mc11,Floor heating,0.0
UserC,h05_mc11,Induction stove,0.0
UserC,h05_mc11,Gas stove,0.0
UserC,h05_mc11,Gas National Grid,0.0
UserC,h06_mc11,PV sys,0.0
UserC,h06_mc11,National Grid EE,0.0
UserC,h06_mc11,Storage EE,7.315685258870466
UserC,h06_mc11,Gas Boiler,0.0
UserC,h06_mc11,HP,0.0
UserC,h06_mc11,AC,0.0
UserC,h06_mc11,Storage HW,0.0
UserC,h06_mc11,Radiators,0.0
UserC,h06_mc11,Floor heating,0.0
UserC,h06_mc11,Induction stove,0.0
UserC,h06_mc11,Gas stove,0.0
UserC,h06_mc11,Gas National Grid,0.0
UserC,h07_mc11,PV sys,0.0
UserC,h07_mc11,National Grid EE,0.0
UserC,h07_mc11,Storage EE,7.110236086079443
UserC,h07_mc11,Gas Boiler,0.0
UserC,h07_mc11,HP,0.0
UserC,h07_mc11,AC,0.0
UserC,h07_mc11,Storage HW,0.0
UserC,h07_mc11,Radiators,0.0
UserC,h07_mc11,Floor heating,0.0
UserC,h07_mc11,Induction stove,0.0
UserC,h07_mc11,Gas stove,0.0
UserC,h07_mc11,Gas National Grid,0.0
UserC,h08_mc11,PV sys,0.0
UserC,h08_mc11,National Grid EE,0.0
UserC,h08_mc11,Storage EE,7.067552373912591
UserC,h08_mc11,Gas Boiler,0.0
UserC,h08_mc11,HP,0.0
UserC,h08_mc11,AC,0.0
UserC,h08_mc11,Storage HW,0.0
UserC,h08_mc11,Radiators,0.0
UserC,h08_mc11,Floor heating,0.0
UserC,h08_mc11,Induction stove,0.0
UserC,h08_mc11,Gas stove,0.0
UserC,h08_mc11,Gas National Grid,0.0
UserC,h09_mc11,PV sys,0.0
UserC,h09_mc11,National Grid EE,0.0
UserC,h09_mc11,Storage EE,5.806332569351335
UserC,h09_mc11,Gas Boiler,0.0
UserC,h09_mc11,HP,0.0
UserC,h09_mc11,AC,0.0
UserC,h09_mc11,Storage HW,0.0
UserC,h09_mc11,Radiators,0.0
UserC,h09_mc11,Floor heating,0.0
UserC,h09_mc11,Induction stove,0.0
UserC,h09_mc11,Gas stove,0.0
UserC,h09_mc11,Gas National Grid,0.0
UserC,h10_mc11,PV sys,0.0
UserC,h10_mc11,National Grid EE,0.0
UserC,h10_mc11,Storage EE,5.4655708371075455
UserC,h10_mc11,Gas Boiler,0.0
UserC,h10_mc11,HP,0.0
UserC,h10_mc11,AC,0.0
UserC,h10_mc11,Storage HW,0.0
UserC,h10_mc11,Radiators,0.0
UserC,h10_mc11,Floor heating,0.0
UserC,h10_mc11,Induction stove,0.0
UserC,h10_mc11,Gas stove,0.0
UserC,h10_mc11,Gas National Grid,0.0
UserC,h11_mc11,PV sys,0.0
UserC,h11_mc11,National Grid EE,0.0
UserC,h11_mc11,Storage EE,5.617302364098122
UserC,h11_mc11,Gas Boiler,0.0
UserC,h11_mc11,HP,0.0
UserC,h11_mc11,AC,0.0
UserC,h11_mc11,Storage HW,0.0
UserC,h11_mc11,Radiators,0.0
UserC,h11_mc11,Floor heating,0.0
UserC,h11_mc11,Induction stove,0.0
UserC,h11_mc11,Gas stove,0.0
UserC,h11_mc11,Gas National Grid,0.0
UserC,h12_mc11,PV sys,0.0
UserC,h12_mc11,National Grid EE,0.0
UserC,h12_mc11,Storage EE,5.769056773196055
UserC,h12_mc11,Gas Boiler,0.0
UserC,h12_mc11,HP,0.0
UserC,h12_mc11,AC,0.0
UserC,h12_mc11,Storage HW,0.0
UserC,h12_mc11,Radiators,0.0
UserC,h12_mc11,Floor heating,0.0
UserC,h12_mc11,Induction stove,0.0
UserC,h12_mc11,Gas stove,0.0
UserC,h12_mc11,Gas National Grid,0.0
UserC,h13_mc11,PV sys,0.0
UserC,h13_mc11,National Grid EE,0.0
UserC,h13_mc11,Storage EE,5.346665518669767
UserC,h13_mc11,Gas Boiler,0.0
UserC,h13_mc11,HP,0.0
UserC,h13_mc11,AC,0.0
UserC,h13_mc11,Storage HW,0.0
UserC,h13_mc11,Radiators,0.0
UserC,h13_mc11,Floor heating,0.0
UserC,h13_mc11,Induction stove,0.0
UserC,h13_mc11,Gas stove,0.0
UserC,h13_mc11,Gas National Grid,0.0
UserC,h14_mc11,PV sys,0.0
UserC,h14_mc11,National Grid EE,0.0
UserC,h14_mc11,Storage EE,5.147371956363972
UserC,h14_mc11,Gas Boiler,0.0
UserC,h14_mc11,HP,0.0
UserC,h14_mc11,AC,0.0
UserC,h14_mc11,Storage HW,0.0
UserC,h14_mc11,Radiators,0.0
UserC,h14_mc11,Floor heating,0.0
UserC,h14_mc11,Induction stove,0.0
UserC,h14_mc11,Gas stove,0.0
UserC,h14_mc11,Gas National Grid,0.0
UserC,h15_mc11,PV sys,0.0
UserC,h15_mc11,National Grid EE,0.0
UserC,h15_mc11,Storage EE,5.21395053892631
UserC,h15_mc11,Gas Boiler,0.0
UserC,h15_mc11,HP,0.0
UserC,h15_mc11,AC,0.0
UserC,h15_mc11,Storage HW,0.0
UserC,h15_mc11,Radiators,0.0
UserC,h15_mc11,Floor heating,0.0
UserC,h15_mc11,Induction stove,0.0
UserC,h15_mc11,Gas stove,0.0
UserC,h15_mc11,Gas National Grid,0.0
UserC,h16_mc11,PV sys,0.0
UserC,h16_mc11,National Grid EE,0.0
UserC,h16_mc11,Storage EE,5.20606912148865
UserC,h16_mc11,Gas Boiler,0.0
UserC,h16_mc11,HP,0.0
UserC,h16_mc11,AC,0.0
UserC,h16_mc11,Storage HW,0.0
UserC,h16_mc11,Radiators,0.0
UserC,h16_mc11,Floor heating,0.0
UserC,h16_mc11,Induction stove,0.0
UserC,h16_mc11,Gas stove,0.0
UserC,h16_mc11,Gas National Grid,0.0
UserC,h17_mc11,PV sys,0.0
UserC,h17_mc11,National Grid EE,0.0
UserC,h17_mc11,Storage EE,4.9354777040652476
UserC,h17_mc11,Gas Boiler,0.0
UserC,h17_mc11,HP,0.0
UserC,h17_mc11,AC,0.0
UserC,h17_mc11,Storage HW,0.0
UserC,h17_mc11,Radiators,0.0
UserC,h17_mc11,Floor heating,0.0
UserC,h17_mc11,Induction stove,0.0
UserC,h17_mc11,Gas stove,0.0
UserC,h17_mc11,Gas National Grid,0.0
UserC,h18_mc11,PV sys,0.0
UserC,h18_mc11,National Grid EE,0.0
UserC,h18_mc11,Storage EE,4.664886286627587
UserC,h18_mc11,Gas Boiler,0.0
UserC,h18_mc11,HP,0.0
UserC,h18_mc11,AC,0.0
UserC,h18_mc11,Storage HW,0.0
UserC,h18_mc11,Radiators,0.0
UserC,h18_mc11,Floor heating,0.0
UserC,h18_mc11,Induction stove,0.0
UserC,h18_mc11,Gas stove,0.0
UserC,h18_mc11,Gas National Grid,0.0
UserC,h19_mc11,PV sys,0.0
UserC,h19_mc11,National Grid EE,0.0
UserC,h19_mc11,Storage EE,4.395161546709776
UserC,h19_mc11,Gas Boiler,0.0
UserC,h19_mc11,HP,0.0
UserC,h19_mc11,AC,0.0
UserC,h19_mc11,Storage HW,0.0
UserC,h19_mc11,Radiators,0.0
UserC,h19_mc11,Floor heating,0.0
UserC,h19_mc11,Induction stove,0.0
UserC,h19_mc11,Gas stove,0.0
UserC,h19_mc11,Gas National Grid,0.0
UserC,h20_mc11,PV sys,0.0
UserC,h20_mc11,National Grid EE,0.0
UserC,h20_mc11,Storage EE,3.7171009452264796
UserC,h20_mc11,Gas Boiler,0.0
UserC,h20_mc11,HP,0.0
UserC,h20_mc11,AC,0.0
UserC,h20_mc11,Storage HW,0.0
UserC,h20_mc11,Radiators,0.0
UserC,h20_mc11,Floor heating,0.0
UserC,h20_mc11,Induction stove,0.0
UserC,h20_mc11,Gas stove,0.0
UserC,h20_mc11,Gas National Grid,0.0
UserC,h21_mc11,PV sys,0.0
UserC,h21_mc11,National Grid EE,0.0
UserC,h21_mc11,Storage EE,2.9986715117774887
UserC,h21_mc11,Gas Boiler,0.0
UserC,h21_mc11,HP,0.0
UserC,h21_mc11,AC,0.0
UserC,h21_mc11,Storage HW,0.0
UserC,h21_mc11,Radiators,0.0
UserC,h21_mc11,Floor heating,0.0
UserC,h21_mc11,Induction stove,0.0
UserC,h21_mc11,Gas stove,0.0
UserC,h21_mc11,Gas National Grid,0.0
UserC,h22_mc11,PV sys,0.0
UserC,h22_mc11,National Grid EE,0.0
UserC,h22_mc11,Storage EE,1.9710443811745706
UserC,h22_mc11,Gas Boiler,0.0
UserC,h22_mc11,HP,0.0
UserC,h22_mc11,AC,0.0
UserC,h22_mc11,Storage HW,0.0
UserC,h22_mc11,Radiators,0.0
UserC,h22_mc11,Floor heating,0.0
UserC,h22_mc11,Induction stove,0.0
UserC,h22_mc11,Gas stove,0.0
UserC,h22_mc11,Gas National Grid,0.0
UserC,h23_mc11,PV sys,0.0
UserC,h23_mc11,National Grid EE,0.0
UserC,h23_mc11,Storage EE,1.3945557636392438
UserC,h23_mc11,Gas Boiler,0.0
UserC,h23_mc11,HP,0.0
UserC,h23_mc11,AC,0.0
UserC,h23_mc11,Storage HW,0.0
UserC,h23_mc11,Radiators,0.0
UserC,h23_mc11,Floor heating,0.0
UserC,h23_mc11,Induction stove,0.0
UserC,h23_mc11,Gas stove,0.0
UserC,h23_mc11,Gas National Grid,0.0
UserC,h24_mc11,PV sys,0.0
UserC,h24_mc11,National Grid EE,0.0
UserC,h24_mc11,Storage EE,1.2000000000000002
UserC,h24_mc11,Gas Boiler,0.0
UserC,h24_mc11,HP,0.0
UserC,h24_mc11,AC,0.0
UserC,h24_mc11,Storage HW,0.0
UserC,h24_mc11,Radiators,0.0
UserC,h24_mc11,Floor heating,0.0
UserC,h24_mc11,Induction stove,0.0
UserC,h24_mc11,Gas stove,0.0
UserC,h24_mc11,Gas National Grid,0.0
UserC,h01_mc12,PV sys,0.0
UserC,h01_mc12,National Grid EE,0.0
UserC,h01_mc12,Storage EE,1.2000000000000002
UserC,h01_mc12,Gas Boiler,0.0
UserC,h01_mc12,HP,0.0
UserC,h01_mc12,AC,0.0
UserC,h01_mc12,Storage HW,0.0
UserC,h01_mc12,Radiators,0.0
UserC,h01_mc12,Floor heating,0.0
UserC,h01_mc12,Induction stove,0.0
UserC,h01_mc12,Gas stove,0.0
UserC,h01_mc12,Gas National Grid,0.0
UserC,h02_mc12,PV sys,0.0
UserC,h02_mc12,National Grid EE,0.0
UserC,h02_mc12,Storage EE,1.2000000000000002
UserC,h02_mc12,Gas Boiler,0.0
UserC,h02_mc12,HP,0.0
UserC,h02_mc12,AC,0.0
UserC,h02_mc12,Storage HW,0.0
UserC,h02_mc12,Radiators,0.0
UserC,h02_mc12,Floor heating,0.0
UserC,h02_mc12,Induction stove,0.0
UserC,h02_mc12,Gas stove,0.0
UserC,h02_mc12,Gas National Grid,0.0
UserC,h03_mc12,PV sys,0.0
UserC,h03_mc12,National Grid EE,0.0
UserC,h03_mc12,Storage EE,1.2000000000000002
UserC,h03_mc12,Gas Boiler,0.0
UserC,h03_mc12,HP,0.0
UserC,h03_mc12,AC,0.0
UserC,h03_mc12,Storage HW,0.0
UserC,h03_mc12,Radiators,0.0
UserC,h03_mc12,Floor heating,0.0
UserC,h03_mc12,Induction stove,0.0
UserC,h03_mc12,Gas stove,0.0
UserC,h03_mc12,Gas National Grid,0.0
UserC,h04_mc12,PV sys,0.0
UserC,h04_mc12,National Grid EE,0.0
UserC,h04_mc12,Storage EE,1.2000000000000002
UserC,h04_mc12,Gas Boiler,0.0
UserC,h04_mc12,HP,0.0
UserC,h04_mc12,AC,0.0
UserC,h04_mc12,Storage HW,0.0
UserC,h04_mc12,Radiators,0.0
UserC,h04_mc12,Floor heating,0.0
UserC,h04_mc12,Induction stove,0.0
UserC,h04_mc12,Gas stove,0.0
UserC,h04_mc12,Gas National Grid,0.0
UserC,h05_mc12,PV sys,0.0
UserC,h05_mc12,National Grid EE,0.0
UserC,h05_mc12,Storage EE,1.2000000000000002
UserC,h05_mc12,Gas Boiler,0.0
UserC,h05_mc12,HP,0.0
UserC,h05_mc12,AC,0.0
UserC,h05_mc12,Storage HW,0.0
UserC,h05_mc12,Radiators,0.0
UserC,h05_mc12,Floor heating,0.0
UserC,h05_mc12,Induction stove,0.0
UserC,h05_mc12,Gas stove,0.0
UserC,h05_mc12,Gas National Grid,0.0
UserC,h06_mc12,PV sys,0.0
UserC,h06_mc12,National Grid EE,0.0
UserC,h06_mc12,Storage EE,1.2000000000000002
UserC,h06_mc12,Gas Boiler,0.0
UserC,h06_mc12,HP,0.0
UserC,h06_mc12,AC,0.0
UserC,h06_mc12,Storage HW,0.0
UserC,h06_mc12,Radiators,0.0
UserC,h06_mc12,Floor heating,0.0
UserC,h06_mc12,Induction stove,0.0
UserC,h06_mc12,Gas stove,0.0
UserC,h06_mc12,Gas National Grid,0.0
UserC,h07_mc12,PV sys,0.0
UserC,h07_mc12,National Grid EE,0.0
UserC,h07_mc12,Storage EE,1.2000000000000002
UserC,h07_mc12,Gas Boiler,0.0
UserC,h07_mc12,HP,0.0
UserC,h07_mc12,AC,0.0
UserC,h07_mc12,Storage HW,0.0
UserC,h07_mc12,Radiators,0.0
UserC,h07_mc12,Floor heating,0.0
UserC,h07_mc12,Induction stove,0.0
UserC,h07_mc12,Gas stove,0.0
UserC,h07_mc12,Gas National Grid,0.0
UserC,h08_mc12,PV sys,0.0
UserC,h08_mc12,National Grid EE,0.0
UserC,h08_mc12,Storage EE,1.2000000000000002
UserC,h08_mc12,Gas Boiler,0.0
UserC,h08_mc12,HP,0.0
UserC,h08_mc12,AC,0.0
UserC,h08_mc12,Storage HW,0.0
UserC,h08_mc12,Radiators,0.0
UserC,h08_mc12,Floor heating,0.0
UserC,h08_mc12,Induction stove,0.0
UserC,h08_mc12,Gas stove,0.0
UserC,h08_mc12,Gas National Grid,0.0
UserC,h09_mc12,PV sys,0.0
UserC,h09_mc12,National Grid EE,0.0
UserC,h09_mc12,Storage EE,1.7375776913189025
UserC,h09_mc12,Gas Boiler,0.0
UserC,h09_mc12,HP,0.0
UserC,h09_mc12,AC,0.0
UserC,h09_mc12,Storage HW,0.0
UserC,h09_mc12,Radiators,0.0
UserC,h09_mc12,Floor heating,0.0
UserC,h09_mc12,Induction stove,0.0
UserC,h09_mc12,Gas stove,0.0
UserC,h09_mc12,Gas National Grid,0.0
UserC,h10_mc12,PV sys,0.0
UserC,h10_mc12,National Grid EE,0.0
UserC,h10_mc12,Storage EE,3.4105299048938407
UserC,h10_mc12,Gas Boiler,0.0
UserC,h10_mc12,HP,0.0
UserC,h10_mc12,AC,0.0
UserC,h10_mc12,Storage HW,0.0
UserC,h10_mc12,Radiators,0.0
UserC,h10_mc12,Floor heating,0.0
UserC,h10_mc12,Induction stove,0.0
UserC,h10_mc12,Gas stove,0.0
UserC,h10_mc12,Gas National Grid,0.0
UserC,h11_mc12,PV sys,0.0
UserC,h11_mc12,National Grid EE,0.0
UserC,h11_mc12,Storage EE,2.411086305687665
UserC,h11_mc12,Gas Boiler,0.0
UserC,h11_mc12,HP,0.0
UserC,h11_mc12,AC,0.0
UserC,h11_mc12,Storage HW,0.0
UserC,h11_mc12,Radiators,0.0
UserC,h11_mc12,Floor heating,0.0
UserC,h11_mc12,Induction stove,0.0
UserC,h11_mc12,Gas stove,0.0
UserC,h11_mc12,Gas National Grid,0.0
UserC,h12_mc12,PV sys,0.0
UserC,h12_mc12,National Grid EE,0.0
UserC,h12_mc12,Storage EE,5.209848984753128
UserC,h12_mc12,Gas Boiler,0.0
UserC,h12_mc12,HP,0.0
UserC,h12_mc12,AC,0.0
UserC,h12_mc12,Storage HW,0.0
UserC,h12_mc12,Radiators,0.0
UserC,h12_mc12,Floor heating,0.0
UserC,h12_mc12,Induction stove,0.0
UserC,h12_mc12,Gas stove,0.0
UserC,h12_mc12,Gas National Grid,0.0
UserC,h13_mc12,PV sys,0.0
UserC,h13_mc12,National Grid EE,0.0
UserC,h13_mc12,Storage EE,7.96419738110316
UserC,h13_mc12,Gas Boiler,0.0
UserC,h13_mc12,HP,0.0
UserC,h13_mc12,AC,0.0
UserC,h13_mc12,Storage HW,0.0
UserC,h13_mc12,Radiators,0.0
UserC,h13_mc12,Floor heating,0.0
UserC,h13_mc12,Induction stove,0.0
UserC,h13_mc12,Gas stove,0.0
UserC,h13_mc12,Gas National Grid,0.0
UserC,h14_mc12,PV sys,0.0
UserC,h14_mc12,National Grid EE,0.0
UserC,h14_mc12,Storage EE,10.350878455938762
UserC,h14_mc12,Gas Boiler,0.0
UserC,h14_mc12,HP,0.0
UserC,h14_mc12,AC,0.0
UserC,h14_mc12,Storage HW,0.0
UserC,h14_mc12,Radiators,0.0
UserC,h14_mc12,Floor heating,0.0
UserC,h14_mc12,Induction stove,0.0
UserC,h14_mc12,Gas stove,0.0
UserC,h14_mc12,Gas National Grid,0.0
UserC,h15_mc12,PV sys,0.0
UserC,h15_mc12,National Grid EE,0.0
UserC,h15_mc12,Storage EE,10.630426972993213
UserC,h15_mc12,Gas Boiler,0.0
UserC,h15_mc12,HP,0.0
UserC,h15_mc12,AC,0.0
UserC,h15_mc12,Storage HW,0.0
UserC,h15_mc12,Radiators,0.0
UserC,h15_mc12,Floor heating,0.0
UserC,h15_mc12,Induction stove,0.0
UserC,h15_mc12,Gas stove,0.0
UserC,h15_mc12,Gas National Grid,0.0
UserC,h16_mc12,PV sys,0.0
UserC,h16_mc12,National Grid EE,0.0
UserC,h16_mc12,Storage EE,11.399999999999999
UserC,h16_mc12,Gas Boiler,0.0
UserC,h16_mc12,HP,0.0
UserC,h16_mc12,AC,0.0
UserC,h16_mc12,Storage HW,0.0
UserC,h16_mc12,Radiators,0.0
UserC,h16_mc12,Floor heating,0.0
UserC,h16_mc12,Induction stove,0.0
UserC,h16_mc12,Gas stove,0.0
UserC,h16_mc12,Gas National Grid,0.0
UserC,h17_mc12,PV sys,0.0
UserC,h17_mc12,National Grid EE,0.0
UserC,h17_mc12,Storage EE,11.399999999999999
UserC,h17_mc12,Gas Boiler,0.0
UserC,h17_mc12,HP,0.0
UserC,h17_mc12,AC,0.0
UserC,h17_mc12,Storage HW,0.0
UserC,h17_mc12,Radiators,0.0
UserC,h17_mc12,Floor heating,0.0
UserC,h17_mc12,Induction stove,0.0
UserC,h17_mc12,Gas stove,0.0
UserC,h17_mc12,Gas National Grid,0.0
UserC,h18_mc12,PV sys,0.0
UserC,h18_mc12,National Grid EE,0.0
UserC,h18_mc12,Storage EE,11.20248290072076
UserC,h18_mc12,Gas Boiler,0.0
UserC,h18_mc12,HP,0.0
UserC,h18_mc12,AC,0.0
UserC,h18_mc12,Storage HW,0.0
UserC,h18_mc12,Radiators,0.0
UserC,h18_mc12,Floor heating,0.0
UserC,h18_mc12,Induction stove,0.0
UserC,h18_mc12,Gas stove,0.0
UserC,h18_mc12,Gas National Grid,0.0
UserC,h19_mc12,PV sys,0.0
UserC,h19_mc12,National Grid EE,0.0
UserC,h19_mc12,Storage EE,9.442651638163023
UserC,h19_mc12,Gas Boiler,0.0
UserC,h19_mc12,HP,0.0
UserC,h19_mc12,AC,0.0
UserC,h19_mc12,Storage HW,0.0
UserC,h19_mc12,Radiators,0.0
UserC,h19_mc12,Floor heating,0.0
UserC,h19_mc12,Induction stove,0.0
UserC,h19_mc12,Gas stove,0.0
UserC,h19_mc12,Gas National Grid,0.0
UserC,h20_mc12,PV sys,0.0
UserC,h20_mc12,National Grid EE,0.0
UserC,h20_mc12,Storage EE,7.599363333595742
UserC,h20_mc12,Gas Boiler,0.0
UserC,h20_mc12,HP,0.0
UserC,h20_mc12,AC,0.0
UserC,h20_mc12,Storage HW,0.0
UserC,h20_mc12,Radiators,0.0
UserC,h20_mc12,Floor heating,0.0
UserC,h20_mc12,Induction stove,0.0
UserC,h20_mc12,Gas stove,0.0
UserC,h20_mc12,Gas National Grid,0.0
UserC,h21_mc12,PV sys,0.0
UserC,h21_mc12,National Grid EE,0.0
UserC,h21_mc12,Storage EE,6.946441793973582
UserC,h21_mc12,Gas Boiler,0.0
UserC,h21_mc12,HP,0.0
UserC,h21_mc12,AC,0.0
UserC,h21_mc12,Storage HW,0.0
UserC,h21_mc12,Radiators,0.0
UserC,h21_mc12,Floor heating,0.0
UserC,h21_mc12,Induction stove,0.0
UserC,h21_mc12,Gas stove,0.0
UserC,h21_mc12,Gas National Grid,0.0
UserC,h22_mc12,PV sys,0.0
UserC,h22_mc12,National Grid EE,0.0
UserC,h22_mc12,Storage EE,4.987871265229311
UserC,h22_mc12,Gas Boiler,0.0
UserC,h22_mc12,HP,0.0
UserC,h22_mc12,AC,0.0
UserC,h22_mc12,Storage HW,0.0
UserC,h22_mc12,Radiators,0.0
UserC,h22_mc12,Floor heating,0.0
UserC,h22_mc12,Induction stove,0.0
UserC,h22_mc12,Gas stove,0.0
UserC,h22_mc12,Gas National Grid,0.0
UserC,h23_mc12,PV sys,0.0
UserC,h23_mc12,National Grid EE,0.0
UserC,h23_mc12,Storage EE,2.868928421255419
UserC,h23_mc12,Gas Boiler,0.0
UserC,h23_mc12,HP,0.0
UserC,h23_mc12,AC,0.0
UserC,h23_mc12,Storage HW,0.0
UserC,h23_mc12,Radiators,0.0
UserC,h23_mc12,Floor heating,0.0
UserC,h23_mc12,Induction stove,0.0
UserC,h23_mc12,Gas stove,0.0
UserC,h23_mc12,Gas National Grid,0.0
UserC,h24_mc12,PV sys,0.0
UserC,h24_mc12,National Grid EE,0.0
UserC,h24_mc12,Storage EE,1.200000000000001
UserC,h24_mc12,Gas Boiler,0.0
UserC,h24_mc12,HP,0.0
UserC,h24_mc12,AC,0.0
UserC,h24_mc12,Storage HW,0.0
UserC,h24_mc12,Radiators,0.0
UserC,h24_mc12,Floor heating,0.0
UserC,h24_mc12,Induction stove,0.0
UserC,h24_mc12,Gas stove,0.0
UserC,h24_mc12,Gas National Grid,0.0
UserC,h01_mc13,PV sys,0.0
UserC,h01_mc13,National Grid EE,0.0
UserC,h01_mc13,Storage EE,1.200000000000001
UserC,h01_mc13,Gas Boiler,0.0
UserC,h01_mc13,HP,0.0
UserC,h01_mc13,AC,0.0
UserC,h01_mc13,Storage HW,0.0
UserC,h01_mc13,Radiators,0.0
UserC,h01_mc13,Floor heating,0.0
UserC,h01_mc13,Induction stove,0.0
UserC,h01_mc13,Gas stove,0.0
UserC,h01_mc13,Gas National Grid,0.0
UserC,h02_mc13,PV sys,0.0
UserC,h02_mc13,National Grid EE,0.0
UserC,h02_mc13,Storage EE,1.200000000000001
UserC,h02_mc13,Gas Boiler,0.0
UserC,h02_mc13,HP,0.0
UserC,h02_mc13,AC,0.0
UserC,h02_mc13,Storage HW,0.0
UserC,h02_mc13,Radiators,0.0
UserC,h02_mc13,Floor heating,0.0
UserC,h02_mc13,Induction stove,0.0
UserC,h02_mc13,Gas stove,0.0
UserC,h02_mc13,Gas National Grid,0.0
UserC,h03_mc13,PV sys,0.0
UserC,h03_mc13,National Grid EE,0.0
UserC,h03_mc13,Storage EE,1.200000000000001
UserC,h03_mc13,Gas Boiler,0.0
UserC,h03_mc13,HP,0.0
UserC,h03_mc13,AC,0.0
UserC,h03_mc13,Storage HW,0.0
UserC,h03_mc13,Radiators,0.0
UserC,h03_mc13,Floor heating,0.0
UserC,h03_mc13,Induction stove,0.0
UserC,h03_mc13,Gas stove,0.0
UserC,h03_mc13,Gas National Grid,0.0
UserC,h04_mc13,PV sys,0.0
UserC,h04_mc13,National Grid EE,0.0
UserC,h04_mc13,Storage EE,1.2000000000000002
UserC,h04_mc13,Gas Boiler,0.0
UserC,h04_mc13,HP,0.0
UserC,h04_mc13,AC,0.0
UserC,h04_mc13,Storage HW,0.0
UserC,h04_mc13,Radiators,0.0
UserC,h04_mc13,Floor heating,0.0
UserC,h04_mc13,Induction stove,0.0
UserC,h04_mc13,Gas stove,0.0
UserC,h04_mc13,Gas National Grid,0.0
UserC,h05_mc13,PV sys,0.0
UserC,h05_mc13,National Grid EE,0.0
UserC,h05_mc13,Storage EE,1.200000000000001
UserC,h05_mc13,Gas Boiler,0.0
UserC,h05_mc13,HP,0.0
UserC,h05_mc13,AC,0.0
UserC,h05_mc13,Storage HW,0.0
UserC,h05_mc13,Radiators,0.0
UserC,h05_mc13,Floor heating,0.0
UserC,h05_mc13,Induction stove,0.0
UserC,h05_mc13,Gas stove,0.0
UserC,h05_mc13,Gas National Grid,0.0
UserC,h06_mc13,PV sys,0.0
UserC,h06_mc13,National Grid EE,0.0
UserC,h06_mc13,Storage EE,1.200000000000001
UserC,h06_mc13,Gas Boiler,0.0
UserC,h06_mc13,HP,0.0
UserC,h06_mc13,AC,0.0
UserC,h06_mc13,Storage HW,0.0
UserC,h06_mc13,Radiators,0.0
UserC,h06_mc13,Floor heating,0.0
UserC,h06_mc13,Induction stove,0.0
UserC,h06_mc13,Gas stove,0.0
UserC,h06_mc13,Gas National Grid,0.0
UserC,h07_mc13,PV sys,0.0
UserC,h07_mc13,National Grid EE,0.0
UserC,h07_mc13,Storage EE,1.200000000000001
UserC,h07_mc13,Gas Boiler,0.0
UserC,h07_mc13,HP,0.0
UserC,h07_mc13,AC,0.0
UserC,h07_mc13,Storage HW,0.0
UserC,h07_mc13,Radiators,0.0
UserC,h07_mc13,Floor heating,0.0
UserC,h07_mc13,Induction stove,0.0
UserC,h07_mc13,Gas stove,0.0
UserC,h07_mc13,Gas National Grid,0.0
UserC,h08_mc13,PV sys,0.0
UserC,h08_mc13,National Grid EE,0.0
UserC,h08_mc13,Storage EE,1.9029483470643753
UserC,h08_mc13,Gas Boiler,0.0
UserC,h08_mc13,HP,0.0
UserC,h08_mc13,AC,0.0
UserC,h08_mc13,Storage HW,0.0
UserC,h08_mc13,Radiators,0.0
UserC,h08_mc13,Floor heating,0.0
UserC,h08_mc13,Induction stove,0.0
UserC,h08_mc13,Gas stove,0.0
UserC,h08_mc13,Gas National Grid,0.0
UserC,h09_mc13,PV sys,0.0
UserC,h09_mc13,National Grid EE,0.0
UserC,h09_mc13,Storage EE,3.358427473156272
UserC,h09_mc13,Gas Boiler,0.0
UserC,h09_mc13,HP,0.0
UserC,h09_mc13,AC,0.0
UserC,h09_mc13,Storage HW,0.0
UserC,h09_mc13,Radiators,0.0
UserC,h09_mc13,Floor heating,0.0
UserC,h09_mc13,Induction stove,0.0
UserC,h09_mc13,Gas stove,0.0
UserC,h09_mc13,Gas National Grid,0.0
UserC,h10_mc13,PV sys,0.0
UserC,h10_mc13,National Grid EE,0.0
UserC,h10_mc13,Storage EE,4.001615597933091
UserC,h10_mc13,Gas Boiler,0.0
UserC,h10_mc13,HP,0.0
UserC,h10_mc13,AC,0.0
UserC,h10_mc13,Storage HW,0.0
UserC,h10_mc13,Radiators,0.0
UserC,h10_mc13,Floor heating,0.0
UserC,h10_mc13,Induction stove,0.0
UserC,h10_mc13,Gas stove,0.0
UserC,h10_mc13,Gas National Grid,0.0
UserC,h11_mc13,PV sys,0.0
UserC,h11_mc13,National Grid EE,0.0
UserC,h11_mc13,Storage EE,4.451592559502348
UserC,h11_mc13,Gas Boiler,0.0
UserC,h11_mc13,HP,0.0
UserC,h11_mc13,AC,0.0
UserC,h11_mc13,Storage HW,0.0
UserC,h11_mc13,Radiators,0.0
UserC,h11_mc13,Floor heating,0.0
UserC,h11_mc13,Induction stove,0.0
UserC,h11_mc13,Gas stove,0.0
UserC,h11_mc13,Gas National Grid,0.0
UserC,h12_mc13,PV sys,0.0
UserC,h12_mc13,National Grid EE,0.0
UserC,h12_mc13,Storage EE,4.844252158997048
UserC,h12_mc13,Gas Boiler,0.0
UserC,h12_mc13,HP,0.0
UserC,h12_mc13,AC,0.0
UserC,h12_mc13,Storage HW,0.0
UserC,h12_mc13,Radiators,0.0
UserC,h12_mc13,Floor heating,0.0
UserC,h12_mc13,Induction stove,0.0
UserC,h12_mc13,Gas stove,0.0
UserC,h12_mc13,Gas National Grid,0.0
UserC,h13_mc13,PV sys,0.0
UserC,h13_mc13,National Grid EE,0.0
UserC,h13_mc13,Storage EE,4.729688554408447
UserC,h13_mc13,Gas Boiler,0.0
UserC,h13_mc13,HP,0.0
UserC,h13_mc13,AC,0.0
UserC,h13_mc13,Storage HW,0.0
UserC,h13_mc13,Radiators,0.0
UserC,h13_mc13,Floor heating,0.0
UserC,h13_mc13,Induction stove,0.0
UserC,h13_mc13,Gas stove,0.0
UserC,h13_mc13,Gas National Grid,0.0
UserC,h14_mc13,PV sys,0.0
UserC,h14_mc13,National Grid EE,0.0
UserC,h14_mc13,Storage EE,4.638411107434008
UserC,h14_mc13,Gas Boiler,0.0
UserC,h14_mc13,HP,0.0
UserC,h14_mc13,AC,0.0
UserC,h14_mc13,Storage HW,0.0
UserC,h14_mc13,Radiators,0.0
UserC,h14_mc13,Floor heating,0.0
UserC,h14_mc13,Induction stove,0.0
UserC,h14_mc13,Gas stove,0.0
UserC,h14_mc13,Gas National Grid,0.0
UserC,h15_mc13,PV sys,0.0
UserC,h15_mc13,National Grid EE,0.0
UserC,h15_mc13,Storage EE,5.23959752891249
UserC,h15_mc13,Gas Boiler,0.0
UserC,h15_mc13,HP,0.0
UserC,h15_mc13,AC,0.0
UserC,h15_mc13,Storage HW,0.0
UserC,h15_mc13,Radiators,0.0
UserC,h15_mc13,Floor heating,0.0
UserC,h15_mc13,Induction stove,0.0
UserC,h15_mc13,Gas stove,0.0
UserC,h15_mc13,Gas National Grid,0.0
UserC,h16_mc13,PV sys,0.0
UserC,h16_mc13,National Grid EE,0.0
UserC,h16_mc13,Storage EE,5.519850846791085
UserC,h16_mc13,Gas Boiler,0.0
UserC,h16_mc13,HP,0.0
UserC,h16_mc13,AC,0.0
UserC,h16_mc13,Storage HW,0.0
UserC,h16_mc13,Radiators,0.0
UserC,h16_mc13,Floor heating,0.0
UserC,h16_mc13,Induction stove,0.0
UserC,h16_mc13,Gas stove,0.0
UserC,h16_mc13,Gas National Grid,0.0
UserC,h17_mc13,PV sys,0.0
UserC,h17_mc13,National Grid EE,0.0
UserC,h17_mc13,Storage EE,5.6247451695221535
UserC,h17_mc13,Gas Boiler,0.0
UserC,h17_mc13,HP,0.0
UserC,h17_mc13,AC,0.0
UserC,h17_mc13,Storage HW,0.0
UserC,h17_mc13,Radiators,0.0
UserC,h17_mc13,Floor heating,0.0
UserC,h17_mc13,Induction stove,0.0
UserC,h17_mc13,Gas stove,0.0
UserC,h17_mc13,Gas National Grid,0.0
UserC,h18_mc13,PV sys,0.0
UserC,h18_mc13,National Grid EE,0.0
UserC,h18_mc13,Storage EE,5.390304721636818
UserC,h18_mc13,Gas Boiler,0.0
UserC,h18_mc13,HP,0.0
UserC,h18_mc13,AC,0.0
UserC,h18_mc13,Storage HW,0.0
UserC,h18_mc13,Radiators,0.0
UserC,h18_mc13,Floor heating,0.0
UserC,h18_mc13,Induction stove,0.0
UserC,h18_mc13,Gas stove,0.0
UserC,h18_mc13,Gas National Grid,0.0
UserC,h19_mc13,PV sys,0.0
UserC,h19_mc13,National Grid EE,0.0
UserC,h19_mc13,Storage EE,5.147057602528015
UserC,h19_mc13,Gas Boiler,0.0
UserC,h19_mc13,HP,0.0
UserC,h19_mc13,AC,0.0
UserC,h19_mc13,Storage HW,0.0
UserC,h19_mc13,Radiators,0.0
UserC,h19_mc13,Floor heating,0.0
UserC,h19_mc13,Induction stove,0.0
UserC,h19_mc13,Gas stove,0.0
UserC,h19_mc13,Gas National Grid,0.0
UserC,h20_mc13,PV sys,0.0
UserC,h20_mc13,National Grid EE,0.0
UserC,h20_mc13,Storage EE,4.902735250017008
UserC,h20_mc13,Gas Boiler,0.0
UserC,h20_mc13,HP,0.0
UserC,h20_mc13,AC,0.0
UserC,h20_mc13,Storage HW,0.0
UserC,h20_mc13,Radiators,0.0
UserC,h20_mc13,Floor heating,0.0
UserC,h20_mc13,Induction stove,0.0
UserC,h20_mc13,Gas stove,0.0
UserC,h20_mc13,Gas National Grid,0.0
UserC,h21_mc13,PV sys,0.0
UserC,h21_mc13,National Grid EE,0.0
UserC,h21_mc13,Storage EE,2.827731847941029
UserC,h21_mc13,Gas Boiler,0.0
UserC,h21_mc13,HP,0.0
UserC,h21_mc13,AC,0.0
UserC,h21_mc13,Storage HW,0.0
UserC,h21_mc13,Radiators,0.0
UserC,h21_mc13,Floor heating,0.0
UserC,h21_mc13,Induction stove,0.0
UserC,h21_mc13,Gas stove,0.0
UserC,h21_mc13,Gas National Grid,0.0
UserC,h22_mc13,PV sys,0.0
UserC,h22_mc13,National Grid EE,0.0
UserC,h22_mc13,Storage EE,2.1861115087450864
UserC,h22_mc13,Gas Boiler,0.0
UserC,h22_mc13,HP,0.0
UserC,h22_mc13,AC,0.0
UserC,h22_mc13,Storage HW,0.0
UserC,h22_mc13,Radiators,0.0
UserC,h22_mc13,Floor heating,0.0
UserC,h22_mc13,Induction stove,0.0
UserC,h22_mc13,Gas stove,0.0
UserC,h22_mc13,Gas National Grid,0.0
UserC,h23_mc13,PV sys,0.0
UserC,h23_mc13,National Grid EE,0.0
UserC,h23_mc13,Storage EE,1.4775726425943043
UserC,h23_mc13,Gas Boiler,0.0
UserC,h23_mc13,HP,0.0
UserC,h23_mc13,AC,0.0
UserC,h23_mc13,Storage HW,0.0
UserC,h23_mc13,Radiators,0.0
UserC,h23_mc13,Floor heating,0.0
UserC,h23_mc13,Induction stove,0.0
UserC,h23_mc13,Gas stove,0.0
UserC,h23_mc13,Gas National Grid,0.0
UserC,h24_mc13,PV sys,0.0
UserC,h24_mc13,National Grid EE,0.0
UserC,h24_mc13,Storage EE,1.2000000000000002
UserC,h24_mc13,Gas Boiler,0.0
UserC,h24_mc13,HP,0.0
UserC,h24_mc13,AC,0.0
UserC,h24_mc13,Storage HW,0.0
UserC,h24_mc13,Radiators,0.0
UserC,h24_mc13,Floor heating,0.0
UserC,h24_mc13,Induction stove,0.0
UserC,h24_mc13,Gas stove,0.0
UserC,h24_mc13,Gas National Grid,0.0
UserC,h01_mc14,PV sys,0.0
UserC,h01_mc14,National Grid EE,0.0
UserC,h01_mc14,Storage EE,1.2000000000000002
UserC,h01_mc14,Gas Boiler,0.0
UserC,h01_mc14,HP,0.0
UserC,h01_mc14,AC,0.0
UserC,h01_mc14,Storage HW,0.0
UserC,h01_mc14,Radiators,0.0
UserC,h01_mc14,Floor heating,0.0
UserC,h01_mc14,Induction stove,0.0
UserC,h01_mc14,Gas stove,0.0
UserC,h01_mc14,Gas National Grid,0.0
UserC,h02_mc14,PV sys,0.0
UserC,h02_mc14,National Grid EE,0.0
UserC,h02_mc14,Storage EE,1.2000000000000002
UserC,h02_mc14,Gas Boiler,0.0
UserC,h02_mc14,HP,0.0
UserC,h02_mc14,AC,0.0
UserC,h02_mc14,Storage HW,0.0
UserC,h02_mc14,Radiators,0.0
UserC,h02_mc14,Floor heating,0.0
UserC,h02_mc14,Induction stove,0.0
UserC,h02_mc14,Gas stove,0.0
UserC,h02_mc14,Gas National Grid,0.0
UserC,h03_mc14,PV sys,0.0
UserC,h03_mc14,National Grid EE,0.0
UserC,h03_mc14,Storage EE,1.2000000000000002
UserC,h03_mc14,Gas Boiler,0.0
UserC,h03_mc14,HP,0.0
UserC,h03_mc14,AC,0.0
UserC,h03_mc14,Storage HW,0.0
UserC,h03_mc14,Radiators,0.0
UserC,h03_mc14,Floor heating,0.0
UserC,h03_mc14,Induction stove,0.0
UserC,h03_mc14,Gas stove,0.0
UserC,h03_mc14,Gas National Grid,0.0
UserC,h04_mc14,PV sys,0.0
UserC,h04_mc14,National Grid EE,0.0
UserC,h04_mc14,Storage EE,1.2000000000000002
UserC,h04_mc14,Gas Boiler,0.0
UserC,h04_mc14,HP,0.0
UserC,h04_mc14,AC,0.0
UserC,h04_mc14,Storage HW,0.0
UserC,h04_mc14,Radiators,0.0
UserC,h04_mc14,Floor heating,0.0
UserC,h04_mc14,Induction stove,0.0
UserC,h04_mc14,Gas stove,0.0
UserC,h04_mc14,Gas National Grid,0.0
UserC,h05_mc14,PV sys,0.0
UserC,h05_mc14,National Grid EE,0.0
UserC,h05_mc14,Storage EE,1.2000000000000002
UserC,h05_mc14,Gas Boiler,0.0
UserC,h05_mc14,HP,0.0
UserC,h05_mc14,AC,0.0
UserC,h05_mc14,Storage HW,0.0
UserC,h05_mc14,Radiators,0.0
UserC,h05_mc14,Floor heating,0.0
UserC,h05_mc14,Induction stove,0.0
UserC,h05_mc14,Gas stove,0.0
UserC,h05_mc14,Gas National Grid,0.0
UserC,h06_mc14,PV sys,0.0
UserC,h06_mc14,National Grid EE,0.0
UserC,h06_mc14,Storage EE,1.2000000000000002
UserC,h06_mc14,Gas Boiler,0.0
UserC,h06_mc14,HP,0.0
UserC,h06_mc14,AC,0.0
UserC,h06_mc14,Storage HW,0.0
UserC,h06_mc14,Radiators,0.0
UserC,h06_mc14,Floor heating,0.0
UserC,h06_mc14,Induction stove,0.0
UserC,h06_mc14,Gas stove,0.0
UserC,h06_mc14,Gas National Grid,0.0
UserC,h07_mc14,PV sys,0.0
UserC,h07_mc14,National Grid EE,0.0
UserC,h07_mc14,Storage EE,1.3241564004070414
UserC,h07_mc14,Gas Boiler,0.0
UserC,h07_mc14,HP,0.0
UserC,h07_mc14,AC,0.0
UserC,h07_mc14,Storage HW,0.0
UserC,h07_mc14,Radiators,0.0
UserC,h07_mc14,Floor heating,0.0
UserC,h07_mc14,Induction stove,0.0
UserC,h07_mc14,Gas stove,0.0
UserC,h07_mc14,Gas National Grid,0.0
UserC,h08_mc14,PV sys,0.0
UserC,h08_mc14,National Grid EE,0.0
UserC,h08_mc14,Storage EE,1.2000000000000002
UserC,h08_mc14,Gas Boiler,0.0
UserC,h08_mc14,HP,0.0
UserC,h08_mc14,AC,0.0
UserC,h08_mc14,Storage HW,0.0
UserC,h08_mc14,Radiators,0.0
UserC,h08_mc14,Floor heating,0.0
UserC,h08_mc14,Induction stove,0.0
UserC,h08_mc14,Gas stove,0.0
UserC,h08_mc14,Gas National Grid,0.0
UserC,h09_mc14,PV sys,0.0
UserC,h09_mc14,National Grid EE,0.0
UserC,h09_mc14,Storage EE,2.2807526015715744
UserC,h09_mc14,Gas Boiler,0.0
UserC,h09_mc14,HP,0.0
UserC,h09_mc14,AC,0.0
UserC,h09_mc14,Storage HW,0.0
UserC,h09_mc14,Radiators,0.0
UserC,h09_mc14,Floor heating,0.0
UserC,h09_mc14,Induction stove,0.0
UserC,h09_mc14,Gas stove,0.0
UserC,h09_mc14,Gas National Grid,0.0
UserC,h10_mc14,PV sys,0.0
UserC,h10_mc14,National Grid EE,0.0
UserC,h10_mc14,Storage EE,4.390263528464674
UserC,h10_mc14,Gas Boiler,0.0
UserC,h10_mc14,HP,0.0
UserC,h10_mc14,AC,0.0
UserC,h10_mc14,Storage HW,0.0
UserC,h10_mc14,Radiators,0.0
UserC,h10_mc14,Floor heating,0.0
UserC,h10_mc14,Induction stove,0.0
UserC,h10_mc14,Gas stove,0.0
UserC,h10_mc14,Gas National Grid,0.0
UserC,h11_mc14,PV sys,0.0
UserC,h11_mc14,National Grid EE,0.0
UserC,h11_mc14,Storage EE,6.907039820065729
UserC,h11_mc14,Gas Boiler,0.0
UserC,h11_mc14,HP,0.0
UserC,h11_mc14,AC,0.0
UserC,h11_mc14,Storage HW,0.0
UserC,h11_mc14,Radiators,0.0
UserC,h11_mc14,Floor heating,0.0
UserC,h11_mc14,Induction stove,0.0
UserC,h11_mc14,Gas stove,0.0
UserC,h11_mc14,Gas National Grid,0.0
UserC,h12_mc14,PV sys,0.0
UserC,h12_mc14,National Grid EE,0.0
UserC,h12_mc14,Storage EE,9.87762383103139
UserC,h12_mc14,Gas Boiler,0.0
UserC,h12_mc14,HP,0.0
UserC,h12_mc14,AC,0.0
UserC,h12_mc14,Storage HW,0.0
UserC,h12_mc14,Radiators,0.0
UserC,h12_mc14,Floor heating,0.0
UserC,h12_mc14,Induction stove,0.0
UserC,h12_mc14,Gas stove,0.0
UserC,h12_mc14,Gas National Grid,0.0
UserC,h13_mc14,PV sys,0.0
UserC,h13_mc14,National Grid EE,0.0
UserC,h13_mc14,Storage EE,11.399999999999999
UserC,h13_mc14,Gas Boiler,0.0
UserC,h13_mc14,HP,0.0
UserC,h13_mc14,AC,0.0
UserC,h13_mc14,Storage HW,0.0
UserC,h13_mc14,Radiators,0.0
UserC,h13_mc14,Floor heating,0.0
UserC,h13_mc14,Induction stove,0.0
UserC,h13_mc14,Gas stove,0.0
UserC,h13_mc14,Gas National Grid,0.0
UserC,h14_mc14,PV sys,0.0
UserC,h14_mc14,National Grid EE,0.0
UserC,h14_mc14,Storage EE,10.951116228345708
UserC,h14_mc14,Gas Boiler,0.0
UserC,h14_mc14,HP,0.0
UserC,h14_mc14,AC,0.0
UserC,h14_mc14,Storage HW,0.0
UserC,h14_mc14,Radiators,0.0
UserC,h14_mc14,Floor heating,0.0
UserC,h14_mc14,Induction stove,0.0
UserC,h14_mc14,Gas stove,0.0
UserC,h14_mc14,Gas National Grid,0.0
UserC,h15_mc14,PV sys,0.0
UserC,h15_mc14,National Grid EE,0.0
UserC,h15_mc14,Storage EE,10.522306972993215
UserC,h15_mc14,Gas Boiler,0.0
UserC,h15_mc14,HP,0.0
UserC,h15_mc14,AC,0.0
UserC,h15_mc14,Storage HW,0.0
UserC,h15_mc14,Radiators,0.0
UserC,h15_mc14,Floor heating,0.0
UserC,h15_mc14,Induction stove,0.0
UserC,h15_mc14,Gas stove,0.0
UserC,h15_mc14,Gas National Grid,0.0
UserC,h16_mc14,PV sys,0.0
UserC,h16_mc14,National Grid EE,0.0
UserC,h16_mc14,Storage EE,11.399999999999999
UserC,h16_mc14,Gas Boiler,0.0
UserC,h16_mc14,HP,0.0
UserC,h16_mc14,AC,0.0
UserC,h16_mc14,Storage HW,0.0
UserC,h16_mc14,Radiators,0.0
UserC,h16_mc14,Floor heating,0.0
UserC,h16_mc14,Induction stove,0.0
UserC,h16_mc14,Gas stove,0.0
UserC,h16_mc14,Gas National Grid,0.0
UserC,h17_mc14,PV sys,0.0
UserC,h17_mc14,National Grid EE,0.0
UserC,h17_mc14,Storage EE,11.399999999999999
UserC,h17_mc14,Gas Boiler,0.0
UserC,h17_mc14,HP,0.0
UserC,h17_mc14,AC,0.0
UserC,h17_mc14,Storage HW,0.0
UserC,h17_mc14,Radiators,0.0
UserC,h17_mc14,Floor heating,0.0
UserC,h17_mc14,Induction stove,0.0
UserC,h17_mc14,Gas stove,0.0
UserC,h17_mc14,Gas National Grid,0.0
UserC,h18_mc14,PV sys,0.0
UserC,h18_mc14,National Grid EE,0.0
UserC,h18_mc14,Storage EE,11.376086518737958
UserC,h18_mc14,Gas Boiler,0.0
UserC,h18_mc14,HP,0.0
UserC,h18_mc14,AC,0.0
UserC,h18_mc14,Storage HW,0.0
UserC,h18_mc14,Radiators,0.0
UserC,h18_mc14,Floor heating,0.0
UserC,h18_mc14,Induction stove,0.0
UserC,h18_mc14,Gas stove,0.0
UserC,h18_mc14,Gas National Grid,0.0
UserC,h19_mc14,PV sys,0.0
UserC,h19_mc14,National Grid EE,0.0
UserC,h19_mc14,Storage EE,11.066394524558335
UserC,h19_mc14,Gas Boiler,0.0
UserC,h19_mc14,HP,0.0
UserC,h19_mc14,AC,0.0
UserC,h19_mc14,Storage HW,0.0
UserC,h19_mc14,Radiators,0.0
UserC,h19_mc14,Floor heating,0.0
UserC,h19_mc14,Induction stove,0.0
UserC,h19_mc14,Gas stove,0.0
UserC,h19_mc14,Gas National Grid,0.0
UserC,h20_mc14,PV sys,0.0
UserC,h20_mc14,National Grid EE,0.0
UserC,h20_mc14,Storage EE,8.722820593423368
UserC,h20_mc14,Gas Boiler,0.0
UserC,h20_mc14,HP,0.0
UserC,h20_mc14,AC,0.0
UserC,h20_mc14,Storage HW,0.0
UserC,h20_mc14,Radiators,0.0
UserC,h20_mc14,Floor heating,0.0
UserC,h20_mc14,Induction stove,0.0
UserC,h20_mc14,Gas stove,0.0
UserC,h20_mc14,Gas National Grid,0.0
UserC,h21_mc14,PV sys,0.0
UserC,h21_mc14,National Grid EE,0.0
UserC,h21_mc14,Storage EE,6.584453016267271
UserC,h21_mc14,Gas Boiler,0.0
UserC,h21_mc14,HP,0.0
UserC,h21_mc14,AC,0.0
UserC,h21_mc14,Storage HW,0.0
UserC,h21_mc14,Radiators,0.0
UserC,h21_mc14,Floor heating,0.0
UserC,h21_mc14,Induction stove,0.0
UserC,h21_mc14,Gas stove,0.0
UserC,h21_mc14,Gas National Grid,0.0
UserC,h22_mc14,PV sys,0.0
UserC,h22_mc14,National Grid EE,0.0
UserC,h22_mc14,Storage EE,4.868299225043746
UserC,h22_mc14,Gas Boiler,0.0
UserC,h22_mc14,HP,0.0
UserC,h22_mc14,AC,0.0
UserC,h22_mc14,Storage HW,0.0
UserC,h22_mc14,Radiators,0.0
UserC,h22_mc14,Floor heating,0.0
UserC,h22_mc14,Induction stove,0.0
UserC,h22_mc14,Gas stove,0.0
UserC,h22_mc14,Gas National Grid,0.0
UserC,h23_mc14,PV sys,0.0
UserC,h23_mc14,National Grid EE,0.0
UserC,h23_mc14,Storage EE,3.0038579484346286
UserC,h23_mc14,Gas Boiler,0.0
UserC,h23_mc14,HP,0.0
UserC,h23_mc14,AC,0.0
UserC,h23_mc14,Storage HW,0.0
UserC,h23_mc14,Radiators,0.0
UserC,h23_mc14,Floor heating,0.0
UserC,h23_mc14,Induction stove,0.0
UserC,h23_mc14,Gas stove,0.0
UserC,h23_mc14,Gas National Grid,0.0
UserC,h24_mc14,PV sys,0.0
UserC,h24_mc14,National Grid EE,0.0
UserC,h24_mc14,Storage EE,1.2000000000000002
UserC,h24_mc14,Gas Boiler,0.0
UserC,h24_mc14,HP,0.0
UserC,h24_mc14,AC,0.0
UserC,h24_mc14,Storage HW,0.0
UserC,h24_mc14,Radiators,0.0
UserC,h24_mc14,Floor heating,0.0
UserC,h24_mc14,Induction stove,0.0
UserC,h24_mc14,Gas stove,0.0
UserC,h24_mc14,Gas National Grid,0.0
UserC,h01_mw01,PV sys,0.0
UserC,h01_mw01,National Grid EE,0.0
UserC,h01_mw01,Storage EE,1.2000000000000002
UserC,h01_mw01,Gas Boiler,0.0
UserC,h01_mw01,HP,0.0
UserC,h01_mw01,AC,0.0
UserC,h01_mw01,Storage HW,0.0
UserC,h01_mw01,Radiators,0.0
UserC,h01_mw01,Floor heating,0.0
UserC,h01_mw01,Induction stove,0.0
UserC,h01_mw01,Gas stove,0.0
UserC,h01_mw01,Gas National Grid,0.0
UserC,h02_mw01,PV sys,0.0
UserC,h02_mw01,National Grid EE,0.0
UserC,h02_mw01,Storage EE,1.2000000000000002
UserC,h02_mw01,Gas Boiler,0.0
UserC,h02_mw01,HP,0.0
UserC,h02_mw01,AC,0.0
UserC,h02_mw01,Storage HW,0.0
UserC,h02_mw01,Radiators,0.0
UserC,h02_mw01,Floor heating,0.0
UserC,h02_mw01,Induction stove,0.0
UserC,h02_mw01,Gas stove,0.0
UserC,h02_mw01,Gas National Grid,0.0
UserC,h03_mw01,PV sys,0.0
UserC,h03_mw01,National Grid EE,0.0
UserC,h03_mw01,Storage EE,1.2000000000000002
UserC,h03_mw01,Gas Boiler,0.0
UserC,h03_mw01,HP,0.0
UserC,h03_mw01,AC,0.0
UserC,h03_mw01,Storage HW,0.0
UserC,h03_mw01,Radiators,0.0
UserC,h03_mw01,Floor heating,0.0
UserC,h03_mw01,Induction stove,0.0
UserC,h03_mw01,Gas stove,0.0
UserC,h03_mw01,Gas National Grid,0.0
UserC,h04_mw01,PV sys,0.0
UserC,h04_mw01,National Grid EE,0.0
UserC,h04_mw01,Storage EE,1.2000000000000002
UserC,h04_mw01,Gas Boiler,0.0
UserC,h04_mw01,HP,0.0
UserC,h04_mw01,AC,0.0
UserC,h04_mw01,Storage HW,0.0
UserC,h04_mw01,Radiators,0.0
UserC,h04_mw01,Floor heating,0.0
UserC,h04_mw01,Induction stove,0.0
UserC,h04_mw01,Gas stove,0.0
UserC,h04_mw01,Gas National Grid,0.0
UserC,h05_mw01,PV sys,0.0
UserC,h05_mw01,National Grid EE,0.0
UserC,h05_mw01,Storage EE,1.2000000000000002
UserC,h05_mw01,Gas Boiler,0.0
UserC,h05_mw01,HP,0.0
UserC,h05_mw01,AC,0.0
UserC,h05_mw01,Storage HW,0.0
UserC,h05_mw01,Radiators,0.0
UserC,h05_mw01,Floor heating,0.0
UserC,h05_mw01,Induction stove,0.0
UserC,h05_mw01,Gas stove,0.0
UserC,h05_mw01,Gas National Grid,0.0
UserC,h06_mw01,PV sys,0.0
UserC,h06_mw01,National Grid EE,0.0
UserC,h06_mw01,Storage EE,1.2000000000000002
UserC,h06_mw01,Gas Boiler,0.0
UserC,h06_mw01,HP,0.0
UserC,h06_mw01,AC,0.0
UserC,h06_mw01,Storage HW,0.0
UserC,h06_mw01,Radiators,0.0
UserC,h06_mw01,Floor heating,0.0
UserC,h06_mw01,Induction stove,0.0
UserC,h06_mw01,Gas stove,0.0
UserC,h06_mw01,Gas National Grid,0.0
UserC,h07_mw01,PV sys,0.0
UserC,h07_mw01,National Grid EE,0.0
UserC,h07_mw01,Storage EE,1.633112469039897
UserC,h07_mw01,Gas Boiler,0.0
UserC,h07_mw01,HP,0.0
UserC,h07_mw01,AC,0.0
UserC,h07_mw01,Storage HW,0.0
UserC,h07_mw01,Radiators,0.0
UserC,h07_mw01,Floor heating,0.0
UserC,h07_mw01,Induction stove,0.0
UserC,h07_mw01,Gas stove,0.0
UserC,h07_mw01,Gas National Grid,0.0
UserC,h08_mw01,PV sys,0.0
UserC,h08_mw01,National Grid EE,0.0
UserC,h08_mw01,Storage EE,2.3988205239709712
UserC,h08_mw01,Gas Boiler,0.0
UserC,h08_mw01,HP,0.0
UserC,h08_mw01,AC,0.0
UserC,h08_mw01,Storage HW,0.0
UserC,h08_mw01,Radiators,0.0
UserC,h08_mw01,Floor heating,0.0
UserC,h08_mw01,Induction stove,0.0
UserC,h08_mw01,Gas stove,0.0
UserC,h08_mw01,Gas National Grid,0.0
UserC,h09_mw01,PV sys,0.0
UserC,h09_mw01,National Grid EE,0.0
UserC,h09_mw01,Storage EE,4.263849024867284
UserC,h09_mw01,Gas Boiler,0.0
UserC,h09_mw01,HP,0.0
UserC,h09_mw01,AC,0.0
UserC,h09_mw01,Storage HW,0.0
UserC,h09_mw01,Radiators,0.0
UserC,h09_mw01,Floor heating,0.0
UserC,h09_mw01,Induction stove,0.0
UserC,h09_mw01,Gas stove,0.0
UserC,h09_mw01,Gas National Grid,0.0
UserC,h10_mw01,PV sys,0.0
UserC,h10_mw01,National Grid EE,0.0
UserC,h10_mw01,Storage EE,6.632918696056443
UserC,h10_mw01,Gas Boiler,0.0
UserC,h10_mw01,HP,0.0
UserC,h10_mw01,AC,0.0
UserC,h10_mw01,Storage HW,0.0
UserC,h10_mw01,Radiators,0.0
UserC,h10_mw01,Floor heating,0.0
UserC,h10_mw01,Induction stove,0.0
UserC,h10_mw01,Gas stove,0.0
UserC,h10_mw01,Gas National Grid,0.0
UserC,h11_mw01,PV sys,0.0
UserC,h11_mw01,National Grid EE,0.0
UserC,h11_mw01,Storage EE,9.562903053818475
UserC,h11_mw01,Gas Boiler,0.0
UserC,h11_mw01,HP,0.0
UserC,h11_mw01,AC,0.0
UserC,h11_mw01,Storage HW,0.0
UserC,h11_mw01,Radiators,0.0
UserC,h11_mw01,Floor heating,0.0
UserC,h11_mw01,Induction stove,0.0
UserC,h11_mw01,Gas stove,0.0
UserC,h11_mw01,Gas National Grid,0.0
UserC,h12_mw01,PV sys,0.0
UserC,h12_mw01,National Grid EE,0.0
UserC,h12_mw01,Storage EE,9.700813250730503
UserC,h12_mw01,Gas Boiler,0.0
UserC,h12_mw01,HP,0.0
UserC,h12_mw01,AC,0.0
UserC,h12_mw01,Storage HW,0.0
UserC,h12_mw01,Radiators,0.0
UserC,h12_mw01,Floor heating,0.0
UserC,h12_mw01,Induction stove,0.0
UserC,h12_mw01,Gas stove,0.0
UserC,h12_mw01,Gas National Grid,0.0
UserC,h13_mw01,PV sys,0.0
UserC,h13_mw01,National Grid EE,0.0
UserC,h13_mw01,Storage EE,9.552159532647211
UserC,h13_mw01,Gas Boiler,0.0
UserC,h13_mw01,HP,0.0
UserC,h13_mw01,AC,0.0
UserC,h13_mw01,Storage HW,0.0
UserC,h13_mw01,Radiators,0.0
UserC,h13_mw01,Floor heating,0.0
UserC,h13_mw01,Induction stove,0.0
UserC,h13_mw01,Gas stove,0.0
UserC,h13_mw01,Gas National Grid,0.0
UserC,h14_mw01,PV sys,0.0
UserC,h14_mw01,National Grid EE,0.0
UserC,h14_mw01,Storage EE,9.117705274393645
UserC,h14_mw01,Gas Boiler,0.0
UserC,h14_mw01,HP,0.0
UserC,h14_mw01,AC,0.0
UserC,h14_mw01,Storage HW,0.0
UserC,h14_mw01,Radiators,0.0
UserC,h14_mw01,Floor heating,0.0
UserC,h14_mw01,Induction stove,0.0
UserC,h14_mw01,Gas stove,0.0
UserC,h14_mw01,Gas National Grid,0.0
UserC,h15_mw01,PV sys,0.0
UserC,h15_mw01,National Grid EE,0.0
UserC,h15_mw01,Storage EE,10.421842921578245
UserC,h15_mw01,Gas Boiler,0.0
UserC,h15_mw01,HP,0.0
UserC,h15_mw01,AC,0.0
UserC,h15_mw01,Storage HW,0.0
UserC,h15_mw01,Radiators,0.0
UserC,h15_mw01,Floor heating,0.0
UserC,h15_mw01,Induction stove,0.0
UserC,h15_mw01,Gas stove,0.0
UserC,h15_mw01,Gas National Grid,0.0
UserC,h16_mw01,PV sys,0.0
UserC,h16_mw01,National Grid EE,0.0
UserC,h16_mw01,Storage EE,11.065222787324599
UserC,h16_mw01,Gas Boiler,0.0
UserC,h16_mw01,HP,0.0
UserC,h16_mw01,AC,0.0
UserC,h16_mw01,Storage HW,0.0
UserC,h16_mw01,Radiators,0.0
UserC,h16_mw01,Floor heating,0.0
UserC,h16_mw01,Induction stove,0.0
UserC,h16_mw01,Gas stove,0.0
UserC,h16_mw01,Gas National Grid,0.0
UserC,h17_mw01,PV sys,0.0
UserC,h17_mw01,National Grid EE,0.0
UserC,h17_mw01,Storage EE,11.390711984881422
UserC,h17_mw01,Gas Boiler,0.0
UserC,h17_mw01,HP,0.0
UserC,h17_mw01,AC,0.0
UserC,h17_mw01,Storage HW,0.0
UserC,h17_mw01,Radiators,0.0
UserC,h17_mw01,Floor heating,0.0
UserC,h17_mw01,Induction stove,0.0
UserC,h17_mw01,Gas stove,0.0
UserC,h17_mw01,Gas National Grid,0.0
UserC,h18_mw01,PV sys,0.0
UserC,h18_mw01,National Grid EE,0.0
UserC,h18_mw01,Storage EE,11.399999999999999
UserC,h18_mw01,Gas Boiler,0.0
UserC,h18_mw01,HP,0.0
UserC,h18_mw01,AC,0.0
UserC,h18_mw01,Storage HW,0.0
UserC,h18_mw01,Radiators,0.0
UserC,h18_mw01,Floor heating,0.0
UserC,h18_mw01,Induction stove,0.0
UserC,h18_mw01,Gas stove,0.0
UserC,h18_mw01,Gas National Grid,0.0
UserC,h19_mw01,PV sys,0.0
UserC,h19_mw01,National Grid EE,0.0
UserC,h19_mw01,Storage EE,11.4
UserC,h19_mw01,Gas Boiler,0.0
UserC,h19_mw01,HP,0.0
UserC,h19_mw01,AC,0.0
UserC,h19_mw01,Storage HW,0.0
UserC,h19_mw01,Radiators,0.0
UserC,h19_mw01,Floor heating,0.0
UserC,h19_mw01,Induction stove,0.0
UserC,h19_mw01,Gas stove,0.0
UserC,h19_mw01,Gas National Grid,0.0
UserC,h20_mw01,PV sys,0.0
UserC,h20_mw01,National Grid EE,0.0
UserC,h20_mw01,Storage EE,11.4
UserC,h20_mw01,Gas Boiler,0.0
UserC,h20_mw01,HP,0.0
UserC,h20_mw01,AC,0.0
UserC,h20_mw01,Storage HW,0.0
UserC,h20_mw01,Radiators,0.0
UserC,h20_mw01,Floor heating,0.0
UserC,h20_mw01,Induction stove,0.0
UserC,h20_mw01,Gas stove,0.0
UserC,h20_mw01,Gas National Grid,0.0
UserC,h21_mw01,PV sys,0.0
UserC,h21_mw01,National Grid EE,0.0
UserC,h21_mw01,Storage EE,11.399999999999999
UserC,h21_mw01,Gas Boiler,0.0
UserC,h21_mw01,HP,0.0
UserC,h21_mw01,AC,0.0
UserC,h21_mw01,Storage HW,0.0
UserC,h21_mw01,Radiators,0.0
UserC,h21_mw01,Floor heating,0.0
UserC,h21_mw01,Induction stove,0.0
UserC,h21_mw01,Gas stove,0.0
UserC,h21_mw01,Gas National Grid,0.0
UserC,h22_mw01,PV sys,0.0
UserC,h22_mw01,National Grid EE,0.0
UserC,h22_mw01,Storage EE,11.4
UserC,h22_mw01,Gas Boiler,0.0
UserC,h22_mw01,HP,0.0
UserC,h22_mw01,AC,0.0
UserC,h22_mw01,Storage HW,0.0
UserC,h22_mw01,Radiators,0.0
UserC,h22_mw01,Floor heating,0.0
UserC,h22_mw01,Induction stove,0.0
UserC,h22_mw01,Gas stove,0.0
UserC,h22_mw01,Gas National Grid,0.0
UserC,h23_mw01,PV sys,0.0
UserC,h23_mw01,National Grid EE,0.0
UserC,h23_mw01,Storage EE,11.4
UserC,h23_mw01,Gas Boiler,0.0
UserC,h23_mw01,HP,0.0
UserC,h23_mw01,AC,0.0
UserC,h23_mw01,Storage HW,0.0
UserC,h23_mw01,Radiators,0.0
UserC,h23_mw01,Floor heating,0.0
UserC,h23_mw01,Induction stove,0.0
UserC,h23_mw01,Gas stove,0.0
UserC,h23_mw01,Gas National Grid,0.0
UserC,h24_mw01,PV sys,0.0
UserC,h24_mw01,National Grid EE,0.0
UserC,h24_mw01,Storage EE,11.4
UserC,h24_mw01,Gas Boiler,0.0
UserC,h24_mw01,HP,0.0
UserC,h24_mw01,AC,0.0
UserC,h24_mw01,Storage HW,0.0
UserC,h24_mw01,Radiators,0.0
UserC,h24_mw01,Floor heating,0.0
UserC,h24_mw01,Induction stove,0.0
UserC,h24_mw01,Gas stove,0.0
UserC,h24_mw01,Gas National Grid,0.0
UserC,h01_mw02,PV sys,0.0
UserC,h01_mw02,National Grid EE,0.0
UserC,h01_mw02,Storage EE,11.085877639267752
UserC,h01_mw02,Gas Boiler,0.0
UserC,h01_mw02,HP,0.0
UserC,h01_mw02,AC,0.0
UserC,h01_mw02,Storage HW,0.0
UserC,h01_mw02,Radiators,0.0
UserC,h01_mw02,Floor heating,0.0
UserC,h01_mw02,Induction stove,0.0
UserC,h01_mw02,Gas stove,0.0
UserC,h01_mw02,Gas National Grid,0.0
UserC,h02_mw02,PV sys,0.0
UserC,h02_mw02,National Grid EE,0.0
UserC,h02_mw02,Storage EE,10.951399567615278
UserC,h02_mw02,Gas Boiler,0.0
UserC,h02_mw02,HP,0.0
UserC,h02_mw02,AC,0.0
UserC,h02_mw02,Storage HW,0.0
UserC,h02_mw02,Radiators,0.0
UserC,h02_mw02,Floor heating,0.0
UserC,h02_mw02,Induction stove,0.0
UserC,h02_mw02,Gas stove,0.0
UserC,h02_mw02,Gas National Grid,0.0
UserC,h03_mw02,PV sys,0.0
UserC,h03_mw02,National Grid EE,0.0
UserC,h03_mw02,Storage EE,10.872109417301564
UserC,h03_mw02,Gas Boiler,0.0
UserC,h03_mw02,HP,0.0
UserC,h03_mw02,AC,0.0
UserC,h03_mw02,Storage HW,0.0
UserC,h03_mw02,Radiators,0.0
UserC,h03_mw02,Floor heating,0.0
UserC,h03_mw02,Induction stove,0.0
UserC,h03_mw02,Gas stove,0.0
UserC,h03_mw02,Gas National Grid,0.0
UserC,h04_mw02,PV sys,0.0
UserC,h04_mw02,National Grid EE,0.0
UserC,h04_mw02,Storage EE,10.761801088853014
UserC,h04_mw02,Gas Boiler,0.0
UserC,h04_mw02,HP,0.0
UserC,h04_mw02,AC,0.0
UserC,h04_mw02,Storage HW,0.0
UserC,h04_mw02,Radiators,0.0
UserC,h04_mw02,Floor heating,0.0
UserC,h04_mw02,Induction stove,0.0
UserC,h04_mw02,Gas stove,0.0
UserC,h04_mw02,Gas National Grid,0.0
UserC,h05_mw02,PV sys,0.0
UserC,h05_mw02,National Grid EE,0.0
UserC,h05_mw02,Storage EE,10.535723512979022
UserC,h05_mw02,Gas Boiler,0.0
UserC,h05_mw02,HP,0.0
UserC,h05_mw02,AC,0.0
UserC,h05_mw02,Storage HW,0.0
UserC,h05_mw02,Radiators,0.0
UserC,h05_mw02,Floor heating,0.0
UserC,h05_mw02,Induction stove,0.0
UserC,h05_mw02,Gas stove,0.0
UserC,h05_mw02,Gas National Grid,0.0
UserC,h06_mw02,PV sys,0.0
UserC,h06_mw02,National Grid EE,0.0
UserC,h06_mw02,Storage EE,10.343954266547343
UserC,h06_mw02,Gas Boiler,0.0
UserC,h06_mw02,HP,0.0
UserC,h06_mw02,AC,0.0
UserC,h06_mw02,Storage HW,0.0
UserC,h06_mw02,Radiators,0.0
UserC,h06_mw02,Floor heating,0.0
UserC,h06_mw02,Induction stove,0.0
UserC,h06_mw02,Gas stove,0.0
UserC,h06_mw02,Gas National Grid,0.0
UserC,h07_mw02,PV sys,0.0
UserC,h07_mw02,National Grid EE,0.0
UserC,h07_mw02,Storage EE,9.849143434956842
UserC,h07_mw02,Gas Boiler,0.0
UserC,h07_mw02,HP,0.0
UserC,h07_mw02,AC,0.0
UserC,h07_mw02,Storage HW,0.0
UserC,h07_mw02,Radiators,0.0
UserC,h07_mw02,Floor heating,0.0
UserC,h07_mw02,Induction stove,0.0
UserC,h07_mw02,Gas stove,0.0
UserC,h07_mw02,Gas National Grid,0.0
UserC,h08_mw02,PV sys,0.0
UserC,h08_mw02,National Grid EE,0.0
UserC,h08_mw02,Storage EE,9.450070967506466
UserC,h08_mw02,Gas Boiler,0.0
UserC,h08_mw02,HP,0.0
UserC,h08_mw02,AC,0.0
UserC,h08_mw02,Storage HW,0.0
UserC,h08_mw02,Radiators,0.0
UserC,h08_mw02,Floor heating,0.0
UserC,h08_mw02,Induction stove,0.0
UserC,h08_mw02,Gas stove,0.0
UserC,h08_mw02,Gas National Grid,0.0
UserC,h09_mw02,PV sys,0.0
UserC,h09_mw02,National Grid EE,0.0
UserC,h09_mw02,Storage EE,9.925090967506467
UserC,h09_mw02,Gas Boiler,0.0
UserC,h09_mw02,HP,0.0
UserC,h09_mw02,AC,0.0
UserC,h09_mw02,Storage HW,0.0
UserC,h09_mw02,Radiators,0.0
UserC,h09_mw02,Floor heating,0.0
UserC,h09_mw02,Induction stove,0.0
UserC,h09_mw02,Gas stove,0.0
UserC,h09_mw02,Gas National Grid,0.0
UserC,h10_mw02,PV sys,0.0
UserC,h10_mw02,National Grid EE,0.0
UserC,h10_mw02,Storage EE,9.974343564999057
UserC,h10_mw02,Gas Boiler,0.0
UserC,h10_mw02,HP,0.0
UserC,h10_mw02,AC,0.0
UserC,h10_mw02,Storage HW,0.0
UserC,h10_mw02,Radiators,0.0
UserC,h10_mw02,Floor heating,0.0
UserC,h10_mw02,Induction stove,0.0
UserC,h10_mw02,Gas stove,0.0
UserC,h10_mw02,Gas National Grid,0.0
UserC,h11_mw02,PV sys,0.0
UserC,h11_mw02,National Grid EE,0.0
UserC,h11_mw02,Storage EE,10.20116582358789
UserC,h11_mw02,Gas Boiler,0.0
UserC,h11_mw02,HP,0.0
UserC,h11_mw02,AC,0.0
UserC,h11_mw02,Storage HW,0.0
UserC,h11_mw02,Radiators,0.0
UserC,h11_mw02,Floor heating,0.0
UserC,h11_mw02,Induction stove,0.0
UserC,h11_mw02,Gas stove,0.0
UserC,h11_mw02,Gas National Grid,0.0
UserC,h12_mw02,PV sys,0.0
UserC,h12_mw02,National Grid EE,0.0
UserC,h12_mw02,Storage EE,10.47667610378441
UserC,h12_mw02,Gas Boiler,0.0
UserC,h12_mw02,HP,0.0
UserC,h12_mw02,AC,0.0
UserC,h12_mw02,Storage HW,0.0
UserC,h12_mw02,Radiators,0.0
UserC,h12_mw02,Floor heating,0.0
UserC,h12_mw02,Induction stove,0.0
UserC,h12_mw02,Gas stove,0.0
UserC,h12_mw02,Gas National Grid,0.0
UserC,h13_mw02,PV sys,0.0
UserC,h13_mw02,National Grid EE,0.0
UserC,h13_mw02,Storage EE,11.014336103784409
UserC,h13_mw02,Gas Boiler,0.0
UserC,h13_mw02,HP,0.0
UserC,h13_mw02,AC,0.0
UserC,h13_mw02,Storage HW,0.0
UserC,h13_mw02,Radiators,0.0
UserC,h13_mw02,Floor heating,0.0
UserC,h13_mw02,Induction stove,0.0
UserC,h13_mw02,Gas stove,0.0
UserC,h13_mw02,Gas National Grid,0.0
UserC,h14_mw02,PV sys,0.0
UserC,h14_mw02,National Grid EE,0.0
UserC,h14_mw02,Storage EE,11.126304639290195
UserC,h14_mw02,Gas Boiler,0.0
UserC,h14_mw02,HP,0.0
UserC,h14_mw02,AC,0.0
UserC,h14_mw02,Storage HW,0.0
UserC,h14_mw02,Radiators,0.0
UserC,h14_mw02,Floor heating,0.0
UserC,h14_mw02,Induction stove,0.0
UserC,h14_mw02,Gas stove,0.0
UserC,h14_mw02,Gas National Grid,0.0
UserC,h15_mw02,PV sys,0.0
UserC,h15_mw02,National Grid EE,0.0
UserC,h15_mw02,Storage EE,11.174183299228647
UserC,h15_mw02,Gas Boiler,0.0
UserC,h15_mw02,HP,0.0
UserC,h15_mw02,AC,0.0
UserC,h15_mw02,Storage HW,0.0
UserC,h15_mw02,Radiators,0.0
UserC,h15_mw02,Floor heating,0.0
UserC,h15_mw02,Induction stove,0.0
UserC,h15_mw02,Gas stove,0.0
UserC,h15_mw02,Gas National Grid,0.0
UserC,h16_mw02,PV sys,0.0
UserC,h16_mw02,National Grid EE,0.0
UserC,h16_mw02,Storage EE,11.274203070927
UserC,h16_mw02,Gas Boiler,0.0
UserC,h16_mw02,HP,0.0
UserC,h16_mw02,AC,0.0
UserC,h16_mw02,Storage HW,0.0
UserC,h16_mw02,Radiators,0.0
UserC,h16_mw02,Floor heating,0.0
UserC,h16_mw02,Induction stove,0.0
UserC,h16_mw02,Gas stove,0.0
UserC,h16_mw02,Gas National Grid,0.0
UserC,h17_mw02,PV sys,0.0
UserC,h17_mw02,National Grid EE,0.0
UserC,h17_mw02,Storage EE,11.197291653489339
UserC,h17_mw02,Gas Boiler,0.0
UserC,h17_mw02,HP,0.0
UserC,h17_mw02,AC,0.0
UserC,h17_mw02,Storage HW,0.0
UserC,h17_mw02,Radiators,0.0
UserC,h17_mw02,Floor heating,0.0
UserC,h17_mw02,Induction stove,0.0
UserC,h17_mw02,Gas stove,0.0
UserC,h17_mw02,Gas National Grid,0.0
UserC,h18_mw02,PV sys,0.0
UserC,h18_mw02,National Grid EE,0.0
UserC,h18_mw02,Storage EE,10.92669941766917
UserC,h18_mw02,Gas Boiler,0.0
UserC,h18_mw02,HP,0.0
UserC,h18_mw02,AC,0.0
UserC,h18_mw02,Storage HW,0.0
UserC,h18_mw02,Radiators,0.0
UserC,h18_mw02,Floor heating,0.0
UserC,h18_mw02,Induction stove,0.0
UserC,h18_mw02,Gas stove,0.0
UserC,h18_mw02,Gas National Grid,0.0
UserC,h19_mw02,PV sys,0.0
UserC,h19_mw02,National Grid EE,0.0
UserC,h19_mw02,Storage EE,10.163927208431538
UserC,h19_mw02,Gas Boiler,0.0
UserC,h19_mw02,HP,0.0
UserC,h19_mw02,AC,0.0
UserC,h19_mw02,Storage HW,0.0
UserC,h19_mw02,Radiators,0.0
UserC,h19_mw02,Floor heating,0.0
UserC,h19_mw02,Induction stove,0.0
UserC,h19_mw02,Gas stove,0.0
UserC,h19_mw02,Gas National Grid,0.0
UserC,h20_mw02,PV sys,0.0
UserC,h20_mw02,National Grid EE,0.0
UserC,h20_mw02,Storage EE,9.701020060956555
UserC,h20_mw02,Gas Boiler,0.0
UserC,h20_mw02,HP,0.0
UserC,h20_mw02,AC,0.0
UserC,h20_mw02,Storage HW,0.0
UserC,h20_mw02,Radiators,0.0
UserC,h20_mw02,Floor heating,0.0
UserC,h20_mw02,Induction stove,0.0
UserC,h20_mw02,Gas stove,0.0
UserC,h20_mw02,Gas National Grid,0.0
UserC,h21_mw02,PV sys,0.0
UserC,h21_mw02,National Grid EE,0.0
UserC,h21_mw02,Storage EE,8.399361487129527
UserC,h21_mw02,Gas Boiler,0.0
UserC,h21_mw02,HP,0.0
UserC,h21_mw02,AC,0.0
UserC,h21_mw02,Storage HW,0.0
UserC,h21_mw02,Radiators,0.0
UserC,h21_mw02,Floor heating,0.0
UserC,h21_mw02,Induction stove,0.0
UserC,h21_mw02,Gas stove,0.0
UserC,h21_mw02,Gas National Grid,0.0
UserC,h22_mw02,PV sys,0.0
UserC,h22_mw02,National Grid EE,0.0
UserC,h22_mw02,Storage EE,7.391517361868172
UserC,h22_mw02,Gas Boiler,0.0
UserC,h22_mw02,HP,0.0
UserC,h22_mw02,AC,0.0
UserC,h22_mw02,Storage HW,0.0
UserC,h22_mw02,Radiators,0.0
UserC,h22_mw02,Floor heating,0.0
UserC,h22_mw02,Induction stove,0.0
UserC,h22_mw02,Gas stove,0.0
UserC,h22_mw02,Gas National Grid,0.0
UserC,h23_mw02,PV sys,0.0
UserC,h23_mw02,National Grid EE,0.0
UserC,h23_mw02,Storage EE,6.659930838325624
UserC,h23_mw02,Gas Boiler,0.0
UserC,h23_mw02,HP,0.0
UserC,h23_mw02,AC,0.0
UserC,h23_mw02,Storage HW,0.0
UserC,h23_mw02,Radiators,0.0
UserC,h23_mw02,Floor heating,0.0
UserC,h23_mw02,Induction stove,0.0
UserC,h23_mw02,Gas stove,0.0
UserC,h23_mw02,Gas National Grid,0.0
UserC,h24_mw02,PV sys,0.0
UserC,h24_mw02,National Grid EE,0.0
UserC,h24_mw02,Storage EE,6.388705518734681
UserC,h24_mw02,Gas Boiler,0.0
UserC,h24_mw02,HP,0.0
UserC,h24_mw02,AC,0.0
UserC,h24_mw02,Storage HW,0.0
UserC,h24_mw02,Radiators,0.0
UserC,h24_mw02,Floor heating,0.0
UserC,h24_mw02,Induction stove,0.0
UserC,h24_mw02,Gas stove,0.0
UserC,h24_mw02,Gas National Grid,0.0
UserC,h01_mw03,PV sys,0.0
UserC,h01_mw03,National Grid EE,0.0
UserC,h01_mw03,Storage EE,6.18093772826287
UserC,h01_mw03,Gas Boiler,0.0
UserC,h01_mw03,HP,0.0
UserC,h01_mw03,AC,0.0
UserC,h01_mw03,Storage HW,0.0
UserC,h01_mw03,Radiators,0.0
UserC,h01_mw03,Floor heating,0.0
UserC,h01_mw03,Induction stove,0.0
UserC,h01_mw03,Gas stove,0.0
UserC,h01_mw03,Gas National Grid,0.0
UserC,h02_mw03,PV sys,0.0
UserC,h02_mw03,National Grid EE,0.0
UserC,h02_mw03,Storage EE,6.027936421348744
UserC,h02_mw03,Gas Boiler,0.0
UserC,h02_mw03,HP,0.0
UserC,h02_mw03,AC,0.0
UserC,h02_mw03,Storage HW,0.0
UserC,h02_mw03,Radiators,0.0
UserC,h02_mw03,Floor heating,0.0
UserC,h02_mw03,Induction stove,0.0
UserC,h02_mw03,Gas stove,0.0
UserC,h02_mw03,Gas National Grid,0.0
UserC,h03_mw03,PV sys,0.0
UserC,h03_mw03,National Grid EE,0.0
UserC,h03_mw03,Storage EE,5.888447631365936
UserC,h03_mw03,Gas Boiler,0.0
UserC,h03_mw03,HP,0.0
UserC,h03_mw03,AC,0.0
UserC,h03_mw03,Storage HW,0.0
UserC,h03_mw03,Radiators,0.0
UserC,h03_mw03,Floor heating,0.0
UserC,h03_mw03,Induction stove,0.0
UserC,h03_mw03,Gas stove,0.0
UserC,h03_mw03,Gas National Grid,0.0
UserC,h04_mw03,PV sys,0.0
UserC,h04_mw03,National Grid EE,0.0
UserC,h04_mw03,Storage EE,5.702056161995524
UserC,h04_mw03,Gas Boiler,0.0
UserC,h04_mw03,HP,0.0
UserC,h04_mw03,AC,0.0
UserC,h04_mw03,Storage HW,0.0
UserC,h04_mw03,Radiators,0.0
UserC,h04_mw03,Floor heating,0.0
UserC,h04_mw03,Induction stove,0.0
UserC,h04_mw03,Gas stove,0.0
UserC,h04_mw03,Gas National Grid,0.0
UserC,h05_mw03,PV sys,0.0
UserC,h05_mw03,National Grid EE,0.0
UserC,h05_mw03,Storage EE,5.524618295377343
UserC,h05_mw03,Gas Boiler,0.0
UserC,h05_mw03,HP,0.0
UserC,h05_mw03,AC,0.0
UserC,h05_mw03,Storage HW,0.0
UserC,h05_mw03,Radiators,0.0
UserC,h05_mw03,Floor heating,0.0
UserC,h05_mw03,Induction stove,0.0
UserC,h05_mw03,Gas stove,0.0
UserC,h05_mw03,Gas National Grid,0.0
UserC,h06_mw03,PV sys,0.0
UserC,h06_mw03,National Grid EE,0.0
UserC,h06_mw03,Storage EE,5.376494331949837
UserC,h06_mw03,Gas Boiler,0.0
UserC,h06_mw03,HP,0.0
UserC,h06_mw03,AC,0.0
UserC,h06_mw03,Storage HW,0.0
UserC,h06_mw03,Radiators,0.0
UserC,h06_mw03,Floor heating,0.0
UserC,h06_mw03,Induction stove,0.0
UserC,h06_mw03,Gas stove,0.0
UserC,h06_mw03,Gas National Grid,0.0
UserC,h07_mw03,PV sys,0.0
UserC,h07_mw03,National Grid EE,0.0
UserC,h07_mw03,Storage EE,5.347048681576342
UserC,h07_mw03,Gas Boiler,0.0
UserC,h07_mw03,HP,0.0
UserC,h07_mw03,AC,0.0
UserC,h07_mw03,Storage HW,0.0
UserC,h07_mw03,Radiators,0.0
UserC,h07_mw03,Floor heating,0.0
UserC,h07_mw03,Induction stove,0.0
UserC,h07_mw03,Gas stove,0.0
UserC,h07_mw03,Gas National Grid,0.0
UserC,h08_mw03,PV sys,0.0
UserC,h08_mw03,National Grid EE,0.0
UserC,h08_mw03,Storage EE,5.675428681576343
UserC,h08_mw03,Gas Boiler,0.0
UserC,h08_mw03,HP,0.0
UserC,h08_mw03,AC,0.0
UserC,h08_mw03,Storage HW,0.0
UserC,h08_mw03,Radiators,0.0
UserC,h08_mw03,Floor heating,0.0
UserC,h08_mw03,Induction stove,0.0
UserC,h08_mw03,Gas stove,0.0
UserC,h08_mw03,Gas National Grid,0.0
UserC,h09_mw03,PV sys,0.0
UserC,h09_mw03,National Grid EE,0.0
UserC,h09_mw03,Storage EE,5.298210264101782
UserC,h09_mw03,Gas Boiler,0.0
UserC,h09_mw03,HP,0.0
UserC,h09_mw03,AC,0.0
UserC,h09_mw03,Storage HW,0.0
UserC,h09_mw03,Radiators,0.0
UserC,h09_mw03,Floor heating,0.0
UserC,h09_mw03,Induction stove,0.0
UserC,h09_mw03,Gas stove,0.0
UserC,h09_mw03,Gas National Grid,0.0
UserC,h10_mw03,PV sys,0.0
UserC,h10_mw03,National Grid EE,0.0
UserC,h10_mw03,Storage EE,4.898741676869327
UserC,h10_mw03,Gas Boiler,0.0
UserC,h10_mw03,HP,0.0
UserC,h10_mw03,AC,0.0
UserC,h10_mw03,Storage HW,0.0
UserC,h10_mw03,Radiators,0.0
UserC,h10_mw03,Floor heating,0.0
UserC,h10_mw03,Induction stove,0.0
UserC,h10_mw03,Gas stove,0.0
UserC,h10_mw03,Gas National Grid,0.0
UserC,h11_mw03,PV sys,0.0
UserC,h11_mw03,National Grid EE,0.0
UserC,h11_mw03,Storage EE,5.469401676869327
UserC,h11_mw03,Gas Boiler,0.0
UserC,h11_mw03,HP,0.0
UserC,h11_mw03,AC,0.0
UserC,h11_mw03,Storage HW,0.0
UserC,h11_mw03,Radiators,0.0
UserC,h11_mw03,Floor heating,0.0
UserC,h11_mw03,Induction stove,0.0
UserC,h11_mw03,Gas stove,0.0
UserC,h11_mw03,Gas National Grid,0.0
UserC,h12_mw03,PV sys,0.0
UserC,h12_mw03,National Grid EE,0.0
UserC,h12_mw03,Storage EE,6.011081676869327
UserC,h12_mw03,Gas Boiler,0.0
UserC,h12_mw03,HP,0.0
UserC,h12_mw03,AC,0.0
UserC,h12_mw03,Storage HW,0.0
UserC,h12_mw03,Radiators,0.0
UserC,h12_mw03,Floor heating,0.0
UserC,h12_mw03,Induction stove,0.0
UserC,h12_mw03,Gas stove,0.0
UserC,h12_mw03,Gas National Grid,0.0
UserC,h13_mw03,PV sys,0.0
UserC,h13_mw03,National Grid EE,0.0
UserC,h13_mw03,Storage EE,5.267604596167596
UserC,h13_mw03,Gas Boiler,0.0
UserC,h13_mw03,HP,0.0
UserC,h13_mw03,AC,0.0
UserC,h13_mw03,Storage HW,0.0
UserC,h13_mw03,Radiators,0.0
UserC,h13_mw03,Floor heating,0.0
UserC,h13_mw03,Induction stove,0.0
UserC,h13_mw03,Gas stove,0.0
UserC,h13_mw03,Gas National Grid,0.0
UserC,h14_mw03,PV sys,0.0
UserC,h14_mw03,National Grid EE,0.0
UserC,h14_mw03,Storage EE,3.9607217561360537
UserC,h14_mw03,Gas Boiler,0.0
UserC,h14_mw03,HP,0.0
UserC,h14_mw03,AC,0.0
UserC,h14_mw03,Storage HW,0.0
UserC,h14_mw03,Radiators,0.0
UserC,h14_mw03,Floor heating,0.0
UserC,h14_mw03,Induction stove,0.0
UserC,h14_mw03,Gas stove,0.0
UserC,h14_mw03,Gas National Grid,0.0
UserC,h15_mw03,PV sys,0.0
UserC,h15_mw03,National Grid EE,0.0
UserC,h15_mw03,Storage EE,3.8424872345586105
UserC,h15_mw03,Gas Boiler,0.0
UserC,h15_mw03,HP,0.0
UserC,h15_mw03,AC,0.0
UserC,h15_mw03,Storage HW,0.0
UserC,h15_mw03,Radiators,0.0
UserC,h15_mw03,Floor heating,0.0
UserC,h15_mw03,Induction stove,0.0
UserC,h15_mw03,Gas stove,0.0
UserC,h15_mw03,Gas National Grid,0.0
UserC,h16_mw03,PV sys,0.0
UserC,h16_mw03,National Grid EE,0.0
UserC,h16_mw03,Storage EE,4.18052723455861
UserC,h16_mw03,Gas Boiler,0.0
UserC,h16_mw03,HP,0.0
UserC,h16_mw03,AC,0.0
UserC,h16_mw03,Storage HW,0.0
UserC,h16_mw03,Radiators,0.0
UserC,h16_mw03,Floor heating,0.0
UserC,h16_mw03,Induction stove,0.0
UserC,h16_mw03,Gas stove,0.0
UserC,h16_mw03,Gas National Grid,0.0
UserC,h17_mw03,PV sys,0.0
UserC,h17_mw03,National Grid EE,0.0
UserC,h17_mw03,Storage EE,4.10361581712095
UserC,h17_mw03,Gas Boiler,0.0
UserC,h17_mw03,HP,0.0
UserC,h17_mw03,AC,0.0
UserC,h17_mw03,Storage HW,0.0
UserC,h17_mw03,Radiators,0.0
UserC,h17_mw03,Floor heating,0.0
UserC,h17_mw03,Induction stove,0.0
UserC,h17_mw03,Gas stove,0.0
UserC,h17_mw03,Gas National Grid,0.0
UserC,h18_mw03,PV sys,0.0
UserC,h18_mw03,National Grid EE,0.0
UserC,h18_mw03,Storage EE,3.4919208509959283
UserC,h18_mw03,Gas Boiler,0.0
UserC,h18_mw03,HP,0.0
UserC,h18_mw03,AC,0.0
UserC,h18_mw03,Storage HW,0.0
UserC,h18_mw03,Radiators,0.0
UserC,h18_mw03,Floor heating,0.0
UserC,h18_mw03,Induction stove,0.0
UserC,h18_mw03,Gas stove,0.0
UserC,h18_mw03,Gas National Grid,0.0
UserC,h19_mw03,PV sys,0.0
UserC,h19_mw03,National Grid EE,0.0
UserC,h19_mw03,Storage EE,2.5126786694344894
UserC,h19_mw03,Gas Boiler,0.0
UserC,h19_mw03,HP,0.0
UserC,h19_mw03,AC,0.0
UserC,h19_mw03,Storage HW,0.0
UserC,h19_mw03,Radiators,0.0
UserC,h19_mw03,Floor heating,0.0
UserC,h19_mw03,Induction stove,0.0
UserC,h19_mw03,Gas stove,0.0
UserC,h19_mw03,Gas National Grid,0.0
UserC,h20_mw03,PV sys,0.0
UserC,h20_mw03,National Grid EE,0.0
UserC,h20_mw03,Storage EE,2.5126786694344894
UserC,h20_mw03,Gas Boiler,0.0
UserC,h20_mw03,HP,0.0
UserC,h20_mw03,AC,0.0
UserC,h20_mw03,Storage HW,0.0
UserC,h20_mw03,Radiators,0.0
UserC,h20_mw03,Floor heating,0.0
UserC,h20_mw03,Induction stove,0.0
UserC,h20_mw03,Gas stove,0.0
UserC,h20_mw03,Gas National Grid,0.0
UserC,h21_mw03,PV sys,0.0
UserC,h21_mw03,National Grid EE,0.0
UserC,h21_mw03,Storage EE,2.5126786694344894
UserC,h21_mw03,Gas Boiler,0.0
UserC,h21_mw03,HP,0.0
UserC,h21_mw03,AC,0.0
UserC,h21_mw03,Storage HW,0.0
UserC,h21_mw03,Radiators,0.0
UserC,h21_mw03,Floor heating,0.0
UserC,h21_mw03,Induction stove,0.0
UserC,h21_mw03,Gas stove,0.0
UserC,h21_mw03,Gas National Grid,0.0
UserC,h22_mw03,PV sys,0.0
UserC,h22_mw03,National Grid EE,0.0
UserC,h22_mw03,Storage EE,1.9789032913146976
UserC,h22_mw03,Gas Boiler,0.0
UserC,h22_mw03,HP,0.0
UserC,h22_mw03,AC,0.0
UserC,h22_mw03,Storage HW,0.0
UserC,h22_mw03,Radiators,0.0
UserC,h22_mw03,Floor heating,0.0
UserC,h22_mw03,Induction stove,0.0
UserC,h22_mw03,Gas stove,0.0
UserC,h22_mw03,Gas National Grid,0.0
UserC,h23_mw03,PV sys,0.0
UserC,h23_mw03,National Grid EE,0.0
UserC,h23_mw03,Storage EE,1.1999999999999984
UserC,h23_mw03,Gas Boiler,0.0
UserC,h23_mw03,HP,0.0
UserC,h23_mw03,AC,0.0
UserC,h23_mw03,Storage HW,0.0
UserC,h23_mw03,Radiators,0.0
UserC,h23_mw03,Floor heating,0.0
UserC,h23_mw03,Induction stove,0.0
UserC,h23_mw03,Gas stove,0.0
UserC,h23_mw03,Gas National Grid,0.0
UserC,h24_mw03,PV sys,0.0
UserC,h24_mw03,National Grid EE,0.0
UserC,h24_mw03,Storage EE,1.2000000000000002
UserC,h24_mw03,Gas Boiler,0.0
UserC,h24_mw03,HP,0.0
UserC,h24_mw03,AC,0.0
UserC,h24_mw03,Storage HW,0.0
UserC,h24_mw03,Radiators,0.0
UserC,h24_mw03,Floor heating,0.0
UserC,h24_mw03,Induction stove,0.0
UserC,h24_mw03,Gas stove,0.0
UserC,h24_mw03,Gas National Grid,0.0
UserC,h01_mw04,PV sys,0.0
UserC,h01_mw04,National Grid EE,0.0
UserC,h01_mw04,Storage EE,1.1999999999999984
UserC,h01_mw04,Gas Boiler,0.0
UserC,h01_mw04,HP,0.0
UserC,h01_mw04,AC,0.0
UserC,h01_mw04,Storage HW,0.0
UserC,h01_mw04,Radiators,0.0
UserC,h01_mw04,Floor heating,0.0
UserC,h01_mw04,Induction stove,0.0
UserC,h01_mw04,Gas stove,0.0
UserC,h01_mw04,Gas National Grid,0.0
UserC,h02_mw04,PV sys,0.0
UserC,h02_mw04,National Grid EE,0.0
UserC,h02_mw04,Storage EE,1.1999999999999984
UserC,h02_mw04,Gas Boiler,0.0
UserC,h02_mw04,HP,0.0
UserC,h02_mw04,AC,0.0
UserC,h02_mw04,Storage HW,0.0
UserC,h02_mw04,Radiators,0.0
UserC,h02_mw04,Floor heating,0.0
UserC,h02_mw04,Induction stove,0.0
UserC,h02_mw04,Gas stove,0.0
UserC,h02_mw04,Gas National Grid,0.0
UserC,h03_mw04,PV sys,0.0
UserC,h03_mw04,National Grid EE,0.0
UserC,h03_mw04,Storage EE,1.1999999999999984
UserC,h03_mw04,Gas Boiler,0.0
UserC,h03_mw04,HP,0.0
UserC,h03_mw04,AC,0.0
UserC,h03_mw04,Storage HW,0.0
UserC,h03_mw04,Radiators,0.0
UserC,h03_mw04,Floor heating,0.0
UserC,h03_mw04,Induction stove,0.0
UserC,h03_mw04,Gas stove,0.0
UserC,h03_mw04,Gas National Grid,0.0
UserC,h04_mw04,PV sys,0.0
UserC,h04_mw04,National Grid EE,0.0
UserC,h04_mw04,Storage EE,1.1999999999999984
UserC,h04_mw04,Gas Boiler,0.0
UserC,h04_mw04,HP,0.0
UserC,h04_mw04,AC,0.0
UserC,h04_mw04,Storage HW,0.0
UserC,h04_mw04,Radiators,0.0
UserC,h04_mw04,Floor heating,0.0
UserC,h04_mw04,Induction stove,0.0
UserC,h04_mw04,Gas stove,0.0
UserC,h04_mw04,Gas National Grid,0.0
UserC,h05_mw04,PV sys,0.0
UserC,h05_mw04,National Grid EE,0.0
UserC,h05_mw04,Storage EE,1.1999999999999984
UserC,h05_mw04,Gas Boiler,0.0
UserC,h05_mw04,HP,0.0
UserC,h05_mw04,AC,0.0
UserC,h05_mw04,Storage HW,0.0
UserC,h05_mw04,Radiators,0.0
UserC,h05_mw04,Floor heating,0.0
UserC,h05_mw04,Induction stove,0.0
UserC,h05_mw04,Gas stove,0.0
UserC,h05_mw04,Gas National Grid,0.0
UserC,h06_mw04,PV sys,0.0
UserC,h06_mw04,National Grid EE,0.0
UserC,h06_mw04,Storage EE,1.2000000000000002
UserC,h06_mw04,Gas Boiler,0.0
UserC,h06_mw04,HP,0.0
UserC,h06_mw04,AC,0.0
UserC,h06_mw04,Storage HW,0.0
UserC,h06_mw04,Radiators,0.0
UserC,h06_mw04,Floor heating,0.0
UserC,h06_mw04,Induction stove,0.0
UserC,h06_mw04,Gas stove,0.0
UserC,h06_mw04,Gas National Grid,0.0
UserC,h07_mw04,PV sys,0.0
UserC,h07_mw04,National Grid EE,0.0
UserC,h07_mw04,Storage EE,1.2999974929566442
UserC,h07_mw04,Gas Boiler,0.0
UserC,h07_mw04,HP,0.0
UserC,h07_mw04,AC,0.0
UserC,h07_mw04,Storage HW,0.0
UserC,h07_mw04,Radiators,0.0
UserC,h07_mw04,Floor heating,0.0
UserC,h07_mw04,Induction stove,0.0
UserC,h07_mw04,Gas stove,0.0
UserC,h07_mw04,Gas National Grid,0.0
UserC,h08_mw04,PV sys,0.0
UserC,h08_mw04,National Grid EE,0.0
UserC,h08_mw04,Storage EE,1.2000000000000002
UserC,h08_mw04,Gas Boiler,0.0
UserC,h08_mw04,HP,0.0
UserC,h08_mw04,AC,0.0
UserC,h08_mw04,Storage HW,0.0
UserC,h08_mw04,Radiators,0.0
UserC,h08_mw04,Floor heating,0.0
UserC,h08_mw04,Induction stove,0.0
UserC,h08_mw04,Gas stove,0.0
UserC,h08_mw04,Gas National Grid,0.0
UserC,h09_mw04,PV sys,0.0
UserC,h09_mw04,National Grid EE,0.0
UserC,h09_mw04,Storage EE,1.6968291583914363
UserC,h09_mw04,Gas Boiler,0.0
UserC,h09_mw04,HP,0.0
UserC,h09_mw04,AC,0.0
UserC,h09_mw04,Storage HW,0.0
UserC,h09_mw04,Radiators,0.0
UserC,h09_mw04,Floor heating,0.0
UserC,h09_mw04,Induction stove,0.0
UserC,h09_mw04,Gas stove,0.0
UserC,h09_mw04,Gas National Grid,0.0
UserC,h10_mw04,PV sys,0.0
UserC,h10_mw04,National Grid EE,0.0
UserC,h10_mw04,Storage EE,2.6092422815195606
UserC,h10_mw04,Gas Boiler,0.0
UserC,h10_mw04,HP,0.0
UserC,h10_mw04,AC,0.0
UserC,h10_mw04,Storage HW,0.0
UserC,h10_mw04,Radiators,0.0
UserC,h10_mw04,Floor heating,0.0
UserC,h10_mw04,Induction stove,0.0
UserC,h10_mw04,Gas stove,0.0
UserC,h10_mw04,Gas National Grid,0.0
UserC,h11_mw04,PV sys,0.0
UserC,h11_mw04,National Grid EE,0.0
UserC,h11_mw04,Storage EE,4.415396356494492
UserC,h11_mw04,Gas Boiler,0.0
UserC,h11_mw04,HP,0.0
UserC,h11_mw04,AC,0.0
UserC,h11_mw04,Storage HW,0.0
UserC,h11_mw04,Radiators,0.0
UserC,h11_mw04,Floor heating,0.0
UserC,h11_mw04,Induction stove,0.0
UserC,h11_mw04,Gas stove,0.0
UserC,h11_mw04,Gas National Grid,0.0
UserC,h12_mw04,PV sys,0.0
UserC,h12_mw04,National Grid EE,0.0
UserC,h12_mw04,Storage EE,4.079644588290179
UserC,h12_mw04,Gas Boiler,0.0
UserC,h12_mw04,HP,0.0
UserC,h12_mw04,AC,0.0
UserC,h12_mw04,Storage HW,0.0
UserC,h12_mw04,Radiators,0.0
UserC,h12_mw04,Floor heating,0.0
UserC,h12_mw04,Induction stove,0.0
UserC,h12_mw04,Gas stove,0.0
UserC,h12_mw04,Gas National Grid,0.0
UserC,h13_mw04,PV sys,0.0
UserC,h13_mw04,National Grid EE,0.0
UserC,h13_mw04,Storage EE,6.706081260550933
UserC,h13_mw04,Gas Boiler,0.0
UserC,h13_mw04,HP,0.0
UserC,h13_mw04,AC,0.0
UserC,h13_mw04,Storage HW,0.0
UserC,h13_mw04,Radiators,0.0
UserC,h13_mw04,Floor heating,0.0
UserC,h13_mw04,Induction stove,0.0
UserC,h13_mw04,Gas stove,0.0
UserC,h13_mw04,Gas National Grid,0.0
UserC,h14_mw04,PV sys,0.0
UserC,h14_mw04,National Grid EE,0.0
UserC,h14_mw04,Storage EE,9.361315727231963
UserC,h14_mw04,Gas Boiler,0.0
UserC,h14_mw04,HP,0.0
UserC,h14_mw04,AC,0.0
UserC,h14_mw04,Storage HW,0.0
UserC,h14_mw04,Radiators,0.0
UserC,h14_mw04,Floor heating,0.0
UserC,h14_mw04,Induction stove,0.0
UserC,h14_mw04,Gas stove,0.0
UserC,h14_mw04,Gas National Grid,0.0
UserC,h15_mw04,PV sys,0.0
UserC,h15_mw04,National Grid EE,0.0
UserC,h15_mw04,Storage EE,11.399999999999999
UserC,h15_mw04,Gas Boiler,0.0
UserC,h15_mw04,HP,0.0
UserC,h15_mw04,AC,0.0
UserC,h15_mw04,Storage HW,0.0
UserC,h15_mw04,Radiators,0.0
UserC,h15_mw04,Floor heating,0.0
UserC,h15_mw04,Induction stove,0.0
UserC,h15_mw04,Gas stove,0.0
UserC,h15_mw04,Gas National Grid,0.0
UserC,h16_mw04,PV sys,0.0
UserC,h16_mw04,National Grid EE,0.0
UserC,h16_mw04,Storage EE,11.399999999999999
UserC,h16_mw04,Gas Boiler,0.0
UserC,h16_mw04,HP,0.0
UserC,h16_mw04,AC,0.0
UserC,h16_mw04,Storage HW,0.0
UserC,h16_mw04,Radiators,0.0
UserC,h16_mw04,Floor heating,0.0
UserC,h16_mw04,Induction stove,0.0
UserC,h16_mw04,Gas stove,0.0
UserC,h16_mw04,Gas National Grid,0.0
UserC,h17_mw04,PV sys,0.0
UserC,h17_mw04,National Grid EE,0.0
UserC,h17_mw04,Storage EE,11.399999999999999
UserC,h17_mw04,Gas Boiler,0.0
UserC,h17_mw04,HP,0.0
UserC,h17_mw04,AC,0.0
UserC,h17_mw04,Storage HW,0.0
UserC,h17_mw04,Radiators,0.0
UserC,h17_mw04,Floor heating,0.0
UserC,h17_mw04,Induction stove,0.0
UserC,h17_mw04,Gas stove,0.0
UserC,h17_mw04,Gas National Grid,0.0
UserC,h18_mw04,PV sys,0.0
UserC,h18_mw04,National Grid EE,0.0
UserC,h18_mw04,Storage EE,11.201393075956002
UserC,h18_mw04,Gas Boiler,0.0
UserC,h18_mw04,HP,0.0
UserC,h18_mw04,AC,0.0
UserC,h18_mw04,Storage HW,0.0
UserC,h18_mw04,Radiators,0.0
UserC,h18_mw04,Floor heating,0.0
UserC,h18_mw04,Induction stove,0.0
UserC,h18_mw04,Gas stove,0.0
UserC,h18_mw04,Gas National Grid,0.0
UserC,h19_mw04,PV sys,0.0
UserC,h19_mw04,National Grid EE,0.0
UserC,h19_mw04,Storage EE,10.412961203085233
UserC,h19_mw04,Gas Boiler,0.0
UserC,h19_mw04,HP,0.0
UserC,h19_mw04,AC,0.0
UserC,h19_mw04,Storage HW,0.0
UserC,h19_mw04,Radiators,0.0
UserC,h19_mw04,Floor heating,0.0
UserC,h19_mw04,Induction stove,0.0
UserC,h19_mw04,Gas stove,0.0
UserC,h19_mw04,Gas National Grid,0.0
UserC,h20_mw04,PV sys,0.0
UserC,h20_mw04,National Grid EE,0.0
UserC,h20_mw04,Storage EE,9.487087289408233
UserC,h20_mw04,Gas Boiler,0.0
UserC,h20_mw04,HP,0.0
UserC,h20_mw04,AC,0.0
UserC,h20_mw04,Storage HW,0.0
UserC,h20_mw04,Radiators,0.0
UserC,h20_mw04,Floor heating,0.0
UserC,h20_mw04,Induction stove,0.0
UserC,h20_mw04,Gas stove,0.0
UserC,h20_mw04,Gas National Grid,0.0
UserC,h21_mw04,PV sys,0.0
UserC,h21_mw04,National Grid EE,0.0
UserC,h21_mw04,Storage EE,8.95351485173723
UserC,h21_mw04,Gas Boiler,0.0
UserC,h21_mw04,HP,0.0
UserC,h21_mw04,AC,0.0
UserC,h21_mw04,Storage HW,0.0
UserC,h21_mw04,Radiators,0.0
UserC,h21_mw04,Floor heating,0.0
UserC,h21_mw04,Induction stove,0.0
UserC,h21_mw04,Gas stove,0.0
UserC,h21_mw04,Gas National Grid,0.0
UserC,h22_mw04,PV sys,0.0
UserC,h22_mw04,National Grid EE,0.0
UserC,h22_mw04,Storage EE,8.109676501945147
UserC,h22_mw04,Gas Boiler,0.0
UserC,h22_mw04,HP,0.0
UserC,h22_mw04,AC,0.0
UserC,h22_mw04,Storage HW,0.0
UserC,h22_mw04,Radiators,0.0
UserC,h22_mw04,Floor heating,0.0
UserC,h22_mw04,Induction stove,0.0
UserC,h22_mw04,Gas stove,0.0
UserC,h22_mw04,Gas National Grid,0.0
UserC,h23_mw04,PV sys,0.0
UserC,h23_mw04,National Grid EE,0.0
UserC,h23_mw04,Storage EE,7.479395162485083
UserC,h23_mw04,Gas Boiler,0.0
UserC,h23_mw04,HP,0.0
UserC,h23_mw04,AC,0.0
UserC,h23_mw04,Storage HW,0.0
UserC,h23_mw04,Radiators,0.0
UserC,h23_mw04,Floor heating,0.0
UserC,h23_mw04,Induction stove,0.0
UserC,h23_mw04,Gas stove,0.0
UserC,h23_mw04,Gas National Grid,0.0
UserC,h24_mw04,PV sys,0.0
UserC,h24_mw04,National Grid EE,0.0
UserC,h24_mw04,Storage EE,7.135908154319804
UserC,h24_mw04,Gas Boiler,0.0
UserC,h24_mw04,HP,0.0
UserC,h24_mw04,AC,0.0
UserC,h24_mw04,Storage HW,0.0
UserC,h24_mw04,Radiators,0.0
UserC,h24_mw04,Floor heating,0.0
UserC,h24_mw04,Induction stove,0.0
UserC,h24_mw04,Gas stove,0.0
UserC,h24_mw04,Gas National Grid,0.0
UserC,h01_mw05,PV sys,0.0
UserC,h01_mw05,National Grid EE,0.0
UserC,h01_mw05,Storage EE,6.752378927983056
UserC,h01_mw05,Gas Boiler,0.0
UserC,h01_mw05,HP,0.0
UserC,h01_mw05,AC,0.0
UserC,h01_mw05,Storage HW,0.0
UserC,h01_mw05,Radiators,0.0
UserC,h01_mw05,Floor heating,0.0
UserC,h01_mw05,Induction stove,0.0
UserC,h01_mw05,Gas stove,0.0
UserC,h01_mw05,Gas National Grid,0.0
UserC,h02_mw05,PV sys,0.0
UserC,h02_mw05,National Grid EE,0.0
UserC,h02_mw05,Storage EE,6.58292519519985
UserC,h02_mw05,Gas Boiler,0.0
UserC,h02_mw05,HP,0.0
UserC,h02_mw05,AC,0.0
UserC,h02_mw05,Storage HW,0.0
UserC,h02_mw05,Radiators,0.0
UserC,h02_mw05,Floor heating,0.0
UserC,h02_mw05,Induction stove,0.0
UserC,h02_mw05,Gas stove,0.0
UserC,h02_mw05,Gas National Grid,0.0
UserC,h03_mw05,PV sys,0.0
UserC,h03_mw05,National Grid EE,0.0
UserC,h03_mw05,Storage EE,6.414774009324956
UserC,h03_mw05,Gas Boiler,0.0
UserC,h03_mw05,HP,0.0
UserC,h03_mw05,AC,0.0
UserC,h03_mw05,Storage HW,0.0
UserC,h03_mw05,Radiators,0.0
UserC,h03_mw05,Floor heating,0.0
UserC,h03_mw05,Induction stove,0.0
UserC,h03_mw05,Gas stove,0.0
UserC,h03_mw05,Gas National Grid,0.0
UserC,h04_mw05,PV sys,0.0
UserC,h04_mw05,National Grid EE,0.0
UserC,h04_mw05,Storage EE,6.25753004612667
UserC,h04_mw05,Gas Boiler,0.0
UserC,h04_mw05,HP,0.0
UserC,h04_mw05,AC,0.0
UserC,h04_mw05,Storage HW,0.0
UserC,h04_mw05,Radiators,0.0
UserC,h04_mw05,Floor heating,0.0
UserC,h04_mw05,Induction stove,0.0
UserC,h04_mw05,Gas stove,0.0
UserC,h04_mw05,Gas National Grid,0.0
UserC,h05_mw05,PV sys,0.0
UserC,h05_mw05,National Grid EE,0.0
UserC,h05_mw05,Storage EE,6.117223385233068
UserC,h05_mw05,Gas Boiler,0.0
UserC,h05_mw05,HP,0.0
UserC,h05_mw05,AC,0.0
UserC,h05_mw05,Storage HW,0.0
UserC,h05_mw05,Radiators,0.0
UserC,h05_mw05,Floor heating,0.0
UserC,h05_mw05,Induction stove,0.0
UserC,h05_mw05,Gas stove,0.0
UserC,h05_mw05,Gas National Grid,0.0
UserC,h06_mw05,PV sys,0.0
UserC,h06_mw05,National Grid EE,0.0
UserC,h06_mw05,Storage EE,6.071707876808814
UserC,h06_mw05,Gas Boiler,0.0
UserC,h06_mw05,HP,0.0
UserC,h06_mw05,AC,0.0
UserC,h06_mw05,Storage HW,0.0
UserC,h06_mw05,Radiators,0.0
UserC,h06_mw05,Floor heating,0.0
UserC,h06_mw05,Induction stove,0.0
UserC,h06_mw05,Gas stove,0.0
UserC,h06_mw05,Gas National Grid,0.0
UserC,h07_mw05,PV sys,0.0
UserC,h07_mw05,National Grid EE,0.0
UserC,h07_mw05,Storage EE,5.411823179700848
UserC,h07_mw05,Gas Boiler,0.0
UserC,h07_mw05,HP,0.0
UserC,h07_mw05,AC,0.0
UserC,h07_mw05,Storage HW,0.0
UserC,h07_mw05,Radiators,0.0
UserC,h07_mw05,Floor heating,0.0
UserC,h07_mw05,Induction stove,0.0
UserC,h07_mw05,Gas stove,0.0
UserC,h07_mw05,Gas National Grid,0.0
UserC,h08_mw05,PV sys,0.0
UserC,h08_mw05,National Grid EE,0.0
UserC,h08_mw05,Storage EE,4.604229719512586
UserC,h08_mw05,Gas Boiler,0.0
UserC,h08_mw05,HP,0.0
UserC,h08_mw05,AC,0.0
UserC,h08_mw05,Storage HW,0.0
UserC,h08_mw05,Radiators,0.0
UserC,h08_mw05,Floor heating,0.0
UserC,h08_mw05,Induction stove,0.0
UserC,h08_mw05,Gas stove,0.0
UserC,h08_mw05,Gas National Grid,0.0
UserC,h09_mw05,PV sys,0.0
UserC,h09_mw05,National Grid EE,0.0
UserC,h09_mw05,Storage EE,4.358418310503303
UserC,h09_mw05,Gas Boiler,0.0
UserC,h09_mw05,HP,0.0
UserC,h09_mw05,AC,0.0
UserC,h09_mw05,Storage HW,0.0
UserC,h09_mw05,Radiators,0.0
UserC,h09_mw05,Floor heating,0.0
UserC,h09_mw05,Induction stove,0.0
UserC,h09_mw05,Gas stove,0.0
UserC,h09_mw05,Gas National Grid,0.0
UserC,h10_mw05,PV sys,0.0
UserC,h10_mw05,National Grid EE,0.0
UserC,h10_mw05,Storage EE,5.025500144786127
UserC,h10_mw05,Gas Boiler,0.0
UserC,h10_mw05,HP,0.0
UserC,h10_mw05,AC,0.0
UserC,h10_mw05,Storage HW,0.0
UserC,h10_mw05,Radiators,0.0
UserC,h10_mw05,Floor heating,0.0
UserC,h10_mw05,Induction stove,0.0
UserC,h10_mw05,Gas stove,0.0
UserC,h10_mw05,Gas National Grid,0.0
UserC,h11_mw05,PV sys,0.0
UserC,h11_mw05,National Grid EE,0.0
UserC,h11_mw05,Storage EE,5.340792501690187
UserC,h11_mw05,Gas Boiler,0.0
UserC,h11_mw05,HP,0.0
UserC,h11_mw05,AC,0.0
UserC,h11_mw05,Storage HW,0.0
UserC,h11_mw05,Radiators,0.0
UserC,h11_mw05,Floor heating,0.0
UserC,h11_mw05,Induction stove,0.0
UserC,h11_mw05,Gas stove,0.0
UserC,h11_mw05,Gas National Grid,0.0
UserC,h12_mw05,PV sys,0.0
UserC,h12_mw05,National Grid EE,0.0
UserC,h12_mw05,Storage EE,6.075555866888836
UserC,h12_mw05,Gas Boiler,0.0
UserC,h12_mw05,HP,0.0
UserC,h12_mw05,AC,0.0
UserC,h12_mw05,Storage HW,0.0
UserC,h12_mw05,Radiators,0.0
UserC,h12_mw05,Floor heating,0.0
UserC,h12_mw05,Induction stove,0.0
UserC,h12_mw05,Gas stove,0.0
UserC,h12_mw05,Gas National Grid,0.0
UserC,h13_mw05,PV sys,0.0
UserC,h13_mw05,National Grid EE,0.0
UserC,h13_mw05,Storage EE,6.834435713128068
UserC,h13_mw05,Gas Boiler,0.0
UserC,h13_mw05,HP,0.0
UserC,h13_mw05,AC,0.0
UserC,h13_mw05,Storage HW,0.0
UserC,h13_mw05,Radiators,0.0
UserC,h13_mw05,Floor heating,0.0
UserC,h13_mw05,Induction stove,0.0
UserC,h13_mw05,Gas stove,0.0
UserC,h13_mw05,Gas National Grid,0.0
UserC,h14_mw05,PV sys,0.0
UserC,h14_mw05,National Grid EE,0.0
UserC,h14_mw05,Storage EE,7.865268587284437
UserC,h14_mw05,Gas Boiler,0.0
UserC,h14_mw05,HP,0.0
UserC,h14_mw05,AC,0.0
UserC,h14_mw05,Storage HW,0.0
UserC,h14_mw05,Radiators,0.0
UserC,h14_mw05,Floor heating,0.0
UserC,h14_mw05,Induction stove,0.0
UserC,h14_mw05,Gas stove,0.0
UserC,h14_mw05,Gas National Grid,0.0
UserC,h15_mw05,PV sys,0.0
UserC,h15_mw05,National Grid EE,0.0
UserC,h15_mw05,Storage EE,8.667712943568342
UserC,h15_mw05,Gas Boiler,0.0
UserC,h15_mw05,HP,0.0
UserC,h15_mw05,AC,0.0
UserC,h15_mw05,Storage HW,0.0
UserC,h15_mw05,Radiators,0.0
UserC,h15_mw05,Floor heating,0.0
UserC,h15_mw05,Induction stove,0.0
UserC,h15_mw05,Gas stove,0.0
UserC,h15_mw05,Gas National Grid,0.0
UserC,h16_mw05,PV sys,0.0
UserC,h16_mw05,National Grid EE,0.0
UserC,h16_mw05,Storage EE,9.378190336994667
UserC,h16_mw05,Gas Boiler,0.0
UserC,h16_mw05,HP,0.0
UserC,h16_mw05,AC,0.0
UserC,h16_mw05,Storage HW,0.0
UserC,h16_mw05,Radiators,0.0
UserC,h16_mw05,Floor heating,0.0
UserC,h16_mw05,Induction stove,0.0
UserC,h16_mw05,Gas stove,0.0
UserC,h16_mw05,Gas National Grid,0.0
UserC,h17_mw05,PV sys,0.0
UserC,h17_mw05,National Grid EE,0.0
UserC,h17_mw05,Storage EE,9.88262773042099
UserC,h17_mw05,Gas Boiler,0.0
UserC,h17_mw05,HP,0.0
UserC,h17_mw05,AC,0.0
UserC,h17_mw05,Storage HW,0.0
UserC,h17_mw05,Radiators,0.0
UserC,h17_mw05,Floor heating,0.0
UserC,h17_mw05,Induction stove,0.0
UserC,h17_mw05,Gas stove,0.0
UserC,h17_mw05,Gas National Grid,0.0
UserC,h18_mw05,PV sys,0.0
UserC,h18_mw05,National Grid EE,0.0
UserC,h18_mw05,Storage EE,9.92043605298333
UserC,h18_mw05,Gas Boiler,0.0
UserC,h18_mw05,HP,0.0
UserC,h18_mw05,AC,0.0
UserC,h18_mw05,Storage HW,0.0
UserC,h18_mw05,Radiators,0.0
UserC,h18_mw05,Floor heating,0.0
UserC,h18_mw05,Induction stove,0.0
UserC,h18_mw05,Gas stove,0.0
UserC,h18_mw05,Gas National Grid,0.0
UserC,h19_mw05,PV sys,0.0
UserC,h19_mw05,National Grid EE,0.0
UserC,h19_mw05,Storage EE,8.968237188279032
UserC,h19_mw05,Gas Boiler,0.0
UserC,h19_mw05,HP,0.0
UserC,h19_mw05,AC,0.0
UserC,h19_mw05,Storage HW,0.0
UserC,h19_mw05,Radiators,0.0
UserC,h19_mw05,Floor heating,0.0
UserC,h19_mw05,Induction stove,0.0
UserC,h19_mw05,Gas stove,0.0
UserC,h19_mw05,Gas National Grid,0.0
UserC,h20_mw05,PV sys,0.0
UserC,h20_mw05,National Grid EE,0.0
UserC,h20_mw05,Storage EE,8.271966466378043
UserC,h20_mw05,Gas Boiler,0.0
UserC,h20_mw05,HP,0.0
UserC,h20_mw05,AC,0.0
UserC,h20_mw05,Storage HW,0.0
UserC,h20_mw05,Radiators,0.0
UserC,h20_mw05,Floor heating,0.0
UserC,h20_mw05,Induction stove,0.0
UserC,h20_mw05,Gas stove,0.0
UserC,h20_mw05,Gas National Grid,0.0
UserC,h21_mw05,PV sys,0.0
UserC,h21_mw05,National Grid EE,0.0
UserC,h21_mw05,Storage EE,7.657182942248432
UserC,h21_mw05,Gas Boiler,0.0
UserC,h21_mw05,HP,0.0
UserC,h21_mw05,AC,0.0
UserC,h21_mw05,Storage HW,0.0
UserC,h21_mw05,Radiators,0.0
UserC,h21_mw05,Floor heating,0.0
UserC,h21_mw05,Induction stove,0.0
UserC,h21_mw05,Gas stove,0.0
UserC,h21_mw05,Gas National Grid,0.0
UserC,h22_mw05,PV sys,0.0
UserC,h22_mw05,National Grid EE,0.0
UserC,h22_mw05,Storage EE,6.98679506069415
UserC,h22_mw05,Gas Boiler,0.0
UserC,h22_mw05,HP,0.0
UserC,h22_mw05,AC,0.0
UserC,h22_mw05,Storage HW,0.0
UserC,h22_mw05,Radiators,0.0
UserC,h22_mw05,Floor heating,0.0
UserC,h22_mw05,Induction stove,0.0
UserC,h22_mw05,Gas stove,0.0
UserC,h22_mw05,Gas National Grid,0.0
UserC,h23_mw05,PV sys,0.0
UserC,h23_mw05,National Grid EE,0.0
UserC,h23_mw05,Storage EE,5.187754425476294
UserC,h23_mw05,Gas Boiler,0.0
UserC,h23_mw05,HP,0.0
UserC,h23_mw05,AC,0.0
UserC,h23_mw05,Storage HW,0.0
UserC,h23_mw05,Radiators,0.0
UserC,h23_mw05,Floor heating,0.0
UserC,h23_mw05,Induction stove,0.0
UserC,h23_mw05,Gas stove,0.0
UserC,h23_mw05,Gas National Grid,0.0
UserC,h24_mw05,PV sys,0.0
UserC,h24_mw05,National Grid EE,0.0
UserC,h24_mw05,Storage EE,3.763770966316928
UserC,h24_mw05,Gas Boiler,0.0
UserC,h24_mw05,HP,0.0
UserC,h24_mw05,AC,0.0
UserC,h24_mw05,Storage HW,0.0
UserC,h24_mw05,Radiators,0.0
UserC,h24_mw05,Floor heating,0.0
UserC,h24_mw05,Induction stove,0.0
UserC,h24_mw05,Gas stove,0.0
UserC,h24_mw05,Gas National Grid,0.0
UserC,h01_mw06,PV sys,0.0
UserC,h01_mw06,National Grid EE,0.0
UserC,h01_mw06,Storage EE,3.546381028556903
UserC,h01_mw06,Gas Boiler,0.0
UserC,h01_mw06,HP,0.0
UserC,h01_mw06,AC,0.0
UserC,h01_mw06,Storage HW,0.0
UserC,h01_mw06,Radiators,0.0
UserC,h01_mw06,Floor heating,0.0
UserC,h01_mw06,Induction stove,0.0
UserC,h01_mw06,Gas stove,0.0
UserC,h01_mw06,Gas National Grid,0.0
UserC,h02_mw06,PV sys,0.0
UserC,h02_mw06,National Grid EE,0.0
UserC,h02_mw06,Storage EE,3.4177992942189617
UserC,h02_mw06,Gas Boiler,0.0
UserC,h02_mw06,HP,0.0
UserC,h02_mw06,AC,0.0
UserC,h02_mw06,Storage HW,0.0
UserC,h02_mw06,Radiators,0.0
UserC,h02_mw06,Floor heating,0.0
UserC,h02_mw06,Induction stove,0.0
UserC,h02_mw06,Gas stove,0.0
UserC,h02_mw06,Gas National Grid,0.0
UserC,h03_mw06,PV sys,0.0
UserC,h03_mw06,National Grid EE,0.0
UserC,h03_mw06,Storage EE,3.264547656837359
UserC,h03_mw06,Gas Boiler,0.0
UserC,h03_mw06,HP,0.0
UserC,h03_mw06,AC,0.0
UserC,h03_mw06,Storage HW,0.0
UserC,h03_mw06,Radiators,0.0
UserC,h03_mw06,Floor heating,0.0
UserC,h03_mw06,Induction stove,0.0
UserC,h03_mw06,Gas stove,0.0
UserC,h03_mw06,Gas National Grid,0.0
UserC,h04_mw06,PV sys,0.0
UserC,h04_mw06,National Grid EE,0.0
UserC,h04_mw06,Storage EE,3.0741144870681696
UserC,h04_mw06,Gas Boiler,0.0
UserC,h04_mw06,HP,0.0
UserC,h04_mw06,AC,0.0
UserC,h04_mw06,Storage HW,0.0
UserC,h04_mw06,Radiators,0.0
UserC,h04_mw06,Floor heating,0.0
UserC,h04_mw06,Induction stove,0.0
UserC,h04_mw06,Gas stove,0.0
UserC,h04_mw06,Gas National Grid,0.0
UserC,h05_mw06,PV sys,0.0
UserC,h05_mw06,National Grid EE,0.0
UserC,h05_mw06,Storage EE,2.885117539708139
UserC,h05_mw06,Gas Boiler,0.0
UserC,h05_mw06,HP,0.0
UserC,h05_mw06,AC,0.0
UserC,h05_mw06,Storage HW,0.0
UserC,h05_mw06,Radiators,0.0
UserC,h05_mw06,Floor heating,0.0
UserC,h05_mw06,Induction stove,0.0
UserC,h05_mw06,Gas stove,0.0
UserC,h05_mw06,Gas National Grid,0.0
UserC,h06_mw06,PV sys,0.0
UserC,h06_mw06,National Grid EE,0.0
UserC,h06_mw06,Storage EE,1.2000000000000002
UserC,h06_mw06,Gas Boiler,0.0
UserC,h06_mw06,HP,0.0
UserC,h06_mw06,AC,0.0
UserC,h06_mw06,Storage HW,0.0
UserC,h06_mw06,Radiators,0.0
UserC,h06_mw06,Floor heating,0.0
UserC,h06_mw06,Induction stove,0.0
UserC,h06_mw06,Gas stove,0.0
UserC,h06_mw06,Gas National Grid,0.0
UserC,h07_mw06,PV sys,0.0
UserC,h07_mw06,National Grid EE,0.0
UserC,h07_mw06,Storage EE,1.4975714349227491
UserC,h07_mw06,Gas Boiler,0.0
UserC,h07_mw06,HP,0.0
UserC,h07_mw06,AC,0.0
UserC,h07_mw06,Storage HW,0.0
UserC,h07_mw06,Radiators,0.0
UserC,h07_mw06,Floor heating,0.0
UserC,h07_mw06,Induction stove,0.0
UserC,h07_mw06,Gas stove,0.0
UserC,h07_mw06,Gas National Grid,0.0
UserC,h08_mw06,PV sys,0.0
UserC,h08_mw06,National Grid EE,0.0
UserC,h08_mw06,Storage EE,2.765914677398155
UserC,h08_mw06,Gas Boiler,0.0
UserC,h08_mw06,HP,0.0
UserC,h08_mw06,AC,0.0
UserC,h08_mw06,Storage HW,0.0
UserC,h08_mw06,Radiators,0.0
UserC,h08_mw06,Floor heating,0.0
UserC,h08_mw06,Induction stove,0.0
UserC,h08_mw06,Gas stove,0.0
UserC,h08_mw06,Gas National Grid,0.0
UserC,h09_mw06,PV sys,0.0
UserC,h09_mw06,National Grid EE,0.0
UserC,h09_mw06,Storage EE,4.829614133458818
UserC,h09_mw06,Gas Boiler,0.0
UserC,h09_mw06,HP,0.0
UserC,h09_mw06,AC,0.0
UserC,h09_mw06,Storage HW,0.0
UserC,h09_mw06,Radiators,0.0
UserC,h09_mw06,Floor heating,0.0
UserC,h09_mw06,Induction stove,0.0
UserC,h09_mw06,Gas stove,0.0
UserC,h09_mw06,Gas National Grid,0.0
UserC,h10_mw06,PV sys,0.0
UserC,h10_mw06,National Grid EE,0.0
UserC,h10_mw06,Storage EE,5.036570432394412
UserC,h10_mw06,Gas Boiler,0.0
UserC,h10_mw06,HP,0.0
UserC,h10_mw06,AC,0.0
UserC,h10_mw06,Storage HW,0.0
UserC,h10_mw06,Radiators,0.0
UserC,h10_mw06,Floor heating,0.0
UserC,h10_mw06,Induction stove,0.0
UserC,h10_mw06,Gas stove,0.0
UserC,h10_mw06,Gas National Grid,0.0
UserC,h11_mw06,PV sys,0.0
UserC,h11_mw06,National Grid EE,0.0
UserC,h11_mw06,Storage EE,5.969776545152243
UserC,h11_mw06,Gas Boiler,0.0
UserC,h11_mw06,HP,0.0
UserC,h11_mw06,AC,0.0
UserC,h11_mw06,Storage HW,0.0
UserC,h11_mw06,Radiators,0.0
UserC,h11_mw06,Floor heating,0.0
UserC,h11_mw06,Induction stove,0.0
UserC,h11_mw06,Gas stove,0.0
UserC,h11_mw06,Gas National Grid,0.0
UserC,h12_mw06,PV sys,0.0
UserC,h12_mw06,National Grid EE,0.0
UserC,h12_mw06,Storage EE,7.246993254290202
UserC,h12_mw06,Gas Boiler,0.0
UserC,h12_mw06,HP,0.0
UserC,h12_mw06,AC,0.0
UserC,h12_mw06,Storage HW,0.0
UserC,h12_mw06,Radiators,0.0
UserC,h12_mw06,Floor heating,0.0
UserC,h12_mw06,Induction stove,0.0
UserC,h12_mw06,Gas stove,0.0
UserC,h12_mw06,Gas National Grid,0.0
UserC,h13_mw06,PV sys,0.0
UserC,h13_mw06,National Grid EE,0.0
UserC,h13_mw06,Storage EE,7.991306160400055
UserC,h13_mw06,Gas Boiler,0.0
UserC,h13_mw06,HP,0.0
UserC,h13_mw06,AC,0.0
UserC,h13_mw06,Storage HW,0.0
UserC,h13_mw06,Radiators,0.0
UserC,h13_mw06,Floor heating,0.0
UserC,h13_mw06,Induction stove,0.0
UserC,h13_mw06,Gas stove,0.0
UserC,h13_mw06,Gas National Grid,0.0
UserC,h14_mw06,PV sys,0.0
UserC,h14_mw06,National Grid EE,0.0
UserC,h14_mw06,Storage EE,10.380758408561753
UserC,h14_mw06,Gas Boiler,0.0
UserC,h14_mw06,HP,0.0
UserC,h14_mw06,AC,0.0
UserC,h14_mw06,Storage HW,0.0
UserC,h14_mw06,Radiators,0.0
UserC,h14_mw06,Floor heating,0.0
UserC,h14_mw06,Induction stove,0.0
UserC,h14_mw06,Gas stove,0.0
UserC,h14_mw06,Gas National Grid,0.0
UserC,h15_mw06,PV sys,0.0
UserC,h15_mw06,National Grid EE,0.0
UserC,h15_mw06,Storage EE,10.685135278301484
UserC,h15_mw06,Gas Boiler,0.0
UserC,h15_mw06,HP,0.0
UserC,h15_mw06,AC,0.0
UserC,h15_mw06,Storage HW,0.0
UserC,h15_mw06,Radiators,0.0
UserC,h15_mw06,Floor heating,0.0
UserC,h15_mw06,Induction stove,0.0
UserC,h15_mw06,Gas stove,0.0
UserC,h15_mw06,Gas National Grid,0.0
UserC,h16_mw06,PV sys,0.0
UserC,h16_mw06,National Grid EE,0.0
UserC,h16_mw06,Storage EE,10.012633860863822
UserC,h16_mw06,Gas Boiler,0.0
UserC,h16_mw06,HP,0.0
UserC,h16_mw06,AC,0.0
UserC,h16_mw06,Storage HW,0.0
UserC,h16_mw06,Radiators,0.0
UserC,h16_mw06,Floor heating,0.0
UserC,h16_mw06,Induction stove,0.0
UserC,h16_mw06,Gas stove,0.0
UserC,h16_mw06,Gas National Grid,0.0
UserC,h17_mw06,PV sys,0.0
UserC,h17_mw06,National Grid EE,0.0
UserC,h17_mw06,Storage EE,10.356994334821954
UserC,h17_mw06,Gas Boiler,0.0
UserC,h17_mw06,HP,0.0
UserC,h17_mw06,AC,0.0
UserC,h17_mw06,Storage HW,0.0
UserC,h17_mw06,Radiators,0.0
UserC,h17_mw06,Floor heating,0.0
UserC,h17_mw06,Induction stove,0.0
UserC,h17_mw06,Gas stove,0.0
UserC,h17_mw06,Gas National Grid,0.0
UserC,h18_mw06,PV sys,0.0
UserC,h18_mw06,National Grid EE,0.0
UserC,h18_mw06,Storage EE,10.412952810717625
UserC,h18_mw06,Gas Boiler,0.0
UserC,h18_mw06,HP,0.0
UserC,h18_mw06,AC,0.0
UserC,h18_mw06,Storage HW,0.0
UserC,h18_mw06,Radiators,0.0
UserC,h18_mw06,Floor heating,0.0
UserC,h18_mw06,Induction stove,0.0
UserC,h18_mw06,Gas stove,0.0
UserC,h18_mw06,Gas National Grid,0.0
UserC,h19_mw06,PV sys,0.0
UserC,h19_mw06,National Grid EE,0.0
UserC,h19_mw06,Storage EE,9.48252003487877
UserC,h19_mw06,Gas Boiler,0.0
UserC,h19_mw06,HP,0.0
UserC,h19_mw06,AC,0.0
UserC,h19_mw06,Storage HW,0.0
UserC,h19_mw06,Radiators,0.0
UserC,h19_mw06,Floor heating,0.0
UserC,h19_mw06,Induction stove,0.0
UserC,h19_mw06,Gas stove,0.0
UserC,h19_mw06,Gas National Grid,0.0
UserC,h20_mw06,PV sys,0.0
UserC,h20_mw06,National Grid EE,0.0
UserC,h20_mw06,Storage EE,8.34984521481853
UserC,h20_mw06,Gas Boiler,0.0
UserC,h20_mw06,HP,0.0
UserC,h20_mw06,AC,0.0
UserC,h20_mw06,Storage HW,0.0
UserC,h20_mw06,Radiators,0.0
UserC,h20_mw06,Floor heating,0.0
UserC,h20_mw06,Induction stove,0.0
UserC,h20_mw06,Gas stove,0.0
UserC,h20_mw06,Gas National Grid,0.0
UserC,h21_mw06,PV sys,0.0
UserC,h21_mw06,National Grid EE,0.0
UserC,h21_mw06,Storage EE,7.940827413176559
UserC,h21_mw06,Gas Boiler,0.0
UserC,h21_mw06,HP,0.0
UserC,h21_mw06,AC,0.0
UserC,h21_mw06,Storage HW,0.0
UserC,h21_mw06,Radiators,0.0
UserC,h21_mw06,Floor heating,0.0
UserC,h21_mw06,Induction stove,0.0
UserC,h21_mw06,Gas stove,0.0
UserC,h21_mw06,Gas National Grid,0.0
UserC,h22_mw06,PV sys,0.0
UserC,h22_mw06,National Grid EE,0.0
UserC,h22_mw06,Storage EE,3.964630457470191
UserC,h22_mw06,Gas Boiler,0.0
UserC,h22_mw06,HP,0.0
UserC,h22_mw06,AC,0.0
UserC,h22_mw06,Storage HW,0.0
UserC,h22_mw06,Radiators,0.0
UserC,h22_mw06,Floor heating,0.0
UserC,h22_mw06,Induction stove,0.0
UserC,h22_mw06,Gas stove,0.0
UserC,h22_mw06,Gas National Grid,0.0
UserC,h23_mw06,PV sys,0.0
UserC,h23_mw06,National Grid EE,0.0
UserC,h23_mw06,Storage EE,2.392436996864501
UserC,h23_mw06,Gas Boiler,0.0
UserC,h23_mw06,HP,0.0
UserC,h23_mw06,AC,0.0
UserC,h23_mw06,Storage HW,0.0
UserC,h23_mw06,Radiators,0.0
UserC,h23_mw06,Floor heating,0.0
UserC,h23_mw06,Induction stove,0.0
UserC,h23_mw06,Gas stove,0.0
UserC,h23_mw06,Gas National Grid,0.0
UserC,h24_mw06,PV sys,0.0
UserC,h24_mw06,National Grid EE,0.0
UserC,h24_mw06,Storage EE,1.2000000000000002
UserC,h24_mw06,Gas Boiler,0.0
UserC,h24_mw06,HP,0.0
UserC,h24_mw06,AC,0.0
UserC,h24_mw06,Storage HW,0.0
UserC,h24_mw06,Radiators,0.0
UserC,h24_mw06,Floor heating,0.0
UserC,h24_mw06,Induction stove,0.0
UserC,h24_mw06,Gas stove,0.0
UserC,h24_mw06,Gas National Grid,0.0
UserC,h01_mw07,PV sys,0.0
UserC,h01_mw07,National Grid EE,0.0
UserC,h01_mw07,Storage EE,1.2000000000000002
UserC,h01_mw07,Gas Boiler,0.0
UserC,h01_mw07,HP,0.0
UserC,h01_mw07,AC,0.0
UserC,h01_mw07,Storage HW,0.0
UserC,h01_mw07,Radiators,0.0
UserC,h01_mw07,Floor heating,0.0
UserC,h01_mw07,Induction stove,0.0
UserC,h01_mw07,Gas stove,0.0
UserC,h01_mw07,Gas National Grid,0.0
UserC,h02_mw07,PV sys,0.0
UserC,h02_mw07,National Grid EE,0.0
UserC,h02_mw07,Storage EE,1.2000000000000002
UserC,h02_mw07,Gas Boiler,0.0
UserC,h02_mw07,HP,0.0
UserC,h02_mw07,AC,0.0
UserC,h02_mw07,Storage HW,0.0
UserC,h02_mw07,Radiators,0.0
UserC,h02_mw07,Floor heating,0.0
UserC,h02_mw07,Induction stove,0.0
UserC,h02_mw07,Gas stove,0.0
UserC,h02_mw07,Gas National Grid,0.0
UserC,h03_mw07,PV sys,0.0
UserC,h03_mw07,National Grid EE,0.0
UserC,h03_mw07,Storage EE,1.2000000000000002
UserC,h03_mw07,Gas Boiler,0.0
UserC,h03_mw07,HP,0.0
UserC,h03_mw07,AC,0.0
UserC,h03_mw07,Storage HW,0.0
UserC,h03_mw07,Radiators,0.0
UserC,h03_mw07,Floor heating,0.0
UserC,h03_mw07,Induction stove,0.0
UserC,h03_mw07,Gas stove,0.0
UserC,h03_mw07,Gas National Grid,0.0
UserC,h04_mw07,PV sys,0.0
UserC,h04_mw07,National Grid EE,0.0
UserC,h04_mw07,Storage EE,1.2000000000000002
UserC,h04_mw07,Gas Boiler,0.0
UserC,h04_mw07,HP,0.0
UserC,h04_mw07,AC,0.0
UserC,h04_mw07,Storage HW,0.0
UserC,h04_mw07,Radiators,0.0
UserC,h04_mw07,Floor heating,0.0
UserC,h04_mw07,Induction stove,0.0
UserC,h04_mw07,Gas stove,0.0
UserC,h04_mw07,Gas National Grid,0.0
UserC,h05_mw07,PV sys,0.0
UserC,h05_mw07,National Grid EE,0.0
UserC,h05_mw07,Storage EE,1.2000000000000002
UserC,h05_mw07,Gas Boiler,0.0
UserC,h05_mw07,HP,0.0
UserC,h05_mw07,AC,0.0
UserC,h05_mw07,Storage HW,0.0
UserC,h05_mw07,Radiators,0.0
UserC,h05_mw07,Floor heating,0.0
UserC,h05_mw07,Induction stove,0.0
UserC,h05_mw07,Gas stove,0.0
UserC,h05_mw07,Gas National Grid,0.0
UserC,h06_mw07,PV sys,0.0
UserC,h06_mw07,National Grid EE,0.0
UserC,h06_mw07,Storage EE,1.2000000000000002
UserC,h06_mw07,Gas Boiler,0.0
UserC,h06_mw07,HP,0.0
UserC,h06_mw07,AC,0.0
UserC,h06_mw07,Storage HW,0.0
UserC,h06_mw07,Radiators,0.0
UserC,h06_mw07,Floor heating,0.0
UserC,h06_mw07,Induction stove,0.0
UserC,h06_mw07,Gas stove,0.0
UserC,h06_mw07,Gas National Grid,0.0
UserC,h07_mw07,PV sys,0.0
UserC,h07_mw07,National Grid EE,0.0
UserC,h07_mw07,Storage EE,1.21638
UserC,h07_mw07,Gas Boiler,0.0
UserC,h07_mw07,HP,0.0
UserC,h07_mw07,AC,0.0
UserC,h07_mw07,Storage HW,0.0
UserC,h07_mw07,Radiators,0.0
UserC,h07_mw07,Floor heating,0.0
UserC,h07_mw07,Induction stove,0.0
UserC,h07_mw07,Gas stove,0.0
UserC,h07_mw07,Gas National Grid,0.0
UserC,h08_mw07,PV sys,0.0
UserC,h08_mw07,National Grid EE,0.0
UserC,h08_mw07,Storage EE,1.3053
UserC,h08_mw07,Gas Boiler,0.0
UserC,h08_mw07,HP,0.0
UserC,h08_mw07,AC,0.0
UserC,h08_mw07,Storage HW,0.0
UserC,h08_mw07,Radiators,0.0
UserC,h08_mw07,Floor heating,0.0
UserC,h08_mw07,Induction stove,0.0
UserC,h08_mw07,Gas stove,0.0
UserC,h08_mw07,Gas National Grid,0.0
UserC,h09_mw07,PV sys,0.0
UserC,h09_mw07,National Grid EE,0.0
UserC,h09_mw07,Storage EE,1.45818
UserC,h09_mw07,Gas Boiler,0.0
UserC,h09_mw07,HP,0.0
UserC,h09_mw07,AC,0.0
UserC,h09_mw07,Storage HW,0.0
UserC,h09_mw07,Radiators,0.0
UserC,h09_mw07,Floor heating,0.0
UserC,h09_mw07,Induction stove,0.0
UserC,h09_mw07,Gas stove,0.0
UserC,h09_mw07,Gas National Grid,0.0
UserC,h10_mw07,PV sys,0.0
UserC,h10_mw07,National Grid EE,0.0
UserC,h10_mw07,Storage EE,1.6912800000000003
UserC,h10_mw07,Gas Boiler,0.0
UserC,h10_mw07,HP,0.0
UserC,h10_mw07,AC,0.0
UserC,h10_mw07,Storage HW,0.0
UserC,h10_mw07,Radiators,0.0
UserC,h10_mw07,Floor heating,0.0
UserC,h10_mw07,Induction stove,0.0
UserC,h10_mw07,Gas stove,0.0
UserC,h10_mw07,Gas National Grid,0.0
UserC,h11_mw07,PV sys,0.0
UserC,h11_mw07,National Grid EE,0.0
UserC,h11_mw07,Storage EE,1.9155600000000002
UserC,h11_mw07,Gas Boiler,0.0
UserC,h11_mw07,HP,0.0
UserC,h11_mw07,AC,0.0
UserC,h11_mw07,Storage HW,0.0
UserC,h11_mw07,Radiators,0.0
UserC,h11_mw07,Floor heating,0.0
UserC,h11_mw07,Induction stove,0.0
UserC,h11_mw07,Gas stove,0.0
UserC,h11_mw07,Gas National Grid,0.0
UserC,h12_mw07,PV sys,0.0
UserC,h12_mw07,National Grid EE,0.0
UserC,h12_mw07,Storage EE,2.1142800000000004
UserC,h12_mw07,Gas Boiler,0.0
UserC,h12_mw07,HP,0.0
UserC,h12_mw07,AC,0.0
UserC,h12_mw07,Storage HW,0.0
UserC,h12_mw07,Radiators,0.0
UserC,h12_mw07,Floor heating,0.0
UserC,h12_mw07,Induction stove,0.0
UserC,h12_mw07,Gas stove,0.0
UserC,h12_mw07,Gas National Grid,0.0
UserC,h13_mw07,PV sys,0.0
UserC,h13_mw07,National Grid EE,0.0
UserC,h13_mw07,Storage EE,2.0189808481069047
UserC,h13_mw07,Gas Boiler,0.0
UserC,h13_mw07,HP,0.0
UserC,h13_mw07,AC,0.0
UserC,h13_mw07,Storage HW,0.0
UserC,h13_mw07,Radiators,0.0
UserC,h13_mw07,Floor heating,0.0
UserC,h13_mw07,Induction stove,0.0
UserC,h13_mw07,Gas stove,0.0
UserC,h13_mw07,Gas National Grid,0.0
UserC,h14_mw07,PV sys,0.0
UserC,h14_mw07,National Grid EE,0.0
UserC,h14_mw07,Storage EE,1.9613228325401137
UserC,h14_mw07,Gas Boiler,0.0
UserC,h14_mw07,HP,0.0
UserC,h14_mw07,AC,0.0
UserC,h14_mw07,Storage HW,0.0
UserC,h14_mw07,Radiators,0.0
UserC,h14_mw07,Floor heating,0.0
UserC,h14_mw07,Induction stove,0.0
UserC,h14_mw07,Gas stove,0.0
UserC,h14_mw07,Gas National Grid,0.0
UserC,h15_mw07,PV sys,0.0
UserC,h15_mw07,National Grid EE,0.0
UserC,h15_mw07,Storage EE,1.8681508471945394
UserC,h15_mw07,Gas Boiler,0.0
UserC,h15_mw07,HP,0.0
UserC,h15_mw07,AC,0.0
UserC,h15_mw07,Storage HW,0.0
UserC,h15_mw07,Radiators,0.0
UserC,h15_mw07,Floor heating,0.0
UserC,h15_mw07,Induction stove,0.0
UserC,h15_mw07,Gas stove,0.0
UserC,h15_mw07,Gas National Grid,0.0
UserC,h16_mw07,PV sys,0.0
UserC,h16_mw07,National Grid EE,0.0
UserC,h16_mw07,Storage EE,1.7623794297568782
UserC,h16_mw07,Gas Boiler,0.0
UserC,h16_mw07,HP,0.0
UserC,h16_mw07,AC,0.0
UserC,h16_mw07,Storage HW,0.0
UserC,h16_mw07,Radiators,0.0
UserC,h16_mw07,Floor heating,0.0
UserC,h16_mw07,Induction stove,0.0
UserC,h16_mw07,Gas stove,0.0
UserC,h16_mw07,Gas National Grid,0.0
UserC,h17_mw07,PV sys,0.0
UserC,h17_mw07,National Grid EE,0.0
UserC,h17_mw07,Storage EE,1.5254808424362012
UserC,h17_mw07,Gas Boiler,0.0
UserC,h17_mw07,HP,0.0
UserC,h17_mw07,AC,0.0
UserC,h17_mw07,Storage HW,0.0
UserC,h17_mw07,Radiators,0.0
UserC,h17_mw07,Floor heating,0.0
UserC,h17_mw07,Induction stove,0.0
UserC,h17_mw07,Gas stove,0.0
UserC,h17_mw07,Gas National Grid,0.0
UserC,h18_mw07,PV sys,0.0
UserC,h18_mw07,National Grid EE,0.0
UserC,h18_mw07,Storage EE,1.5254808424362012
UserC,h18_mw07,Gas Boiler,0.0
UserC,h18_mw07,HP,0.0
UserC,h18_mw07,AC,0.0
UserC,h18_mw07,Storage HW,0.0
UserC,h18_mw07,Radiators,0.0
UserC,h18_mw07,Floor heating,0.0
UserC,h18_mw07,Induction stove,0.0
UserC,h18_mw07,Gas stove,0.0
UserC,h18_mw07,Gas National Grid,0.0
UserC,h19_mw07,PV sys,0.0
UserC,h19_mw07,National Grid EE,0.0
UserC,h19_mw07,Storage EE,1.5254808424362012
UserC,h19_mw07,Gas Boiler,0.0
UserC,h19_mw07,HP,0.0
UserC,h19_mw07,AC,0.0
UserC,h19_mw07,Storage HW,0.0
UserC,h19_mw07,Radiators,0.0
UserC,h19_mw07,Floor heating,0.0
UserC,h19_mw07,Induction stove,0.0
UserC,h19_mw07,Gas stove,0.0
UserC,h19_mw07,Gas National Grid,0.0
UserC,h20_mw07,PV sys,0.0
UserC,h20_mw07,National Grid EE,0.0
UserC,h20_mw07,Storage EE,1.5254808424362012
UserC,h20_mw07,Gas Boiler,0.0
UserC,h20_mw07,HP,0.0
UserC,h20_mw07,AC,0.0
UserC,h20_mw07,Storage HW,0.0
UserC,h20_mw07,Radiators,0.0
UserC,h20_mw07,Floor heating,0.0
UserC,h20_mw07,Induction stove,0.0
UserC,h20_mw07,Gas stove,0.0
UserC,h20_mw07,Gas National Grid,0.0
UserC,h21_mw07,PV sys,0.0
UserC,h21_mw07,National Grid EE,0.0
UserC,h21_mw07,Storage EE,1.5254808424362012
UserC,h21_mw07,Gas Boiler,0.0
UserC,h21_mw07,HP,0.0
UserC,h21_mw07,AC,0.0
UserC,h21_mw07,Storage HW,0.0
UserC,h21_mw07,Radiators,0.0
UserC,h21_mw07,Floor heating,0.0
UserC,h21_mw07,Induction stove,0.0
UserC,h21_mw07,Gas stove,0.0
UserC,h21_mw07,Gas National Grid,0.0
UserC,h22_mw07,PV sys,0.0
UserC,h22_mw07,National Grid EE,0.0
UserC,h22_mw07,Storage EE,1.5254808424362012
UserC,h22_mw07,Gas Boiler,0.0
UserC,h22_mw07,HP,0.0
UserC,h22_mw07,AC,0.0
UserC,h22_mw07,Storage HW,0.0
UserC,h22_mw07,Radiators,0.0
UserC,h22_mw07,Floor heating,0.0
UserC,h22_mw07,Induction stove,0.0
UserC,h22_mw07,Gas stove,0.0
UserC,h22_mw07,Gas National Grid,0.0
UserC,h23_mw07,PV sys,0.0
UserC,h23_mw07,National Grid EE,0.0
UserC,h23_mw07,Storage EE,1.5254808424362012
UserC,h23_mw07,Gas Boiler,0.0
UserC,h23_mw07,HP,0.0
UserC,h23_mw07,AC,0.0
UserC,h23_mw07,Storage HW,0.0
UserC,h23_mw07,Radiators,0.0
UserC,h23_mw07,Floor heating,0.0
UserC,h23_mw07,Induction stove,0.0
UserC,h23_mw07,Gas stove,0.0
UserC,h23_mw07,Gas National Grid,0.0
UserC,h24_mw07,PV sys,0.0
UserC,h24_mw07,National Grid EE,0.0
UserC,h24_mw07,Storage EE,1.2000000000000002
UserC,h24_mw07,Gas Boiler,0.0
UserC,h24_mw07,HP,0.0
UserC,h24_mw07,AC,0.0
UserC,h24_mw07,Storage HW,0.0
UserC,h24_mw07,Radiators,0.0
UserC,h24_mw07,Floor heating,0.0
UserC,h24_mw07,Induction stove,0.0
UserC,h24_mw07,Gas stove,0.0
UserC,h24_mw07,Gas National Grid,0.0
UserC,h01_mw08,PV sys,0.0
UserC,h01_mw08,National Grid EE,0.0
UserC,h01_mw08,Storage EE,1.2000000000000002
UserC,h01_mw08,Gas Boiler,0.0
UserC,h01_mw08,HP,0.0
UserC,h01_mw08,AC,0.0
UserC,h01_mw08,Storage HW,0.0
UserC,h01_mw08,Radiators,0.0
UserC,h01_mw08,Floor heating,0.0
UserC,h01_mw08,Induction stove,0.0
UserC,h01_mw08,Gas stove,0.0
UserC,h01_mw08,Gas National Grid,0.0
UserC,h02_mw08,PV sys,0.0
UserC,h02_mw08,National Grid EE,0.0
UserC,h02_mw08,Storage EE,1.2000000000000002
UserC,h02_mw08,Gas Boiler,0.0
UserC,h02_mw08,HP,0.0
UserC,h02_mw08,AC,0.0
UserC,h02_mw08,Storage HW,0.0
UserC,h02_mw08,Radiators,0.0
UserC,h02_mw08,Floor heating,0.0
UserC,h02_mw08,Induction stove,0.0
UserC,h02_mw08,Gas stove,0.0
UserC,h02_mw08,Gas National Grid,0.0
UserC,h03_mw08,PV sys,0.0
UserC,h03_mw08,National Grid EE,0.0
UserC,h03_mw08,Storage EE,1.2000000000000002
UserC,h03_mw08,Gas Boiler,0.0
UserC,h03_mw08,HP,0.0
UserC,h03_mw08,AC,0.0
UserC,h03_mw08,Storage HW,0.0
UserC,h03_mw08,Radiators,0.0
UserC,h03_mw08,Floor heating,0.0
UserC,h03_mw08,Induction stove,0.0
UserC,h03_mw08,Gas stove,0.0
UserC,h03_mw08,Gas National Grid,0.0
UserC,h04_mw08,PV sys,0.0
UserC,h04_mw08,National Grid EE,0.0
UserC,h04_mw08,Storage EE,1.2000000000000002
UserC,h04_mw08,Gas Boiler,0.0
UserC,h04_mw08,HP,0.0
UserC,h04_mw08,AC,0.0
UserC,h04_mw08,Storage HW,0.0
UserC,h04_mw08,Radiators,0.0
UserC,h04_mw08,Floor heating,0.0
UserC,h04_mw08,Induction stove,0.0
UserC,h04_mw08,Gas stove,0.0
UserC,h04_mw08,Gas National Grid,0.0
UserC,h05_mw08,PV sys,0.0
UserC,h05_mw08,National Grid EE,0.0
UserC,h05_mw08,Storage EE,1.2000000000000002
UserC,h05_mw08,Gas Boiler,0.0
UserC,h05_mw08,HP,0.0
UserC,h05_mw08,AC,0.0
UserC,h05_mw08,Storage HW,0.0
UserC,h05_mw08,Radiators,0.0
UserC,h05_mw08,Floor heating,0.0
UserC,h05_mw08,Induction stove,0.0
UserC,h05_mw08,Gas stove,0.0
UserC,h05_mw08,Gas National Grid,0.0
UserC,h06_mw08,PV sys,0.0
UserC,h06_mw08,National Grid EE,0.0
UserC,h06_mw08,Storage EE,1.2000000000000002
UserC,h06_mw08,Gas Boiler,0.0
UserC,h06_mw08,HP,0.0
UserC,h06_mw08,AC,0.0
UserC,h06_mw08,Storage HW,0.0
UserC,h06_mw08,Radiators,0.0
UserC,h06_mw08,Floor heating,0.0
UserC,h06_mw08,Induction stove,0.0
UserC,h06_mw08,Gas stove,0.0
UserC,h06_mw08,Gas National Grid,0.0
UserC,h07_mw08,PV sys,0.0
UserC,h07_mw08,National Grid EE,0.0
UserC,h07_mw08,Storage EE,1.2000000000000002
UserC,h07_mw08,Gas Boiler,0.0
UserC,h07_mw08,HP,0.0
UserC,h07_mw08,AC,0.0
UserC,h07_mw08,Storage HW,0.0
UserC,h07_mw08,Radiators,0.0
UserC,h07_mw08,Floor heating,0.0
UserC,h07_mw08,Induction stove,0.0
UserC,h07_mw08,Gas stove,0.0
UserC,h07_mw08,Gas National Grid,0.0
UserC,h08_mw08,PV sys,0.0
UserC,h08_mw08,National Grid EE,0.0
UserC,h08_mw08,Storage EE,2.087084682097795
UserC,h08_mw08,Gas Boiler,0.0
UserC,h08_mw08,HP,0.0
UserC,h08_mw08,AC,0.0
UserC,h08_mw08,Storage HW,0.0
UserC,h08_mw08,Radiators,0.0
UserC,h08_mw08,Floor heating,0.0
UserC,h08_mw08,Induction stove,0.0
UserC,h08_mw08,Gas stove,0.0
UserC,h08_mw08,Gas National Grid,0.0
UserC,h09_mw08,PV sys,0.0
UserC,h09_mw08,National Grid EE,0.0
UserC,h09_mw08,Storage EE,1.6581631829941077
UserC,h09_mw08,Gas Boiler,0.0
UserC,h09_mw08,HP,0.0
UserC,h09_mw08,AC,0.0
UserC,h09_mw08,Storage HW,0.0
UserC,h09_mw08,Radiators,0.0
UserC,h09_mw08,Floor heating,0.0
UserC,h09_mw08,Induction stove,0.0
UserC,h09_mw08,Gas stove,0.0
UserC,h09_mw08,Gas National Grid,0.0
UserC,h10_mw08,PV sys,0.0
UserC,h10_mw08,National Grid EE,0.0
UserC,h10_mw08,Storage EE,1.9955128541832672
UserC,h10_mw08,Gas Boiler,0.0
UserC,h10_mw08,HP,0.0
UserC,h10_mw08,AC,0.0
UserC,h10_mw08,Storage HW,0.0
UserC,h10_mw08,Radiators,0.0
UserC,h10_mw08,Floor heating,0.0
UserC,h10_mw08,Induction stove,0.0
UserC,h10_mw08,Gas stove,0.0
UserC,h10_mw08,Gas National Grid,0.0
UserC,h11_mw08,PV sys,0.0
UserC,h11_mw08,National Grid EE,0.0
UserC,h11_mw08,Storage EE,3.225697211945303
UserC,h11_mw08,Gas Boiler,0.0
UserC,h11_mw08,HP,0.0
UserC,h11_mw08,AC,0.0
UserC,h11_mw08,Storage HW,0.0
UserC,h11_mw08,Radiators,0.0
UserC,h11_mw08,Floor heating,0.0
UserC,h11_mw08,Induction stove,0.0
UserC,h11_mw08,Gas stove,0.0
UserC,h11_mw08,Gas National Grid,0.0
UserC,h12_mw08,PV sys,0.0
UserC,h12_mw08,National Grid EE,0.0
UserC,h12_mw08,Storage EE,4.831627408857328
UserC,h12_mw08,Gas Boiler,0.0
UserC,h12_mw08,HP,0.0
UserC,h12_mw08,AC,0.0
UserC,h12_mw08,Storage HW,0.0
UserC,h12_mw08,Radiators,0.0
UserC,h12_mw08,Floor heating,0.0
UserC,h12_mw08,Induction stove,0.0
UserC,h12_mw08,Gas stove,0.0
UserC,h12_mw08,Gas National Grid,0.0
UserC,h13_mw08,PV sys,0.0
UserC,h13_mw08,National Grid EE,0.0
UserC,h13_mw08,Storage EE,6.1990236907740375
UserC,h13_mw08,Gas Boiler,0.0
UserC,h13_mw08,HP,0.0
UserC,h13_mw08,AC,0.0
UserC,h13_mw08,Storage HW,0.0
UserC,h13_mw08,Radiators,0.0
UserC,h13_mw08,Floor heating,0.0
UserC,h13_mw08,Induction stove,0.0
UserC,h13_mw08,Gas stove,0.0
UserC,h13_mw08,Gas National Grid,0.0
UserC,h14_mw08,PV sys,0.0
UserC,h14_mw08,National Grid EE,0.0
UserC,h14_mw08,Storage EE,7.274745274393644
UserC,h14_mw08,Gas Boiler,0.0
UserC,h14_mw08,HP,0.0
UserC,h14_mw08,AC,0.0
UserC,h14_mw08,Storage HW,0.0
UserC,h14_mw08,Radiators,0.0
UserC,h14_mw08,Floor heating,0.0
UserC,h14_mw08,Induction stove,0.0
UserC,h14_mw08,Gas stove,0.0
UserC,h14_mw08,Gas National Grid,0.0
UserC,h15_mw08,PV sys,0.0
UserC,h15_mw08,National Grid EE,0.0
UserC,h15_mw08,Storage EE,7.686472921578243
UserC,h15_mw08,Gas Boiler,0.0
UserC,h15_mw08,HP,0.0
UserC,h15_mw08,AC,0.0
UserC,h15_mw08,Storage HW,0.0
UserC,h15_mw08,Radiators,0.0
UserC,h15_mw08,Floor heating,0.0
UserC,h15_mw08,Induction stove,0.0
UserC,h15_mw08,Gas stove,0.0
UserC,h15_mw08,Gas National Grid,0.0
UserC,h16_mw08,PV sys,0.0
UserC,h16_mw08,National Grid EE,0.0
UserC,h16_mw08,Storage EE,10.152832787324597
UserC,h16_mw08,Gas Boiler,0.0
UserC,h16_mw08,HP,0.0
UserC,h16_mw08,AC,0.0
UserC,h16_mw08,Storage HW,0.0
UserC,h16_mw08,Radiators,0.0
UserC,h16_mw08,Floor heating,0.0
UserC,h16_mw08,Induction stove,0.0
UserC,h16_mw08,Gas stove,0.0
UserC,h16_mw08,Gas National Grid,0.0
UserC,h17_mw08,PV sys,0.0
UserC,h17_mw08,National Grid EE,0.0
UserC,h17_mw08,Storage EE,11.37949198488142
UserC,h17_mw08,Gas Boiler,0.0
UserC,h17_mw08,HP,0.0
UserC,h17_mw08,AC,0.0
UserC,h17_mw08,Storage HW,0.0
UserC,h17_mw08,Radiators,0.0
UserC,h17_mw08,Floor heating,0.0
UserC,h17_mw08,Induction stove,0.0
UserC,h17_mw08,Gas stove,0.0
UserC,h17_mw08,Gas National Grid,0.0
UserC,h18_mw08,PV sys,0.0
UserC,h18_mw08,National Grid EE,0.0
UserC,h18_mw08,Storage EE,11.399999999999999
UserC,h18_mw08,Gas Boiler,0.0
UserC,h18_mw08,HP,0.0
UserC,h18_mw08,AC,0.0
UserC,h18_mw08,Storage HW,0.0
UserC,h18_mw08,Radiators,0.0
UserC,h18_mw08,Floor heating,0.0
UserC,h18_mw08,Induction stove,0.0
UserC,h18_mw08,Gas stove,0.0
UserC,h18_mw08,Gas National Grid,0.0
UserC,h19_mw08,PV sys,0.0
UserC,h19_mw08,National Grid EE,0.0
UserC,h19_mw08,Storage EE,10.25110795871127
UserC,h19_mw08,Gas Boiler,0.0
UserC,h19_mw08,HP,0.0
UserC,h19_mw08,AC,0.0
UserC,h19_mw08,Storage HW,0.0
UserC,h19_mw08,Radiators,0.0
UserC,h19_mw08,Floor heating,0.0
UserC,h19_mw08,Induction stove,0.0
UserC,h19_mw08,Gas stove,0.0
UserC,h19_mw08,Gas National Grid,0.0
UserC,h20_mw08,PV sys,0.0
UserC,h20_mw08,National Grid EE,0.0
UserC,h20_mw08,Storage EE,9.606809882014257
UserC,h20_mw08,Gas Boiler,0.0
UserC,h20_mw08,HP,0.0
UserC,h20_mw08,AC,0.0
UserC,h20_mw08,Storage HW,0.0
UserC,h20_mw08,Radiators,0.0
UserC,h20_mw08,Floor heating,0.0
UserC,h20_mw08,Induction stove,0.0
UserC,h20_mw08,Gas stove,0.0
UserC,h20_mw08,Gas National Grid,0.0
UserC,h21_mw08,PV sys,0.0
UserC,h21_mw08,National Grid EE,0.0
UserC,h21_mw08,Storage EE,9.181015545309112
UserC,h21_mw08,Gas Boiler,0.0
UserC,h21_mw08,HP,0.0
UserC,h21_mw08,AC,0.0
UserC,h21_mw08,Storage HW,0.0
UserC,h21_mw08,Radiators,0.0
UserC,h21_mw08,Floor heating,0.0
UserC,h21_mw08,Induction stove,0.0
UserC,h21_mw08,Gas stove,0.0
UserC,h21_mw08,Gas National Grid,0.0
UserC,h22_mw08,PV sys,0.0
UserC,h22_mw08,National Grid EE,0.0
UserC,h22_mw08,Storage EE,8.59294269205202
UserC,h22_mw08,Gas Boiler,0.0
UserC,h22_mw08,HP,0.0
UserC,h22_mw08,AC,0.0
UserC,h22_mw08,Storage HW,0.0
UserC,h22_mw08,Radiators,0.0
UserC,h22_mw08,Floor heating,0.0
UserC,h22_mw08,Induction stove,0.0
UserC,h22_mw08,Gas stove,0.0
UserC,h22_mw08,Gas National Grid,0.0
UserC,h23_mw08,PV sys,0.0
UserC,h23_mw08,National Grid EE,0.0
UserC,h23_mw08,Storage EE,7.844184086388399
UserC,h23_mw08,Gas Boiler,0.0
UserC,h23_mw08,HP,0.0
UserC,h23_mw08,AC,0.0
UserC,h23_mw08,Storage HW,0.0
UserC,h23_mw08,Radiators,0.0
UserC,h23_mw08,Floor heating,0.0
UserC,h23_mw08,Induction stove,0.0
UserC,h23_mw08,Gas stove,0.0
UserC,h23_mw08,Gas National Grid,0.0
UserC,h24_mw08,PV sys,0.0
UserC,h24_mw08,National Grid EE,0.0
UserC,h24_mw08,Storage EE,7.540987004433731
UserC,h24_mw08,Gas Boiler,0.0
UserC,h24_mw08,HP,0.0
UserC,h24_mw08,AC,0.0
UserC,h24_mw08,Storage HW,0.0
UserC,h24_mw08,Radiators,0.0
UserC,h24_mw08,Floor heating,0.0
UserC,h24_mw08,Induction stove,0.0
UserC,h24_mw08,Gas stove,0.0
UserC,h24_mw08,Gas National Grid,0.0
UserC,h01_mw09,PV sys,0.0
UserC,h01_mw09,National Grid EE,0.0
UserC,h01_mw09,Storage EE,7.226864643701483
UserC,h01_mw09,Gas Boiler,0.0
UserC,h01_mw09,HP,0.0
UserC,h01_mw09,AC,0.0
UserC,h01_mw09,Storage HW,0.0
UserC,h01_mw09,Radiators,0.0
UserC,h01_mw09,Floor heating,0.0
UserC,h01_mw09,Induction stove,0.0
UserC,h01_mw09,Gas stove,0.0
UserC,h01_mw09,Gas National Grid,0.0
UserC,h02_mw09,PV sys,0.0
UserC,h02_mw09,National Grid EE,0.0
UserC,h02_mw09,Storage EE,4.651955301067933
UserC,h02_mw09,Gas Boiler,0.0
UserC,h02_mw09,HP,0.0
UserC,h02_mw09,AC,0.0
UserC,h02_mw09,Storage HW,0.0
UserC,h02_mw09,Radiators,0.0
UserC,h02_mw09,Floor heating,0.0
UserC,h02_mw09,Induction stove,0.0
UserC,h02_mw09,Gas stove,0.0
UserC,h02_mw09,Gas National Grid,0.0
UserC,h03_mw09,PV sys,0.0
UserC,h03_mw09,National Grid EE,0.0
UserC,h03_mw09,Storage EE,4.5726651507542195
UserC,h03_mw09,Gas Boiler,0.0
UserC,h03_mw09,HP,0.0
UserC,h03_mw09,AC,0.0
UserC,h03_mw09,Storage HW,0.0
UserC,h03_mw09,Radiators,0.0
UserC,h03_mw09,Floor heating,0.0
UserC,h03_mw09,Induction stove,0.0
UserC,h03_mw09,Gas stove,0.0
UserC,h03_mw09,Gas National Grid,0.0
UserC,h04_mw09,PV sys,0.0
UserC,h04_mw09,National Grid EE,0.0
UserC,h04_mw09,Storage EE,1.4623568223056704
UserC,h04_mw09,Gas Boiler,0.0
UserC,h04_mw09,HP,0.0
UserC,h04_mw09,AC,0.0
UserC,h04_mw09,Storage HW,0.0
UserC,h04_mw09,Radiators,0.0
UserC,h04_mw09,Floor heating,0.0
UserC,h04_mw09,Induction stove,0.0
UserC,h04_mw09,Gas stove,0.0
UserC,h04_mw09,Gas National Grid,0.0
UserC,h05_mw09,PV sys,0.0
UserC,h05_mw09,National Grid EE,0.0
UserC,h05_mw09,Storage EE,1.2362792464316783
UserC,h05_mw09,Gas Boiler,0.0
UserC,h05_mw09,HP,0.0
UserC,h05_mw09,AC,0.0
UserC,h05_mw09,Storage HW,0.0
UserC,h05_mw09,Radiators,0.0
UserC,h05_mw09,Floor heating,0.0
UserC,h05_mw09,Induction stove,0.0
UserC,h05_mw09,Gas stove,0.0
UserC,h05_mw09,Gas National Grid,0.0
UserC,h06_mw09,PV sys,0.0
UserC,h06_mw09,National Grid EE,0.0
UserC,h06_mw09,Storage EE,1.2000000000000002
UserC,h06_mw09,Gas Boiler,0.0
UserC,h06_mw09,HP,0.0
UserC,h06_mw09,AC,0.0
UserC,h06_mw09,Storage HW,0.0
UserC,h06_mw09,Radiators,0.0
UserC,h06_mw09,Floor heating,0.0
UserC,h06_mw09,Induction stove,0.0
UserC,h06_mw09,Gas stove,0.0
UserC,h06_mw09,Gas National Grid,0.0
UserC,h07_mw09,PV sys,0.0
UserC,h07_mw09,National Grid EE,0.0
UserC,h07_mw09,Storage EE,1.2723091684094996
UserC,h07_mw09,Gas Boiler,0.0
UserC,h07_mw09,HP,0.0
UserC,h07_mw09,AC,0.0
UserC,h07_mw09,Storage HW,0.0
UserC,h07_mw09,Radiators,0.0
UserC,h07_mw09,Floor heating,0.0
UserC,h07_mw09,Induction stove,0.0
UserC,h07_mw09,Gas stove,0.0
UserC,h07_mw09,Gas National Grid,0.0
UserC,h08_mw09,PV sys,0.0
UserC,h08_mw09,National Grid EE,0.0
UserC,h08_mw09,Storage EE,1.1999999999999993
UserC,h08_mw09,Gas Boiler,0.0
UserC,h08_mw09,HP,0.0
UserC,h08_mw09,AC,0.0
UserC,h08_mw09,Storage HW,0.0
UserC,h08_mw09,Radiators,0.0
UserC,h08_mw09,Floor heating,0.0
UserC,h08_mw09,Induction stove,0.0
UserC,h08_mw09,Gas stove,0.0
UserC,h08_mw09,Gas National Grid,0.0
UserC,h09_mw09,PV sys,0.0
UserC,h09_mw09,National Grid EE,0.0
UserC,h09_mw09,Storage EE,1.4602274025074102
UserC,h09_mw09,Gas Boiler,0.0
UserC,h09_mw09,HP,0.0
UserC,h09_mw09,AC,0.0
UserC,h09_mw09,Storage HW,0.0
UserC,h09_mw09,Radiators,0.0
UserC,h09_mw09,Floor heating,0.0
UserC,h09_mw09,Induction stove,0.0
UserC,h09_mw09,Gas stove,0.0
UserC,h09_mw09,Gas National Grid,0.0
UserC,h10_mw09,PV sys,0.0
UserC,h10_mw09,National Grid EE,0.0
UserC,h10_mw09,Storage EE,1.2000000000000002
UserC,h10_mw09,Gas Boiler,0.0
UserC,h10_mw09,HP,0.0
UserC,h10_mw09,AC,0.0
UserC,h10_mw09,Storage HW,0.0
UserC,h10_mw09,Radiators,0.0
UserC,h10_mw09,Floor heating,0.0
UserC,h10_mw09,Induction stove,0.0
UserC,h10_mw09,Gas stove,0.0
UserC,h10_mw09,Gas National Grid,0.0
UserC,h11_mw09,PV sys,0.0
UserC,h11_mw09,National Grid EE,0.0
UserC,h11_mw09,Storage EE,1.2755022585888347
UserC,h11_mw09,Gas Boiler,0.0
UserC,h11_mw09,HP,0.0
UserC,h11_mw09,AC,0.0
UserC,h11_mw09,Storage HW,0.0
UserC,h11_mw09,Radiators,0.0
UserC,h11_mw09,Floor heating,0.0
UserC,h11_mw09,Induction stove,0.0
UserC,h11_mw09,Gas stove,0.0
UserC,h11_mw09,Gas National Grid,0.0
UserC,h12_mw09,PV sys,0.0
UserC,h12_mw09,National Grid EE,0.0
UserC,h12_mw09,Storage EE,4.2566518821557
UserC,h12_mw09,Gas Boiler,0.0
UserC,h12_mw09,HP,0.0
UserC,h12_mw09,AC,0.0
UserC,h12_mw09,Storage HW,0.0
UserC,h12_mw09,Radiators,0.0
UserC,h12_mw09,Floor heating,0.0
UserC,h12_mw09,Induction stove,0.0
UserC,h12_mw09,Gas stove,0.0
UserC,h12_mw09,Gas National Grid,0.0
UserC,h13_mw09,PV sys,0.0
UserC,h13_mw09,National Grid EE,0.0
UserC,h13_mw09,Storage EE,7.012789621766054
UserC,h13_mw09,Gas Boiler,0.0
UserC,h13_mw09,HP,0.0
UserC,h13_mw09,AC,0.0
UserC,h13_mw09,Storage HW,0.0
UserC,h13_mw09,Radiators,0.0
UserC,h13_mw09,Floor heating,0.0
UserC,h13_mw09,Induction stove,0.0
UserC,h13_mw09,Gas stove,0.0
UserC,h13_mw09,Gas National Grid,0.0
UserC,h14_mw09,PV sys,0.0
UserC,h14_mw09,National Grid EE,0.0
UserC,h14_mw09,Storage EE,9.34112815727184
UserC,h14_mw09,Gas Boiler,0.0
UserC,h14_mw09,HP,0.0
UserC,h14_mw09,AC,0.0
UserC,h14_mw09,Storage HW,0.0
UserC,h14_mw09,Radiators,0.0
UserC,h14_mw09,Floor heating,0.0
UserC,h14_mw09,Induction stove,0.0
UserC,h14_mw09,Gas stove,0.0
UserC,h14_mw09,Gas National Grid,0.0
UserC,h15_mw09,PV sys,0.0
UserC,h15_mw09,National Grid EE,0.0
UserC,h15_mw09,Storage EE,10.595156817210288
UserC,h15_mw09,Gas Boiler,0.0
UserC,h15_mw09,HP,0.0
UserC,h15_mw09,AC,0.0
UserC,h15_mw09,Storage HW,0.0
UserC,h15_mw09,Radiators,0.0
UserC,h15_mw09,Floor heating,0.0
UserC,h15_mw09,Induction stove,0.0
UserC,h15_mw09,Gas stove,0.0
UserC,h15_mw09,Gas National Grid,0.0
UserC,h16_mw09,PV sys,0.0
UserC,h16_mw09,National Grid EE,0.0
UserC,h16_mw09,Storage EE,11.290316588908642
UserC,h16_mw09,Gas Boiler,0.0
UserC,h16_mw09,HP,0.0
UserC,h16_mw09,AC,0.0
UserC,h16_mw09,Storage HW,0.0
UserC,h16_mw09,Radiators,0.0
UserC,h16_mw09,Floor heating,0.0
UserC,h16_mw09,Induction stove,0.0
UserC,h16_mw09,Gas stove,0.0
UserC,h16_mw09,Gas National Grid,0.0
UserC,h17_mw09,PV sys,0.0
UserC,h17_mw09,National Grid EE,0.0
UserC,h17_mw09,Storage EE,11.394052235820164
UserC,h17_mw09,Gas Boiler,0.0
UserC,h17_mw09,HP,0.0
UserC,h17_mw09,AC,0.0
UserC,h17_mw09,Storage HW,0.0
UserC,h17_mw09,Radiators,0.0
UserC,h17_mw09,Floor heating,0.0
UserC,h17_mw09,Induction stove,0.0
UserC,h17_mw09,Gas stove,0.0
UserC,h17_mw09,Gas National Grid,0.0
UserC,h18_mw09,PV sys,0.0
UserC,h18_mw09,National Grid EE,0.0
UserC,h18_mw09,Storage EE,11.399999999999999
UserC,h18_mw09,Gas Boiler,0.0
UserC,h18_mw09,HP,0.0
UserC,h18_mw09,AC,0.0
UserC,h18_mw09,Storage HW,0.0
UserC,h18_mw09,Radiators,0.0
UserC,h18_mw09,Floor heating,0.0
UserC,h18_mw09,Induction stove,0.0
UserC,h18_mw09,Gas stove,0.0
UserC,h18_mw09,Gas National Grid,0.0
UserC,h19_mw09,PV sys,0.0
UserC,h19_mw09,National Grid EE,0.0
UserC,h19_mw09,Storage EE,10.637227790762365
UserC,h19_mw09,Gas Boiler,0.0
UserC,h19_mw09,HP,0.0
UserC,h19_mw09,AC,0.0
UserC,h19_mw09,Storage HW,0.0
UserC,h19_mw09,Radiators,0.0
UserC,h19_mw09,Floor heating,0.0
UserC,h19_mw09,Induction stove,0.0
UserC,h19_mw09,Gas stove,0.0
UserC,h19_mw09,Gas National Grid,0.0
UserC,h20_mw09,PV sys,0.0
UserC,h20_mw09,National Grid EE,0.0
UserC,h20_mw09,Storage EE,10.174320643287382
UserC,h20_mw09,Gas Boiler,0.0
UserC,h20_mw09,HP,0.0
UserC,h20_mw09,AC,0.0
UserC,h20_mw09,Storage HW,0.0
UserC,h20_mw09,Radiators,0.0
UserC,h20_mw09,Floor heating,0.0
UserC,h20_mw09,Induction stove,0.0
UserC,h20_mw09,Gas stove,0.0
UserC,h20_mw09,Gas National Grid,0.0
UserC,h21_mw09,PV sys,0.0
UserC,h21_mw09,National Grid EE,0.0
UserC,h21_mw09,Storage EE,8.872662069460356
UserC,h21_mw09,Gas Boiler,0.0
UserC,h21_mw09,HP,0.0
UserC,h21_mw09,AC,0.0
UserC,h21_mw09,Storage HW,0.0
UserC,h21_mw09,Radiators,0.0
UserC,h21_mw09,Floor heating,0.0
UserC,h21_mw09,Induction stove,0.0
UserC,h21_mw09,Gas stove,0.0
UserC,h21_mw09,Gas National Grid,0.0
UserC,h22_mw09,PV sys,0.0
UserC,h22_mw09,National Grid EE,0.0
UserC,h22_mw09,Storage EE,7.864817944199
UserC,h22_mw09,Gas Boiler,0.0
UserC,h22_mw09,HP,0.0
UserC,h22_mw09,AC,0.0
UserC,h22_mw09,Storage HW,0.0
UserC,h22_mw09,Radiators,0.0
UserC,h22_mw09,Floor heating,0.0
UserC,h22_mw09,Induction stove,0.0
UserC,h22_mw09,Gas stove,0.0
UserC,h22_mw09,Gas National Grid,0.0
UserC,h23_mw09,PV sys,0.0
UserC,h23_mw09,National Grid EE,0.0
UserC,h23_mw09,Storage EE,7.13323142065645
UserC,h23_mw09,Gas Boiler,0.0
UserC,h23_mw09,HP,0.0
UserC,h23_mw09,AC,0.0
UserC,h23_mw09,Storage HW,0.0
UserC,h23_mw09,Radiators,0.0
UserC,h23_mw09,Floor heating,0.0
UserC,h23_mw09,Induction stove,0.0
UserC,h23_mw09,Gas stove,0.0
UserC,h23_mw09,Gas National Grid,0.0
UserC,h24_mw09,PV sys,0.0
UserC,h24_mw09,National Grid EE,0.0
UserC,h24_mw09,Storage EE,6.86200610103548
UserC,h24_mw09,Gas Boiler,0.0
UserC,h24_mw09,HP,0.0
UserC,h24_mw09,AC,0.0
UserC,h24_mw09,Storage HW,0.0
UserC,h24_mw09,Radiators,0.0
UserC,h24_mw09,Floor heating,0.0
UserC,h24_mw09,Induction stove,0.0
UserC,h24_mw09,Gas stove,0.0
UserC,h24_mw09,Gas National Grid,0.0
UserC,h01_mw10,PV sys,0.0
UserC,h01_mw10,National Grid EE,0.0
UserC,h01_mw10,Storage EE,6.654238310563668
UserC,h01_mw10,Gas Boiler,0.0
UserC,h01_mw10,HP,0.0
UserC,h01_mw10,AC,0.0
UserC,h01_mw10,Storage HW,0.0
UserC,h01_mw10,Radiators,0.0
UserC,h01_mw10,Floor heating,0.0
UserC,h01_mw10,Induction stove,0.0
UserC,h01_mw10,Gas stove,0.0
UserC,h01_mw10,Gas National Grid,0.0
UserC,h02_mw10,PV sys,0.0
UserC,h02_mw10,National Grid EE,0.0
UserC,h02_mw10,Storage EE,6.501237003649544
UserC,h02_mw10,Gas Boiler,0.0
UserC,h02_mw10,HP,0.0
UserC,h02_mw10,AC,0.0
UserC,h02_mw10,Storage HW,0.0
UserC,h02_mw10,Radiators,0.0
UserC,h02_mw10,Floor heating,0.0
UserC,h02_mw10,Induction stove,0.0
UserC,h02_mw10,Gas stove,0.0
UserC,h02_mw10,Gas National Grid,0.0
UserC,h03_mw10,PV sys,0.0
UserC,h03_mw10,National Grid EE,0.0
UserC,h03_mw10,Storage EE,6.3617482136667345
UserC,h03_mw10,Gas Boiler,0.0
UserC,h03_mw10,HP,0.0
UserC,h03_mw10,AC,0.0
UserC,h03_mw10,Storage HW,0.0
UserC,h03_mw10,Radiators,0.0
UserC,h03_mw10,Floor heating,0.0
UserC,h03_mw10,Induction stove,0.0
UserC,h03_mw10,Gas stove,0.0
UserC,h03_mw10,Gas National Grid,0.0
UserC,h04_mw10,PV sys,0.0
UserC,h04_mw10,National Grid EE,0.0
UserC,h04_mw10,Storage EE,4.383811830045687
UserC,h04_mw10,Gas Boiler,0.0
UserC,h04_mw10,HP,0.0
UserC,h04_mw10,AC,0.0
UserC,h04_mw10,Storage HW,0.0
UserC,h04_mw10,Radiators,0.0
UserC,h04_mw10,Floor heating,0.0
UserC,h04_mw10,Induction stove,0.0
UserC,h04_mw10,Gas stove,0.0
UserC,h04_mw10,Gas National Grid,0.0
UserC,h05_mw10,PV sys,0.0
UserC,h05_mw10,National Grid EE,0.0
UserC,h05_mw10,Storage EE,1.2063739634275064
UserC,h05_mw10,Gas Boiler,0.0
UserC,h05_mw10,HP,0.0
UserC,h05_mw10,AC,0.0
UserC,h05_mw10,Storage HW,0.0
UserC,h05_mw10,Radiators,0.0
UserC,h05_mw10,Floor heating,0.0
UserC,h05_mw10,Induction stove,0.0
UserC,h05_mw10,Gas stove,0.0
UserC,h05_mw10,Gas National Grid,0.0
UserC,h06_mw10,PV sys,0.0
UserC,h06_mw10,National Grid EE,0.0
UserC,h06_mw10,Storage EE,1.2000000000000002
UserC,h06_mw10,Gas Boiler,0.0
UserC,h06_mw10,HP,0.0
UserC,h06_mw10,AC,0.0
UserC,h06_mw10,Storage HW,0.0
UserC,h06_mw10,Radiators,0.0
UserC,h06_mw10,Floor heating,0.0
UserC,h06_mw10,Induction stove,0.0
UserC,h06_mw10,Gas stove,0.0
UserC,h06_mw10,Gas National Grid,0.0
UserC,h07_mw10,PV sys,0.0
UserC,h07_mw10,National Grid EE,0.0
UserC,h07_mw10,Storage EE,1.2000000000000002
UserC,h07_mw10,Gas Boiler,0.0
UserC,h07_mw10,HP,0.0
UserC,h07_mw10,AC,0.0
UserC,h07_mw10,Storage HW,0.0
UserC,h07_mw10,Radiators,0.0
UserC,h07_mw10,Floor heating,0.0
UserC,h07_mw10,Induction stove,0.0
UserC,h07_mw10,Gas stove,0.0
UserC,h07_mw10,Gas National Grid,0.0
UserC,h08_mw10,PV sys,0.0
UserC,h08_mw10,National Grid EE,0.0
UserC,h08_mw10,Storage EE,1.2000000000000002
UserC,h08_mw10,Gas Boiler,0.0
UserC,h08_mw10,HP,0.0
UserC,h08_mw10,AC,0.0
UserC,h08_mw10,Storage HW,0.0
UserC,h08_mw10,Radiators,0.0
UserC,h08_mw10,Floor heating,0.0
UserC,h08_mw10,Induction stove,0.0
UserC,h08_mw10,Gas stove,0.0
UserC,h08_mw10,Gas National Grid,0.0
UserC,h09_mw10,PV sys,0.0
UserC,h09_mw10,National Grid EE,0.0
UserC,h09_mw10,Storage EE,2.141590137762385
UserC,h09_mw10,Gas Boiler,0.0
UserC,h09_mw10,HP,0.0
UserC,h09_mw10,AC,0.0
UserC,h09_mw10,Storage HW,0.0
UserC,h09_mw10,Radiators,0.0
UserC,h09_mw10,Floor heating,0.0
UserC,h09_mw10,Induction stove,0.0
UserC,h09_mw10,Gas stove,0.0
UserC,h09_mw10,Gas National Grid,0.0
UserC,h10_mw10,PV sys,0.0
UserC,h10_mw10,National Grid EE,0.0
UserC,h10_mw10,Storage EE,5.08523155052993
UserC,h10_mw10,Gas Boiler,0.0
UserC,h10_mw10,HP,0.0
UserC,h10_mw10,AC,0.0
UserC,h10_mw10,Storage HW,0.0
UserC,h10_mw10,Radiators,0.0
UserC,h10_mw10,Floor heating,0.0
UserC,h10_mw10,Induction stove,0.0
UserC,h10_mw10,Gas stove,0.0
UserC,h10_mw10,Gas National Grid,0.0
UserC,h11_mw10,PV sys,0.0
UserC,h11_mw10,National Grid EE,0.0
UserC,h11_mw10,Storage EE,6.004072967126431
UserC,h11_mw10,Gas Boiler,0.0
UserC,h11_mw10,HP,0.0
UserC,h11_mw10,AC,0.0
UserC,h11_mw10,Storage HW,0.0
UserC,h11_mw10,Radiators,0.0
UserC,h11_mw10,Floor heating,0.0
UserC,h11_mw10,Induction stove,0.0
UserC,h11_mw10,Gas stove,0.0
UserC,h11_mw10,Gas National Grid,0.0
UserC,h12_mw10,PV sys,0.0
UserC,h12_mw10,National Grid EE,0.0
UserC,h12_mw10,Storage EE,7.334988994040589
UserC,h12_mw10,Gas Boiler,0.0
UserC,h12_mw10,HP,0.0
UserC,h12_mw10,AC,0.0
UserC,h12_mw10,Storage HW,0.0
UserC,h12_mw10,Radiators,0.0
UserC,h12_mw10,Floor heating,0.0
UserC,h12_mw10,Induction stove,0.0
UserC,h12_mw10,Gas stove,0.0
UserC,h12_mw10,Gas National Grid,0.0
UserC,h13_mw10,PV sys,0.0
UserC,h13_mw10,National Grid EE,0.0
UserC,h13_mw10,Storage EE,7.595911913398763
UserC,h13_mw10,Gas Boiler,0.0
UserC,h13_mw10,HP,0.0
UserC,h13_mw10,AC,0.0
UserC,h13_mw10,Storage HW,0.0
UserC,h13_mw10,Radiators,0.0
UserC,h13_mw10,Floor heating,0.0
UserC,h13_mw10,Induction stove,0.0
UserC,h13_mw10,Gas stove,0.0
UserC,h13_mw10,Gas National Grid,0.0
UserC,h14_mw10,PV sys,0.0
UserC,h14_mw10,National Grid EE,0.0
UserC,h14_mw10,Storage EE,6.989289073367222
UserC,h14_mw10,Gas Boiler,0.0
UserC,h14_mw10,HP,0.0
UserC,h14_mw10,AC,0.0
UserC,h14_mw10,Storage HW,0.0
UserC,h14_mw10,Radiators,0.0
UserC,h14_mw10,Floor heating,0.0
UserC,h14_mw10,Induction stove,0.0
UserC,h14_mw10,Gas stove,0.0
UserC,h14_mw10,Gas National Grid,0.0
UserC,h15_mw10,PV sys,0.0
UserC,h15_mw10,National Grid EE,0.0
UserC,h15_mw10,Storage EE,7.018564551789777
UserC,h15_mw10,Gas Boiler,0.0
UserC,h15_mw10,HP,0.0
UserC,h15_mw10,AC,0.0
UserC,h15_mw10,Storage HW,0.0
UserC,h15_mw10,Radiators,0.0
UserC,h15_mw10,Floor heating,0.0
UserC,h15_mw10,Induction stove,0.0
UserC,h15_mw10,Gas stove,0.0
UserC,h15_mw10,Gas National Grid,0.0
UserC,h16_mw10,PV sys,0.0
UserC,h16_mw10,National Grid EE,0.0
UserC,h16_mw10,Storage EE,9.346063134352118
UserC,h16_mw10,Gas Boiler,0.0
UserC,h16_mw10,HP,0.0
UserC,h16_mw10,AC,0.0
UserC,h16_mw10,Storage HW,0.0
UserC,h16_mw10,Radiators,0.0
UserC,h16_mw10,Floor heating,0.0
UserC,h16_mw10,Induction stove,0.0
UserC,h16_mw10,Gas stove,0.0
UserC,h16_mw10,Gas National Grid,0.0
UserC,h17_mw10,PV sys,0.0
UserC,h17_mw10,National Grid EE,0.0
UserC,h17_mw10,Storage EE,10.483761716914454
UserC,h17_mw10,Gas Boiler,0.0
UserC,h17_mw10,HP,0.0
UserC,h17_mw10,AC,0.0
UserC,h17_mw10,Storage HW,0.0
UserC,h17_mw10,Radiators,0.0
UserC,h17_mw10,Floor heating,0.0
UserC,h17_mw10,Induction stove,0.0
UserC,h17_mw10,Gas stove,0.0
UserC,h17_mw10,Gas National Grid,0.0
UserC,h18_mw10,PV sys,0.0
UserC,h18_mw10,National Grid EE,0.0
UserC,h18_mw10,Storage EE,7.1986167507894345
UserC,h18_mw10,Gas Boiler,0.0
UserC,h18_mw10,HP,0.0
UserC,h18_mw10,AC,0.0
UserC,h18_mw10,Storage HW,0.0
UserC,h18_mw10,Radiators,0.0
UserC,h18_mw10,Floor heating,0.0
UserC,h18_mw10,Induction stove,0.0
UserC,h18_mw10,Gas stove,0.0
UserC,h18_mw10,Gas National Grid,0.0
UserC,h19_mw10,PV sys,0.0
UserC,h19_mw10,National Grid EE,0.0
UserC,h19_mw10,Storage EE,6.21937456929312
UserC,h19_mw10,Gas Boiler,0.0
UserC,h19_mw10,HP,0.0
UserC,h19_mw10,AC,0.0
UserC,h19_mw10,Storage HW,0.0
UserC,h19_mw10,Radiators,0.0
UserC,h19_mw10,Floor heating,0.0
UserC,h19_mw10,Induction stove,0.0
UserC,h19_mw10,Gas stove,0.0
UserC,h19_mw10,Gas National Grid,0.0
UserC,h20_mw10,PV sys,0.0
UserC,h20_mw10,National Grid EE,0.0
UserC,h20_mw10,Storage EE,5.248519679886672
UserC,h20_mw10,Gas Boiler,0.0
UserC,h20_mw10,HP,0.0
UserC,h20_mw10,AC,0.0
UserC,h20_mw10,Storage HW,0.0
UserC,h20_mw10,Radiators,0.0
UserC,h20_mw10,Floor heating,0.0
UserC,h20_mw10,Induction stove,0.0
UserC,h20_mw10,Gas stove,0.0
UserC,h20_mw10,Gas National Grid,0.0
UserC,h21_mw10,PV sys,0.0
UserC,h21_mw10,National Grid EE,0.0
UserC,h21_mw10,Storage EE,4.712419741272047
UserC,h21_mw10,Gas Boiler,0.0
UserC,h21_mw10,HP,0.0
UserC,h21_mw10,AC,0.0
UserC,h21_mw10,Storage HW,0.0
UserC,h21_mw10,Radiators,0.0
UserC,h21_mw10,Floor heating,0.0
UserC,h21_mw10,Induction stove,0.0
UserC,h21_mw10,Gas stove,0.0
UserC,h21_mw10,Gas National Grid,0.0
UserC,h22_mw10,PV sys,0.0
UserC,h22_mw10,National Grid EE,0.0
UserC,h22_mw10,Storage EE,4.178644363152255
UserC,h22_mw10,Gas Boiler,0.0
UserC,h22_mw10,HP,0.0
UserC,h22_mw10,AC,0.0
UserC,h22_mw10,Storage HW,0.0
UserC,h22_mw10,Radiators,0.0
UserC,h22_mw10,Floor heating,0.0
UserC,h22_mw10,Induction stove,0.0
UserC,h22_mw10,Gas stove,0.0
UserC,h22_mw10,Gas National Grid,0.0
UserC,h23_mw10,PV sys,0.0
UserC,h23_mw10,National Grid EE,0.0
UserC,h23_mw10,Storage EE,3.3997410718375565
UserC,h23_mw10,Gas Boiler,0.0
UserC,h23_mw10,HP,0.0
UserC,h23_mw10,AC,0.0
UserC,h23_mw10,Storage HW,0.0
UserC,h23_mw10,Radiators,0.0
UserC,h23_mw10,Floor heating,0.0
UserC,h23_mw10,Induction stove,0.0
UserC,h23_mw10,Gas stove,0.0
UserC,h23_mw10,Gas National Grid,0.0
UserC,h24_mw10,PV sys,0.0
UserC,h24_mw10,National Grid EE,0.0
UserC,h24_mw10,Storage EE,2.918262362464377
UserC,h24_mw10,Gas Boiler,0.0
UserC,h24_mw10,HP,0.0
UserC,h24_mw10,AC,0.0
UserC,h24_mw10,Storage HW,0.0
UserC,h24_mw10,Radiators,0.0
UserC,h24_mw10,Floor heating,0.0
UserC,h24_mw10,Induction stove,0.0
UserC,h24_mw10,Gas stove,0.0
UserC,h24_mw10,Gas National Grid,0.0
UserC,h01_mw11,PV sys,0.0
UserC,h01_mw11,National Grid EE,0.0
UserC,h01_mw11,Storage EE,2.5273403113524493
UserC,h01_mw11,Gas Boiler,0.0
UserC,h01_mw11,HP,0.0
UserC,h01_mw11,AC,0.0
UserC,h01_mw11,Storage HW,0.0
UserC,h01_mw11,Radiators,0.0
UserC,h01_mw11,Floor heating,0.0
UserC,h01_mw11,Induction stove,0.0
UserC,h01_mw11,Gas stove,0.0
UserC,h01_mw11,Gas National Grid,0.0
UserC,h02_mw11,PV sys,0.0
UserC,h02_mw11,National Grid EE,0.0
UserC,h02_mw11,Storage EE,2.370831371322333
UserC,h02_mw11,Gas Boiler,0.0
UserC,h02_mw11,HP,0.0
UserC,h02_mw11,AC,0.0
UserC,h02_mw11,Storage HW,0.0
UserC,h02_mw11,Radiators,0.0
UserC,h02_mw11,Floor heating,0.0
UserC,h02_mw11,Induction stove,0.0
UserC,h02_mw11,Gas stove,0.0
UserC,h02_mw11,Gas National Grid,0.0
UserC,h03_mw11,PV sys,0.0
UserC,h03_mw11,National Grid EE,0.0
UserC,h03_mw11,Storage EE,2.184172417324833
UserC,h03_mw11,Gas Boiler,0.0
UserC,h03_mw11,HP,0.0
UserC,h03_mw11,AC,0.0
UserC,h03_mw11,Storage HW,0.0
UserC,h03_mw11,Radiators,0.0
UserC,h03_mw11,Floor heating,0.0
UserC,h03_mw11,Induction stove,0.0
UserC,h03_mw11,Gas stove,0.0
UserC,h03_mw11,Gas National Grid,0.0
UserC,h04_mw11,PV sys,0.0
UserC,h04_mw11,National Grid EE,0.0
UserC,h04_mw11,Storage EE,1.9396373331785486
UserC,h04_mw11,Gas Boiler,0.0
UserC,h04_mw11,HP,0.0
UserC,h04_mw11,AC,0.0
UserC,h04_mw11,Storage HW,0.0
UserC,h04_mw11,Radiators,0.0
UserC,h04_mw11,Floor heating,0.0
UserC,h04_mw11,Induction stove,0.0
UserC,h04_mw11,Gas stove,0.0
UserC,h04_mw11,Gas National Grid,0.0
UserC,h05_mw11,PV sys,0.0
UserC,h05_mw11,National Grid EE,0.0
UserC,h05_mw11,Storage EE,1.6655716388632054
UserC,h05_mw11,Gas Boiler,0.0
UserC,h05_mw11,HP,0.0
UserC,h05_mw11,AC,0.0
UserC,h05_mw11,Storage HW,0.0
UserC,h05_mw11,Radiators,0.0
UserC,h05_mw11,Floor heating,0.0
UserC,h05_mw11,Induction stove,0.0
UserC,h05_mw11,Gas stove,0.0
UserC,h05_mw11,Gas National Grid,0.0
UserC,h06_mw11,PV sys,0.0
UserC,h06_mw11,National Grid EE,0.0
UserC,h06_mw11,Storage EE,1.4190828112766738
UserC,h06_mw11,Gas Boiler,0.0
UserC,h06_mw11,HP,0.0
UserC,h06_mw11,AC,0.0
UserC,h06_mw11,Storage HW,0.0
UserC,h06_mw11,Radiators,0.0
UserC,h06_mw11,Floor heating,0.0
UserC,h06_mw11,Induction stove,0.0
UserC,h06_mw11,Gas stove,0.0
UserC,h06_mw11,Gas National Grid,0.0
UserC,h07_mw11,PV sys,0.0
UserC,h07_mw11,National Grid EE,0.0
UserC,h07_mw11,Storage EE,1.2999974929566434
UserC,h07_mw11,Gas Boiler,0.0
UserC,h07_mw11,HP,0.0
UserC,h07_mw11,AC,0.0
UserC,h07_mw11,Storage HW,0.0
UserC,h07_mw11,Radiators,0.0
UserC,h07_mw11,Floor heating,0.0
UserC,h07_mw11,Induction stove,0.0
UserC,h07_mw11,Gas stove,0.0
UserC,h07_mw11,Gas National Grid,0.0
UserC,h08_mw11,PV sys,0.0
UserC,h08_mw11,National Grid EE,0.0
UserC,h08_mw11,Storage EE,1.2000000000000002
UserC,h08_mw11,Gas Boiler,0.0
UserC,h08_mw11,HP,0.0
UserC,h08_mw11,AC,0.0
UserC,h08_mw11,Storage HW,0.0
UserC,h08_mw11,Radiators,0.0
UserC,h08_mw11,Floor heating,0.0
UserC,h08_mw11,Induction stove,0.0
UserC,h08_mw11,Gas stove,0.0
UserC,h08_mw11,Gas National Grid,0.0
UserC,h09_mw11,PV sys,0.0
UserC,h09_mw11,National Grid EE,0.0
UserC,h09_mw11,Storage EE,1.6968291583914357
UserC,h09_mw11,Gas Boiler,0.0
UserC,h09_mw11,HP,0.0
UserC,h09_mw11,AC,0.0
UserC,h09_mw11,Storage HW,0.0
UserC,h09_mw11,Radiators,0.0
UserC,h09_mw11,Floor heating,0.0
UserC,h09_mw11,Induction stove,0.0
UserC,h09_mw11,Gas stove,0.0
UserC,h09_mw11,Gas National Grid,0.0
UserC,h10_mw11,PV sys,0.0
UserC,h10_mw11,National Grid EE,0.0
UserC,h10_mw11,Storage EE,2.7697594002518127
UserC,h10_mw11,Gas Boiler,0.0
UserC,h10_mw11,HP,0.0
UserC,h10_mw11,AC,0.0
UserC,h10_mw11,Storage HW,0.0
UserC,h10_mw11,Radiators,0.0
UserC,h10_mw11,Floor heating,0.0
UserC,h10_mw11,Induction stove,0.0
UserC,h10_mw11,Gas stove,0.0
UserC,h10_mw11,Gas National Grid,0.0
UserC,h11_mw11,PV sys,0.0
UserC,h11_mw11,National Grid EE,0.0
UserC,h11_mw11,Storage EE,4.575913475226744
UserC,h11_mw11,Gas Boiler,0.0
UserC,h11_mw11,HP,0.0
UserC,h11_mw11,AC,0.0
UserC,h11_mw11,Storage HW,0.0
UserC,h11_mw11,Radiators,0.0
UserC,h11_mw11,Floor heating,0.0
UserC,h11_mw11,Induction stove,0.0
UserC,h11_mw11,Gas stove,0.0
UserC,h11_mw11,Gas National Grid,0.0
UserC,h12_mw11,PV sys,0.0
UserC,h12_mw11,National Grid EE,0.0
UserC,h12_mw11,Storage EE,7.2401617070224304
UserC,h12_mw11,Gas Boiler,0.0
UserC,h12_mw11,HP,0.0
UserC,h12_mw11,AC,0.0
UserC,h12_mw11,Storage HW,0.0
UserC,h12_mw11,Radiators,0.0
UserC,h12_mw11,Floor heating,0.0
UserC,h12_mw11,Induction stove,0.0
UserC,h12_mw11,Gas stove,0.0
UserC,h12_mw11,Gas National Grid,0.0
UserC,h13_mw11,PV sys,0.0
UserC,h13_mw11,National Grid EE,0.0
UserC,h13_mw11,Storage EE,8.744765533318969
UserC,h13_mw11,Gas Boiler,0.0
UserC,h13_mw11,HP,0.0
UserC,h13_mw11,AC,0.0
UserC,h13_mw11,Storage HW,0.0
UserC,h13_mw11,Radiators,0.0
UserC,h13_mw11,Floor heating,0.0
UserC,h13_mw11,Induction stove,0.0
UserC,h13_mw11,Gas stove,0.0
UserC,h13_mw11,Gas National Grid,0.0
UserC,h14_mw11,PV sys,0.0
UserC,h14_mw11,National Grid EE,0.0
UserC,h14_mw11,Storage EE,11.399999999999999
UserC,h14_mw11,Gas Boiler,0.0
UserC,h14_mw11,HP,0.0
UserC,h14_mw11,AC,0.0
UserC,h14_mw11,Storage HW,0.0
UserC,h14_mw11,Radiators,0.0
UserC,h14_mw11,Floor heating,0.0
UserC,h14_mw11,Induction stove,0.0
UserC,h14_mw11,Gas stove,0.0
UserC,h14_mw11,Gas National Grid,0.0
UserC,h15_mw11,PV sys,0.0
UserC,h15_mw11,National Grid EE,0.0
UserC,h15_mw11,Storage EE,11.399999999999999
UserC,h15_mw11,Gas Boiler,0.0
UserC,h15_mw11,HP,0.0
UserC,h15_mw11,AC,0.0
UserC,h15_mw11,Storage HW,0.0
UserC,h15_mw11,Radiators,0.0
UserC,h15_mw11,Floor heating,0.0
UserC,h15_mw11,Induction stove,0.0
UserC,h15_mw11,Gas stove,0.0
UserC,h15_mw11,Gas National Grid,0.0
UserC,h16_mw11,PV sys,0.0
UserC,h16_mw11,National Grid EE,0.0
UserC,h16_mw11,Storage EE,11.18471141743766
UserC,h16_mw11,Gas Boiler,0.0
UserC,h16_mw11,HP,0.0
UserC,h16_mw11,AC,0.0
UserC,h16_mw11,Storage HW,0.0
UserC,h16_mw11,Radiators,0.0
UserC,h16_mw11,Floor heating,0.0
UserC,h16_mw11,Induction stove,0.0
UserC,h16_mw11,Gas stove,0.0
UserC,h16_mw11,Gas National Grid,0.0
UserC,h17_mw11,PV sys,0.0
UserC,h17_mw11,National Grid EE,0.0
UserC,h17_mw11,Storage EE,11.399999999999999
UserC,h17_mw11,Gas Boiler,0.0
UserC,h17_mw11,HP,0.0
UserC,h17_mw11,AC,0.0
UserC,h17_mw11,Storage HW,0.0
UserC,h17_mw11,Radiators,0.0
UserC,h17_mw11,Floor heating,0.0
UserC,h17_mw11,Induction stove,0.0
UserC,h17_mw11,Gas stove,0.0
UserC,h17_mw11,Gas National Grid,0.0
UserC,h18_mw11,PV sys,0.0
UserC,h18_mw11,National Grid EE,0.0
UserC,h18_mw11,Storage EE,11.201393075956004
UserC,h18_mw11,Gas Boiler,0.0
UserC,h18_mw11,HP,0.0
UserC,h18_mw11,AC,0.0
UserC,h18_mw11,Storage HW,0.0
UserC,h18_mw11,Radiators,0.0
UserC,h18_mw11,Floor heating,0.0
UserC,h18_mw11,Induction stove,0.0
UserC,h18_mw11,Gas stove,0.0
UserC,h18_mw11,Gas National Grid,0.0
UserC,h19_mw11,PV sys,0.0
UserC,h19_mw11,National Grid EE,0.0
UserC,h19_mw11,Storage EE,10.412961203085233
UserC,h19_mw11,Gas Boiler,0.0
UserC,h19_mw11,HP,0.0
UserC,h19_mw11,AC,0.0
UserC,h19_mw11,Storage HW,0.0
UserC,h19_mw11,Radiators,0.0
UserC,h19_mw11,Floor heating,0.0
UserC,h19_mw11,Induction stove,0.0
UserC,h19_mw11,Gas stove,0.0
UserC,h19_mw11,Gas National Grid,0.0
UserC,h20_mw11,PV sys,0.0
UserC,h20_mw11,National Grid EE,0.0
UserC,h20_mw11,Storage EE,9.487087289408233
UserC,h20_mw11,Gas Boiler,0.0
UserC,h20_mw11,HP,0.0
UserC,h20_mw11,AC,0.0
UserC,h20_mw11,Storage HW,0.0
UserC,h20_mw11,Radiators,0.0
UserC,h20_mw11,Floor heating,0.0
UserC,h20_mw11,Induction stove,0.0
UserC,h20_mw11,Gas stove,0.0
UserC,h20_mw11,Gas National Grid,0.0
UserC,h21_mw11,PV sys,0.0
UserC,h21_mw11,National Grid EE,0.0
UserC,h21_mw11,Storage EE,8.95351485173723
UserC,h21_mw11,Gas Boiler,0.0
UserC,h21_mw11,HP,0.0
UserC,h21_mw11,AC,0.0
UserC,h21_mw11,Storage HW,0.0
UserC,h21_mw11,Radiators,0.0
UserC,h21_mw11,Floor heating,0.0
UserC,h21_mw11,Induction stove,0.0
UserC,h21_mw11,Gas stove,0.0
UserC,h21_mw11,Gas National Grid,0.0
UserC,h22_mw11,PV sys,0.0
UserC,h22_mw11,National Grid EE,0.0
UserC,h22_mw11,Storage EE,8.109676501945147
UserC,h22_mw11,Gas Boiler,0.0
UserC,h22_mw11,HP,0.0
UserC,h22_mw11,AC,0.0
UserC,h22_mw11,Storage HW,0.0
UserC,h22_mw11,Radiators,0.0
UserC,h22_mw11,Floor heating,0.0
UserC,h22_mw11,Induction stove,0.0
UserC,h22_mw11,Gas stove,0.0
UserC,h22_mw11,Gas National Grid,0.0
UserC,h23_mw11,PV sys,0.0
UserC,h23_mw11,National Grid EE,0.0
UserC,h23_mw11,Storage EE,7.479395162485083
UserC,h23_mw11,Gas Boiler,0.0
UserC,h23_mw11,HP,0.0
UserC,h23_mw11,AC,0.0
UserC,h23_mw11,Storage HW,0.0
UserC,h23_mw11,Radiators,0.0
UserC,h23_mw11,Floor heating,0.0
UserC,h23_mw11,Induction stove,0.0
UserC,h23_mw11,Gas stove,0.0
UserC,h23_mw11,Gas National Grid,0.0
UserC,h24_mw11,PV sys,0.0
UserC,h24_mw11,National Grid EE,0.0
UserC,h24_mw11,Storage EE,7.135908154319804
UserC,h24_mw11,Gas Boiler,0.0
UserC,h24_mw11,HP,0.0
UserC,h24_mw11,AC,0.0
UserC,h24_mw11,Storage HW,0.0
UserC,h24_mw11,Radiators,0.0
UserC,h24_mw11,Floor heating,0.0
UserC,h24_mw11,Induction stove,0.0
UserC,h24_mw11,Gas stove,0.0
UserC,h24_mw11,Gas National Grid,0.0
UserC,h01_mw12,PV sys,0.0
UserC,h01_mw12,National Grid EE,0.0
UserC,h01_mw12,Storage EE,6.752378927983055
UserC,h01_mw12,Gas Boiler,0.0
UserC,h01_mw12,HP,0.0
UserC,h01_mw12,AC,0.0
UserC,h01_mw12,Storage HW,0.0
UserC,h01_mw12,Radiators,0.0
UserC,h01_mw12,Floor heating,0.0
UserC,h01_mw12,Induction stove,0.0
UserC,h01_mw12,Gas stove,0.0
UserC,h01_mw12,Gas National Grid,0.0
UserC,h02_mw12,PV sys,0.0
UserC,h02_mw12,National Grid EE,0.0
UserC,h02_mw12,Storage EE,6.582925195199851
UserC,h02_mw12,Gas Boiler,0.0
UserC,h02_mw12,HP,0.0
UserC,h02_mw12,AC,0.0
UserC,h02_mw12,Storage HW,0.0
UserC,h02_mw12,Radiators,0.0
UserC,h02_mw12,Floor heating,0.0
UserC,h02_mw12,Induction stove,0.0
UserC,h02_mw12,Gas stove,0.0
UserC,h02_mw12,Gas National Grid,0.0
UserC,h03_mw12,PV sys,0.0
UserC,h03_mw12,National Grid EE,0.0
UserC,h03_mw12,Storage EE,3.414774009324957
UserC,h03_mw12,Gas Boiler,0.0
UserC,h03_mw12,HP,0.0
UserC,h03_mw12,AC,0.0
UserC,h03_mw12,Storage HW,0.0
UserC,h03_mw12,Radiators,0.0
UserC,h03_mw12,Floor heating,0.0
UserC,h03_mw12,Induction stove,0.0
UserC,h03_mw12,Gas stove,0.0
UserC,h03_mw12,Gas National Grid,0.0
UserC,h04_mw12,PV sys,0.0
UserC,h04_mw12,National Grid EE,0.0
UserC,h04_mw12,Storage EE,3.2575300461266705
UserC,h04_mw12,Gas Boiler,0.0
UserC,h04_mw12,HP,0.0
UserC,h04_mw12,AC,0.0
UserC,h04_mw12,Storage HW,0.0
UserC,h04_mw12,Radiators,0.0
UserC,h04_mw12,Floor heating,0.0
UserC,h04_mw12,Induction stove,0.0
UserC,h04_mw12,Gas stove,0.0
UserC,h04_mw12,Gas National Grid,0.0
UserC,h05_mw12,PV sys,0.0
UserC,h05_mw12,National Grid EE,0.0
UserC,h05_mw12,Storage EE,3.1172233852330686
UserC,h05_mw12,Gas Boiler,0.0
UserC,h05_mw12,HP,0.0
UserC,h05_mw12,AC,0.0
UserC,h05_mw12,Storage HW,0.0
UserC,h05_mw12,Radiators,0.0
UserC,h05_mw12,Floor heating,0.0
UserC,h05_mw12,Induction stove,0.0
UserC,h05_mw12,Gas stove,0.0
UserC,h05_mw12,Gas National Grid,0.0
UserC,h06_mw12,PV sys,0.0
UserC,h06_mw12,National Grid EE,0.0
UserC,h06_mw12,Storage EE,3.009487876808814
UserC,h06_mw12,Gas Boiler,0.0
UserC,h06_mw12,HP,0.0
UserC,h06_mw12,AC,0.0
UserC,h06_mw12,Storage HW,0.0
UserC,h06_mw12,Radiators,0.0
UserC,h06_mw12,Floor heating,0.0
UserC,h06_mw12,Induction stove,0.0
UserC,h06_mw12,Gas stove,0.0
UserC,h06_mw12,Gas National Grid,0.0
UserC,h07_mw12,PV sys,0.0
UserC,h07_mw12,National Grid EE,0.0
UserC,h07_mw12,Storage EE,2.522373179700848
UserC,h07_mw12,Gas Boiler,0.0
UserC,h07_mw12,HP,0.0
UserC,h07_mw12,AC,0.0
UserC,h07_mw12,Storage HW,0.0
UserC,h07_mw12,Radiators,0.0
UserC,h07_mw12,Floor heating,0.0
UserC,h07_mw12,Induction stove,0.0
UserC,h07_mw12,Gas stove,0.0
UserC,h07_mw12,Gas National Grid,0.0
UserC,h08_mw12,PV sys,0.0
UserC,h08_mw12,National Grid EE,0.0
UserC,h08_mw12,Storage EE,2.8275997195125857
UserC,h08_mw12,Gas Boiler,0.0
UserC,h08_mw12,HP,0.0
UserC,h08_mw12,AC,0.0
UserC,h08_mw12,Storage HW,0.0
UserC,h08_mw12,Radiators,0.0
UserC,h08_mw12,Floor heating,0.0
UserC,h08_mw12,Induction stove,0.0
UserC,h08_mw12,Gas stove,0.0
UserC,h08_mw12,Gas National Grid,0.0
UserC,h09_mw12,PV sys,0.0
UserC,h09_mw12,National Grid EE,0.0
UserC,h09_mw12,Storage EE,1.6816683105033035
UserC,h09_mw12,Gas Boiler,0.0
UserC,h09_mw12,HP,0.0
UserC,h09_mw12,AC,0.0
UserC,h09_mw12,Storage HW,0.0
UserC,h09_mw12,Radiators,0.0
UserC,h09_mw12,Floor heating,0.0
UserC,h09_mw12,Induction stove,0.0
UserC,h09_mw12,Gas stove,0.0
UserC,h09_mw12,Gas National Grid,0.0
UserC,h10_mw12,PV sys,0.0
UserC,h10_mw12,National Grid EE,0.0
UserC,h10_mw12,Storage EE,1.9783701447861282
UserC,h10_mw12,Gas Boiler,0.0
UserC,h10_mw12,HP,0.0
UserC,h10_mw12,AC,0.0
UserC,h10_mw12,Storage HW,0.0
UserC,h10_mw12,Radiators,0.0
UserC,h10_mw12,Floor heating,0.0
UserC,h10_mw12,Induction stove,0.0
UserC,h10_mw12,Gas stove,0.0
UserC,h10_mw12,Gas National Grid,0.0
UserC,h11_mw12,PV sys,0.0
UserC,h11_mw12,National Grid EE,0.0
UserC,h11_mw12,Storage EE,5.605512501690186
UserC,h11_mw12,Gas Boiler,0.0
UserC,h11_mw12,HP,0.0
UserC,h11_mw12,AC,0.0
UserC,h11_mw12,Storage HW,0.0
UserC,h11_mw12,Radiators,0.0
UserC,h11_mw12,Floor heating,0.0
UserC,h11_mw12,Induction stove,0.0
UserC,h11_mw12,Gas stove,0.0
UserC,h11_mw12,Gas National Grid,0.0
UserC,h12_mw12,PV sys,0.0
UserC,h12_mw12,National Grid EE,0.0
UserC,h12_mw12,Storage EE,6.533595866888835
UserC,h12_mw12,Gas Boiler,0.0
UserC,h12_mw12,HP,0.0
UserC,h12_mw12,AC,0.0
UserC,h12_mw12,Storage HW,0.0
UserC,h12_mw12,Radiators,0.0
UserC,h12_mw12,Floor heating,0.0
UserC,h12_mw12,Induction stove,0.0
UserC,h12_mw12,Gas stove,0.0
UserC,h12_mw12,Gas National Grid,0.0
UserC,h13_mw12,PV sys,0.0
UserC,h13_mw12,National Grid EE,0.0
UserC,h13_mw12,Storage EE,7.400055713128068
UserC,h13_mw12,Gas Boiler,0.0
UserC,h13_mw12,HP,0.0
UserC,h13_mw12,AC,0.0
UserC,h13_mw12,Storage HW,0.0
UserC,h13_mw12,Radiators,0.0
UserC,h13_mw12,Floor heating,0.0
UserC,h13_mw12,Induction stove,0.0
UserC,h13_mw12,Gas stove,0.0
UserC,h13_mw12,Gas National Grid,0.0
UserC,h14_mw12,PV sys,0.0
UserC,h14_mw12,National Grid EE,0.0
UserC,h14_mw12,Storage EE,7.757358587284436
UserC,h14_mw12,Gas Boiler,0.0
UserC,h14_mw12,HP,0.0
UserC,h14_mw12,AC,0.0
UserC,h14_mw12,Storage HW,0.0
UserC,h14_mw12,Radiators,0.0
UserC,h14_mw12,Floor heating,0.0
UserC,h14_mw12,Induction stove,0.0
UserC,h14_mw12,Gas stove,0.0
UserC,h14_mw12,Gas National Grid,0.0
UserC,h15_mw12,PV sys,0.0
UserC,h15_mw12,National Grid EE,0.0
UserC,h15_mw12,Storage EE,8.638071977221387
UserC,h15_mw12,Gas Boiler,0.0
UserC,h15_mw12,HP,0.0
UserC,h15_mw12,AC,0.0
UserC,h15_mw12,Storage HW,0.0
UserC,h15_mw12,Radiators,0.0
UserC,h15_mw12,Floor heating,0.0
UserC,h15_mw12,Induction stove,0.0
UserC,h15_mw12,Gas stove,0.0
UserC,h15_mw12,Gas National Grid,0.0
UserC,h16_mw12,PV sys,0.0
UserC,h16_mw12,National Grid EE,0.0
UserC,h16_mw12,Storage EE,10.281669370647712
UserC,h16_mw12,Gas Boiler,0.0
UserC,h16_mw12,HP,0.0
UserC,h16_mw12,AC,0.0
UserC,h16_mw12,Storage HW,0.0
UserC,h16_mw12,Radiators,0.0
UserC,h16_mw12,Floor heating,0.0
UserC,h16_mw12,Induction stove,0.0
UserC,h16_mw12,Gas stove,0.0
UserC,h16_mw12,Gas National Grid,0.0
UserC,h17_mw12,PV sys,0.0
UserC,h17_mw12,National Grid EE,0.0
UserC,h17_mw12,Storage EE,10.627256764074037
UserC,h17_mw12,Gas Boiler,0.0
UserC,h17_mw12,HP,0.0
UserC,h17_mw12,AC,0.0
UserC,h17_mw12,Storage HW,0.0
UserC,h17_mw12,Radiators,0.0
UserC,h17_mw12,Floor heating,0.0
UserC,h17_mw12,Induction stove,0.0
UserC,h17_mw12,Gas stove,0.0
UserC,h17_mw12,Gas National Grid,0.0
UserC,h18_mw12,PV sys,0.0
UserC,h18_mw12,National Grid EE,0.0
UserC,h18_mw12,Storage EE,10.356665086636374
UserC,h18_mw12,Gas Boiler,0.0
UserC,h18_mw12,HP,0.0
UserC,h18_mw12,AC,0.0
UserC,h18_mw12,Storage HW,0.0
UserC,h18_mw12,Radiators,0.0
UserC,h18_mw12,Floor heating,0.0
UserC,h18_mw12,Induction stove,0.0
UserC,h18_mw12,Gas stove,0.0
UserC,h18_mw12,Gas National Grid,0.0
UserC,h19_mw12,PV sys,0.0
UserC,h19_mw12,National Grid EE,0.0
UserC,h19_mw12,Storage EE,9.404466221932076
UserC,h19_mw12,Gas Boiler,0.0
UserC,h19_mw12,HP,0.0
UserC,h19_mw12,AC,0.0
UserC,h19_mw12,Storage HW,0.0
UserC,h19_mw12,Radiators,0.0
UserC,h19_mw12,Floor heating,0.0
UserC,h19_mw12,Induction stove,0.0
UserC,h19_mw12,Gas stove,0.0
UserC,h19_mw12,Gas National Grid,0.0
UserC,h20_mw12,PV sys,0.0
UserC,h20_mw12,National Grid EE,0.0
UserC,h20_mw12,Storage EE,8.708195500031088
UserC,h20_mw12,Gas Boiler,0.0
UserC,h20_mw12,HP,0.0
UserC,h20_mw12,AC,0.0
UserC,h20_mw12,Storage HW,0.0
UserC,h20_mw12,Radiators,0.0
UserC,h20_mw12,Floor heating,0.0
UserC,h20_mw12,Induction stove,0.0
UserC,h20_mw12,Gas stove,0.0
UserC,h20_mw12,Gas National Grid,0.0
UserC,h21_mw12,PV sys,0.0
UserC,h21_mw12,National Grid EE,0.0
UserC,h21_mw12,Storage EE,8.093411975901478
UserC,h21_mw12,Gas Boiler,0.0
UserC,h21_mw12,HP,0.0
UserC,h21_mw12,AC,0.0
UserC,h21_mw12,Storage HW,0.0
UserC,h21_mw12,Radiators,0.0
UserC,h21_mw12,Floor heating,0.0
UserC,h21_mw12,Induction stove,0.0
UserC,h21_mw12,Gas stove,0.0
UserC,h21_mw12,Gas National Grid,0.0
UserC,h22_mw12,PV sys,0.0
UserC,h22_mw12,National Grid EE,0.0
UserC,h22_mw12,Storage EE,4.423024094347196
UserC,h22_mw12,Gas Boiler,0.0
UserC,h22_mw12,HP,0.0
UserC,h22_mw12,AC,0.0
UserC,h22_mw12,Storage HW,0.0
UserC,h22_mw12,Radiators,0.0
UserC,h22_mw12,Floor heating,0.0
UserC,h22_mw12,Induction stove,0.0
UserC,h22_mw12,Gas stove,0.0
UserC,h22_mw12,Gas National Grid,0.0
UserC,h23_mw12,PV sys,0.0
UserC,h23_mw12,National Grid EE,0.0
UserC,h23_mw12,Storage EE,2.623983459129339
UserC,h23_mw12,Gas Boiler,0.0
UserC,h23_mw12,HP,0.0
UserC,h23_mw12,AC,0.0
UserC,h23_mw12,Storage HW,0.0
UserC,h23_mw12,Radiators,0.0
UserC,h23_mw12,Floor heating,0.0
UserC,h23_mw12,Induction stove,0.0
UserC,h23_mw12,Gas stove,0.0
UserC,h23_mw12,Gas National Grid,0.0
UserC,h24_mw12,PV sys,0.0
UserC,h24_mw12,National Grid EE,0.0
UserC,h24_mw12,Storage EE,1.2000000000000002
UserC,h24_mw12,Gas Boiler,0.0
UserC,h24_mw12,HP,0.0
UserC,h24_mw12,AC,0.0
UserC,h24_mw12,Storage HW,0.0
UserC,h24_mw12,Radiators,0.0
UserC,h24_mw12,Floor heating,0.0
UserC,h24_mw12,Induction stove,0.0
UserC,h24_mw12,Gas stove,0.0
UserC,h24_mw12,Gas National Grid,0.0
UserC,h01_mw13,PV sys,0.0
UserC,h01_mw13,National Grid EE,0.0
UserC,h01_mw13,Storage EE,1.2000000000000002
UserC,h01_mw13,Gas Boiler,0.0
UserC,h01_mw13,HP,0.0
UserC,h01_mw13,AC,0.0
UserC,h01_mw13,Storage HW,0.0
UserC,h01_mw13,Radiators,0.0
UserC,h01_mw13,Floor heating,0.0
UserC,h01_mw13,Induction stove,0.0
UserC,h01_mw13,Gas stove,0.0
UserC,h01_mw13,Gas National Grid,0.0
UserC,h02_mw13,PV sys,0.0
UserC,h02_mw13,National Grid EE,0.0
UserC,h02_mw13,Storage EE,1.2000000000000002
UserC,h02_mw13,Gas Boiler,0.0
UserC,h02_mw13,HP,0.0
UserC,h02_mw13,AC,0.0
UserC,h02_mw13,Storage HW,0.0
UserC,h02_mw13,Radiators,0.0
UserC,h02_mw13,Floor heating,0.0
UserC,h02_mw13,Induction stove,0.0
UserC,h02_mw13,Gas stove,0.0
UserC,h02_mw13,Gas National Grid,0.0
UserC,h03_mw13,PV sys,0.0
UserC,h03_mw13,National Grid EE,0.0
UserC,h03_mw13,Storage EE,1.2000000000000002
UserC,h03_mw13,Gas Boiler,0.0
UserC,h03_mw13,HP,0.0
UserC,h03_mw13,AC,0.0
UserC,h03_mw13,Storage HW,0.0
UserC,h03_mw13,Radiators,0.0
UserC,h03_mw13,Floor heating,0.0
UserC,h03_mw13,Induction stove,0.0
UserC,h03_mw13,Gas stove,0.0
UserC,h03_mw13,Gas National Grid,0.0
UserC,h04_mw13,PV sys,0.0
UserC,h04_mw13,National Grid EE,0.0
UserC,h04_mw13,Storage EE,1.2000000000000002
UserC,h04_mw13,Gas Boiler,0.0
UserC,h04_mw13,HP,0.0
UserC,h04_mw13,AC,0.0
UserC,h04_mw13,Storage HW,0.0
UserC,h04_mw13,Radiators,0.0
UserC,h04_mw13,Floor heating,0.0
UserC,h04_mw13,Induction stove,0.0
UserC,h04_mw13,Gas stove,0.0
UserC,h04_mw13,Gas National Grid,0.0
UserC,h05_mw13,PV sys,0.0
UserC,h05_mw13,National Grid EE,0.0
UserC,h05_mw13,Storage EE,1.2000000000000002
UserC,h05_mw13,Gas Boiler,0.0
UserC,h05_mw13,HP,0.0
UserC,h05_mw13,AC,0.0
UserC,h05_mw13,Storage HW,0.0
UserC,h05_mw13,Radiators,0.0
UserC,h05_mw13,Floor heating,0.0
UserC,h05_mw13,Induction stove,0.0
UserC,h05_mw13,Gas stove,0.0
UserC,h05_mw13,Gas National Grid,0.0
UserC,h06_mw13,PV sys,0.0
UserC,h06_mw13,National Grid EE,0.0
UserC,h06_mw13,Storage EE,1.2622200000000001
UserC,h06_mw13,Gas Boiler,0.0
UserC,h06_mw13,HP,0.0
UserC,h06_mw13,AC,0.0
UserC,h06_mw13,Storage HW,0.0
UserC,h06_mw13,Radiators,0.0
UserC,h06_mw13,Floor heating,0.0
UserC,h06_mw13,Induction stove,0.0
UserC,h06_mw13,Gas stove,0.0
UserC,h06_mw13,Gas National Grid,0.0
UserC,h07_mw13,PV sys,0.0
UserC,h07_mw13,National Grid EE,0.0
UserC,h07_mw13,Storage EE,1.4697000000000005
UserC,h07_mw13,Gas Boiler,0.0
UserC,h07_mw13,HP,0.0
UserC,h07_mw13,AC,0.0
UserC,h07_mw13,Storage HW,0.0
UserC,h07_mw13,Radiators,0.0
UserC,h07_mw13,Floor heating,0.0
UserC,h07_mw13,Induction stove,0.0
UserC,h07_mw13,Gas stove,0.0
UserC,h07_mw13,Gas National Grid,0.0
UserC,h08_mw13,PV sys,0.0
UserC,h08_mw13,National Grid EE,0.0
UserC,h08_mw13,Storage EE,1.9332600000000006
UserC,h08_mw13,Gas Boiler,0.0
UserC,h08_mw13,HP,0.0
UserC,h08_mw13,AC,0.0
UserC,h08_mw13,Storage HW,0.0
UserC,h08_mw13,Radiators,0.0
UserC,h08_mw13,Floor heating,0.0
UserC,h08_mw13,Induction stove,0.0
UserC,h08_mw13,Gas stove,0.0
UserC,h08_mw13,Gas National Grid,0.0
UserC,h09_mw13,PV sys,0.0
UserC,h09_mw13,National Grid EE,0.0
UserC,h09_mw13,Storage EE,2.59686
UserC,h09_mw13,Gas Boiler,0.0
UserC,h09_mw13,HP,0.0
UserC,h09_mw13,AC,0.0
UserC,h09_mw13,Storage HW,0.0
UserC,h09_mw13,Radiators,0.0
UserC,h09_mw13,Floor heating,0.0
UserC,h09_mw13,Induction stove,0.0
UserC,h09_mw13,Gas stove,0.0
UserC,h09_mw13,Gas National Grid,0.0
UserC,h10_mw13,PV sys,0.0
UserC,h10_mw13,National Grid EE,0.0
UserC,h10_mw13,Storage EE,3.5862000000000003
UserC,h10_mw13,Gas Boiler,0.0
UserC,h10_mw13,HP,0.0
UserC,h10_mw13,AC,0.0
UserC,h10_mw13,Storage HW,0.0
UserC,h10_mw13,Radiators,0.0
UserC,h10_mw13,Floor heating,0.0
UserC,h10_mw13,Induction stove,0.0
UserC,h10_mw13,Gas stove,0.0
UserC,h10_mw13,Gas National Grid,0.0
UserC,h11_mw13,PV sys,0.0
UserC,h11_mw13,National Grid EE,0.0
UserC,h11_mw13,Storage EE,4.40568
UserC,h11_mw13,Gas Boiler,0.0
UserC,h11_mw13,HP,0.0
UserC,h11_mw13,AC,0.0
UserC,h11_mw13,Storage HW,0.0
UserC,h11_mw13,Radiators,0.0
UserC,h11_mw13,Floor heating,0.0
UserC,h11_mw13,Induction stove,0.0
UserC,h11_mw13,Gas stove,0.0
UserC,h11_mw13,Gas National Grid,0.0
UserC,h12_mw13,PV sys,0.0
UserC,h12_mw13,National Grid EE,0.0
UserC,h12_mw13,Storage EE,5.505660000000001
UserC,h12_mw13,Gas Boiler,0.0
UserC,h12_mw13,HP,0.0
UserC,h12_mw13,AC,0.0
UserC,h12_mw13,Storage HW,0.0
UserC,h12_mw13,Radiators,0.0
UserC,h12_mw13,Floor heating,0.0
UserC,h12_mw13,Induction stove,0.0
UserC,h12_mw13,Gas stove,0.0
UserC,h12_mw13,Gas National Grid,0.0
UserC,h13_mw13,PV sys,0.0
UserC,h13_mw13,National Grid EE,0.0
UserC,h13_mw13,Storage EE,6.5652
UserC,h13_mw13,Gas Boiler,0.0
UserC,h13_mw13,HP,0.0
UserC,h13_mw13,AC,0.0
UserC,h13_mw13,Storage HW,0.0
UserC,h13_mw13,Radiators,0.0
UserC,h13_mw13,Floor heating,0.0
UserC,h13_mw13,Induction stove,0.0
UserC,h13_mw13,Gas stove,0.0
UserC,h13_mw13,Gas National Grid,0.0
UserC,h14_mw13,PV sys,0.0
UserC,h14_mw13,National Grid EE,0.0
UserC,h14_mw13,Storage EE,7.985220000000001
UserC,h14_mw13,Gas Boiler,0.0
UserC,h14_mw13,HP,0.0
UserC,h14_mw13,AC,0.0
UserC,h14_mw13,Storage HW,0.0
UserC,h14_mw13,Radiators,0.0
UserC,h14_mw13,Floor heating,0.0
UserC,h14_mw13,Induction stove,0.0
UserC,h14_mw13,Gas stove,0.0
UserC,h14_mw13,Gas National Grid,0.0
UserC,h15_mw13,PV sys,0.0
UserC,h15_mw13,National Grid EE,0.0
UserC,h15_mw13,Storage EE,9.078300000000002
UserC,h15_mw13,Gas Boiler,0.0
UserC,h15_mw13,HP,0.0
UserC,h15_mw13,AC,0.0
UserC,h15_mw13,Storage HW,0.0
UserC,h15_mw13,Radiators,0.0
UserC,h15_mw13,Floor heating,0.0
UserC,h15_mw13,Induction stove,0.0
UserC,h15_mw13,Gas stove,0.0
UserC,h15_mw13,Gas National Grid,0.0
UserC,h16_mw13,PV sys,0.0
UserC,h16_mw13,National Grid EE,0.0
UserC,h16_mw13,Storage EE,10.091940000000001
UserC,h16_mw13,Gas Boiler,0.0
UserC,h16_mw13,HP,0.0
UserC,h16_mw13,AC,0.0
UserC,h16_mw13,Storage HW,0.0
UserC,h16_mw13,Radiators,0.0
UserC,h16_mw13,Floor heating,0.0
UserC,h16_mw13,Induction stove,0.0
UserC,h16_mw13,Gas stove,0.0
UserC,h16_mw13,Gas National Grid,0.0
UserC,h17_mw13,PV sys,0.0
UserC,h17_mw13,National Grid EE,0.0
UserC,h17_mw13,Storage EE,10.899540000000002
UserC,h17_mw13,Gas Boiler,0.0
UserC,h17_mw13,HP,0.0
UserC,h17_mw13,AC,0.0
UserC,h17_mw13,Storage HW,0.0
UserC,h17_mw13,Radiators,0.0
UserC,h17_mw13,Floor heating,0.0
UserC,h17_mw13,Induction stove,0.0
UserC,h17_mw13,Gas stove,0.0
UserC,h17_mw13,Gas National Grid,0.0
UserC,h18_mw13,PV sys,0.0
UserC,h18_mw13,National Grid EE,0.0
UserC,h18_mw13,Storage EE,11.20794
UserC,h18_mw13,Gas Boiler,0.0
UserC,h18_mw13,HP,0.0
UserC,h18_mw13,AC,0.0
UserC,h18_mw13,Storage HW,0.0
UserC,h18_mw13,Radiators,0.0
UserC,h18_mw13,Floor heating,0.0
UserC,h18_mw13,Induction stove,0.0
UserC,h18_mw13,Gas stove,0.0
UserC,h18_mw13,Gas National Grid,0.0
UserC,h19_mw13,PV sys,0.0
UserC,h19_mw13,National Grid EE,0.0
UserC,h19_mw13,Storage EE,11.20794
UserC,h19_mw13,Gas Boiler,0.0
UserC,h19_mw13,HP,0.0
UserC,h19_mw13,AC,0.0
UserC,h19_mw13,Storage HW,0.0
UserC,h19_mw13,Radiators,0.0
UserC,h19_mw13,Floor heating,0.0
UserC,h19_mw13,Induction stove,0.0
UserC,h19_mw13,Gas stove,0.0
UserC,h19_mw13,Gas National Grid,0.0
UserC,h20_mw13,PV sys,0.0
UserC,h20_mw13,National Grid EE,0.0
UserC,h20_mw13,Storage EE,11.20794
UserC,h20_mw13,Gas Boiler,0.0
UserC,h20_mw13,HP,0.0
UserC,h20_mw13,AC,0.0
UserC,h20_mw13,Storage HW,0.0
UserC,h20_mw13,Radiators,0.0
UserC,h20_mw13,Floor heating,0.0
UserC,h20_mw13,Induction stove,0.0
UserC,h20_mw13,Gas stove,0.0
UserC,h20_mw13,Gas National Grid,0.0
UserC,h21_mw13,PV sys,0.0
UserC,h21_mw13,National Grid EE,0.0
UserC,h21_mw13,Storage EE,11.20794
UserC,h21_mw13,Gas Boiler,0.0
UserC,h21_mw13,HP,0.0
UserC,h21_mw13,AC,0.0
UserC,h21_mw13,Storage HW,0.0
UserC,h21_mw13,Radiators,0.0
UserC,h21_mw13,Floor heating,0.0
UserC,h21_mw13,Induction stove,0.0
UserC,h21_mw13,Gas stove,0.0
UserC,h21_mw13,Gas National Grid,0.0
UserC,h22_mw13,PV sys,0.0
UserC,h22_mw13,National Grid EE,0.0
UserC,h22_mw13,Storage EE,11.20794
UserC,h22_mw13,Gas Boiler,0.0
UserC,h22_mw13,HP,0.0
UserC,h22_mw13,AC,0.0
UserC,h22_mw13,Storage HW,0.0
UserC,h22_mw13,Radiators,0.0
UserC,h22_mw13,Floor heating,0.0
UserC,h22_mw13,Induction stove,0.0
UserC,h22_mw13,Gas stove,0.0
UserC,h22_mw13,Gas National Grid,0.0
UserC,h23_mw13,PV sys,0.0
UserC,h23_mw13,National Grid EE,0.0
UserC,h23_mw13,Storage EE,11.20794
UserC,h23_mw13,Gas Boiler,0.0
UserC,h23_mw13,HP,0.0
UserC,h23_mw13,AC,0.0
UserC,h23_mw13,Storage HW,0.0
UserC,h23_mw13,Radiators,0.0
UserC,h23_mw13,Floor heating,0.0
UserC,h23_mw13,Induction stove,0.0
UserC,h23_mw13,Gas stove,0.0
UserC,h23_mw13,Gas National Grid,0.0
UserC,h24_mw13,PV sys,0.0
UserC,h24_mw13,National Grid EE,0.0
UserC,h24_mw13,Storage EE,11.20794
UserC,h24_mw13,Gas Boiler,0.0
UserC,h24_mw13,HP,0.0
UserC,h24_mw13,AC,0.0
UserC,h24_mw13,Storage HW,0.0
UserC,h24_mw13,Radiators,0.0
UserC,h24_mw13,Floor heating,0.0
UserC,h24_mw13,Induction stove,0.0
UserC,h24_mw13,Gas stove,0.0
UserC,h24_mw13,Gas National Grid,0.0
UserC,h01_mw14,PV sys,0.0
UserC,h01_mw14,National Grid EE,0.0
UserC,h01_mw14,Storage EE,7.978297549233008
UserC,h01_mw14,Gas Boiler,0.0
UserC,h01_mw14,HP,0.0
UserC,h01_mw14,AC,0.0
UserC,h01_mw14,Storage HW,0.0
UserC,h01_mw14,Radiators,0.0
UserC,h01_mw14,Floor heating,0.0
UserC,h01_mw14,Induction stove,0.0
UserC,h01_mw14,Gas stove,0.0
UserC,h01_mw14,Gas National Grid,0.0
UserC,h02_mw14,PV sys,0.0
UserC,h02_mw14,National Grid EE,0.0
UserC,h02_mw14,Storage EE,4.98548441854074
UserC,h02_mw14,Gas Boiler,0.0
UserC,h02_mw14,HP,0.0
UserC,h02_mw14,AC,0.0
UserC,h02_mw14,Storage HW,0.0
UserC,h02_mw14,Radiators,0.0
UserC,h02_mw14,Floor heating,0.0
UserC,h02_mw14,Induction stove,0.0
UserC,h02_mw14,Gas stove,0.0
UserC,h02_mw14,Gas National Grid,0.0
UserC,h03_mw14,PV sys,0.0
UserC,h03_mw14,National Grid EE,0.0
UserC,h03_mw14,Storage EE,1.7934813508615433
UserC,h03_mw14,Gas Boiler,0.0
UserC,h03_mw14,HP,0.0
UserC,h03_mw14,AC,0.0
UserC,h03_mw14,Storage HW,0.0
UserC,h03_mw14,Radiators,0.0
UserC,h03_mw14,Floor heating,0.0
UserC,h03_mw14,Induction stove,0.0
UserC,h03_mw14,Gas stove,0.0
UserC,h03_mw14,Gas National Grid,0.0
UserC,h04_mw14,PV sys,0.0
UserC,h04_mw14,National Grid EE,0.0
UserC,h04_mw14,Storage EE,1.6075750251775203
UserC,h04_mw14,Gas Boiler,0.0
UserC,h04_mw14,HP,0.0
UserC,h04_mw14,AC,0.0
UserC,h04_mw14,Storage HW,0.0
UserC,h04_mw14,Radiators,0.0
UserC,h04_mw14,Floor heating,0.0
UserC,h04_mw14,Induction stove,0.0
UserC,h04_mw14,Gas stove,0.0
UserC,h04_mw14,Gas National Grid,0.0
UserC,h05_mw14,PV sys,0.0
UserC,h05_mw14,National Grid EE,0.0
UserC,h05_mw14,Storage EE,1.4316070545671131
UserC,h05_mw14,Gas Boiler,0.0
UserC,h05_mw14,HP,0.0
UserC,h05_mw14,AC,0.0
UserC,h05_mw14,Storage HW,0.0
UserC,h05_mw14,Radiators,0.0
UserC,h05_mw14,Floor heating,0.0
UserC,h05_mw14,Induction stove,0.0
UserC,h05_mw14,Gas stove,0.0
UserC,h05_mw14,Gas National Grid,0.0
UserC,h06_mw14,PV sys,0.0
UserC,h06_mw14,National Grid EE,0.0
UserC,h06_mw14,Storage EE,1.2000000000000002
UserC,h06_mw14,Gas Boiler,0.0
UserC,h06_mw14,HP,0.0
UserC,h06_mw14,AC,0.0
UserC,h06_mw14,Storage HW,0.0
UserC,h06_mw14,Radiators,0.0
UserC,h06_mw14,Floor heating,0.0
UserC,h06_mw14,Induction stove,0.0
UserC,h06_mw14,Gas stove,0.0
UserC,h06_mw14,Gas National Grid,0.0
UserC,h07_mw14,PV sys,0.0
UserC,h07_mw14,National Grid EE,0.0
UserC,h07_mw14,Storage EE,1.298171713206603
UserC,h07_mw14,Gas Boiler,0.0
UserC,h07_mw14,HP,0.0
UserC,h07_mw14,AC,0.0
UserC,h07_mw14,Storage HW,0.0
UserC,h07_mw14,Radiators,0.0
UserC,h07_mw14,Floor heating,0.0
UserC,h07_mw14,Induction stove,0.0
UserC,h07_mw14,Gas stove,0.0
UserC,h07_mw14,Gas National Grid,0.0
UserC,h08_mw14,PV sys,0.0
UserC,h08_mw14,National Grid EE,0.0
UserC,h08_mw14,Storage EE,1.2000000000000002
UserC,h08_mw14,Gas Boiler,0.0
UserC,h08_mw14,HP,0.0
UserC,h08_mw14,AC,0.0
UserC,h08_mw14,Storage HW,0.0
UserC,h08_mw14,Radiators,0.0
UserC,h08_mw14,Floor heating,0.0
UserC,h08_mw14,Induction stove,0.0
UserC,h08_mw14,Gas stove,0.0
UserC,h08_mw14,Gas National Grid,0.0
UserC,h09_mw14,PV sys,0.0
UserC,h09_mw14,National Grid EE,0.0
UserC,h09_mw14,Storage EE,3.0696025632973445
UserC,h09_mw14,Gas Boiler,0.0
UserC,h09_mw14,HP,0.0
UserC,h09_mw14,AC,0.0
UserC,h09_mw14,Storage HW,0.0
UserC,h09_mw14,Radiators,0.0
UserC,h09_mw14,Floor heating,0.0
UserC,h09_mw14,Induction stove,0.0
UserC,h09_mw14,Gas stove,0.0
UserC,h09_mw14,Gas National Grid,0.0
UserC,h10_mw14,PV sys,0.0
UserC,h10_mw14,National Grid EE,0.0
UserC,h10_mw14,Storage EE,6.107539502389848
UserC,h10_mw14,Gas Boiler,0.0
UserC,h10_mw14,HP,0.0
UserC,h10_mw14,AC,0.0
UserC,h10_mw14,Storage HW,0.0
UserC,h10_mw14,Radiators,0.0
UserC,h10_mw14,Floor heating,0.0
UserC,h10_mw14,Induction stove,0.0
UserC,h10_mw14,Gas stove,0.0
UserC,h10_mw14,Gas National Grid,0.0
UserC,h11_mw14,PV sys,0.0
UserC,h11_mw14,National Grid EE,0.0
UserC,h11_mw14,Storage EE,6.969862481217154
UserC,h11_mw14,Gas Boiler,0.0
UserC,h11_mw14,HP,0.0
UserC,h11_mw14,AC,0.0
UserC,h11_mw14,Storage HW,0.0
UserC,h11_mw14,Radiators,0.0
UserC,h11_mw14,Floor heating,0.0
UserC,h11_mw14,Induction stove,0.0
UserC,h11_mw14,Gas stove,0.0
UserC,h11_mw14,Gas National Grid,0.0
UserC,h12_mw14,PV sys,0.0
UserC,h12_mw14,National Grid EE,0.0
UserC,h12_mw14,Storage EE,8.070739462339361
UserC,h12_mw14,Gas Boiler,0.0
UserC,h12_mw14,HP,0.0
UserC,h12_mw14,AC,0.0
UserC,h12_mw14,Storage HW,0.0
UserC,h12_mw14,Radiators,0.0
UserC,h12_mw14,Floor heating,0.0
UserC,h12_mw14,Induction stove,0.0
UserC,h12_mw14,Gas stove,0.0
UserC,h12_mw14,Gas National Grid,0.0
UserC,h13_mw14,PV sys,0.0
UserC,h13_mw14,National Grid EE,0.0
UserC,h13_mw14,Storage EE,8.973360310446267
UserC,h13_mw14,Gas Boiler,0.0
UserC,h13_mw14,HP,0.0
UserC,h13_mw14,AC,0.0
UserC,h13_mw14,Storage HW,0.0
UserC,h13_mw14,Radiators,0.0
UserC,h13_mw14,Floor heating,0.0
UserC,h13_mw14,Induction stove,0.0
UserC,h13_mw14,Gas stove,0.0
UserC,h13_mw14,Gas National Grid,0.0
UserC,h14_mw14,PV sys,0.0
UserC,h14_mw14,National Grid EE,0.0
UserC,h14_mw14,Storage EE,11.399999999999999
UserC,h14_mw14,Gas Boiler,0.0
UserC,h14_mw14,HP,0.0
UserC,h14_mw14,AC,0.0
UserC,h14_mw14,Storage HW,0.0
UserC,h14_mw14,Radiators,0.0
UserC,h14_mw14,Floor heating,0.0
UserC,h14_mw14,Induction stove,0.0
UserC,h14_mw14,Gas stove,0.0
UserC,h14_mw14,Gas National Grid,0.0
UserC,h15_mw14,PV sys,0.0
UserC,h15_mw14,National Grid EE,0.0
UserC,h15_mw14,Storage EE,11.128838014654427
UserC,h15_mw14,Gas Boiler,0.0
UserC,h15_mw14,HP,0.0
UserC,h15_mw14,AC,0.0
UserC,h15_mw14,Storage HW,0.0
UserC,h15_mw14,Radiators,0.0
UserC,h15_mw14,Floor heating,0.0
UserC,h15_mw14,Induction stove,0.0
UserC,h15_mw14,Gas stove,0.0
UserC,h15_mw14,Gas National Grid,0.0
UserC,h16_mw14,PV sys,0.0
UserC,h16_mw14,National Grid EE,0.0
UserC,h16_mw14,Storage EE,11.399999999999999
UserC,h16_mw14,Gas Boiler,0.0
UserC,h16_mw14,HP,0.0
UserC,h16_mw14,AC,0.0
UserC,h16_mw14,Storage HW,0.0
UserC,h16_mw14,Radiators,0.0
UserC,h16_mw14,Floor heating,0.0
UserC,h16_mw14,Induction stove,0.0
UserC,h16_mw14,Gas stove,0.0
UserC,h16_mw14,Gas National Grid,0.0
UserC,h17_mw14,PV sys,0.0
UserC,h17_mw14,National Grid EE,0.0
UserC,h17_mw14,Storage EE,11.399999999999999
UserC,h17_mw14,Gas Boiler,0.0
UserC,h17_mw14,HP,0.0
UserC,h17_mw14,AC,0.0
UserC,h17_mw14,Storage HW,0.0
UserC,h17_mw14,Radiators,0.0
UserC,h17_mw14,Floor heating,0.0
UserC,h17_mw14,Induction stove,0.0
UserC,h17_mw14,Gas stove,0.0
UserC,h17_mw14,Gas National Grid,0.0
UserC,h18_mw14,PV sys,0.0
UserC,h18_mw14,National Grid EE,0.0
UserC,h18_mw14,Storage EE,10.916470393989037
UserC,h18_mw14,Gas Boiler,0.0
UserC,h18_mw14,HP,0.0
UserC,h18_mw14,AC,0.0
UserC,h18_mw14,Storage HW,0.0
UserC,h18_mw14,Radiators,0.0
UserC,h18_mw14,Floor heating,0.0
UserC,h18_mw14,Induction stove,0.0
UserC,h18_mw14,Gas stove,0.0
UserC,h18_mw14,Gas National Grid,0.0
UserC,h19_mw14,PV sys,0.0
UserC,h19_mw14,National Grid EE,0.0
UserC,h19_mw14,Storage EE,7.389160079571355
UserC,h19_mw14,Gas Boiler,0.0
UserC,h19_mw14,HP,0.0
UserC,h19_mw14,AC,0.0
UserC,h19_mw14,Storage HW,0.0
UserC,h19_mw14,Radiators,0.0
UserC,h19_mw14,Floor heating,0.0
UserC,h19_mw14,Induction stove,0.0
UserC,h19_mw14,Gas stove,0.0
UserC,h19_mw14,Gas National Grid,0.0
UserC,h20_mw14,PV sys,0.0
UserC,h20_mw14,National Grid EE,0.0
UserC,h20_mw14,Storage EE,6.5944225733535795
UserC,h20_mw14,Gas Boiler,0.0
UserC,h20_mw14,HP,0.0
UserC,h20_mw14,AC,0.0
UserC,h20_mw14,Storage HW,0.0
UserC,h20_mw14,Radiators,0.0
UserC,h20_mw14,Floor heating,0.0
UserC,h20_mw14,Induction stove,0.0
UserC,h20_mw14,Gas stove,0.0
UserC,h20_mw14,Gas National Grid,0.0
UserC,h21_mw14,PV sys,0.0
UserC,h21_mw14,National Grid EE,0.0
UserC,h21_mw14,Storage EE,6.02640836809972
UserC,h21_mw14,Gas Boiler,0.0
UserC,h21_mw14,HP,0.0
UserC,h21_mw14,AC,0.0
UserC,h21_mw14,Storage HW,0.0
UserC,h21_mw14,Radiators,0.0
UserC,h21_mw14,Floor heating,0.0
UserC,h21_mw14,Induction stove,0.0
UserC,h21_mw14,Gas stove,0.0
UserC,h21_mw14,Gas National Grid,0.0
UserC,h22_mw14,PV sys,0.0
UserC,h22_mw14,National Grid EE,0.0
UserC,h22_mw14,Storage EE,2.2899579137192063
UserC,h22_mw14,Gas Boiler,0.0
UserC,h22_mw14,HP,0.0
UserC,h22_mw14,AC,0.0
UserC,h22_mw14,Storage HW,0.0
UserC,h22_mw14,Radiators,0.0
UserC,h22_mw14,Floor heating,0.0
UserC,h22_mw14,Induction stove,0.0
UserC,h22_mw14,Gas stove,0.0
UserC,h22_mw14,Gas National Grid,0.0
UserC,h23_mw14,PV sys,0.0
UserC,h23_mw14,National Grid EE,0.0
UserC,h23_mw14,Storage EE,1.6164478247870413
UserC,h23_mw14,Gas Boiler,0.0
UserC,h23_mw14,HP,0.0
UserC,h23_mw14,AC,0.0
UserC,h23_mw14,Storage HW,0.0
UserC,h23_mw14,Radiators,0.0
UserC,h23_mw14,Floor heating,0.0
UserC,h23_mw14,Induction stove,0.0
UserC,h23_mw14,Gas stove,0.0
UserC,h23_mw14,Gas National Grid,0.0
UserC,h24_mw14,PV sys,0.0
UserC,h24_mw14,National Grid EE,0.0
UserC,h24_mw14,Storage EE,1.2000000000000002
UserC,h24_mw14,Gas Boiler,0.0
UserC,h24_mw14,HP,0.0
UserC,h24_mw14,AC,0.0
UserC,h24_mw14,Storage HW,0.0
UserC,h24_mw14,Radiators,0.0
UserC,h24_mw14,Floor heating,0.0
UserC,h24_mw14,Induction stove,0.0
UserC,h24_mw14,Gas stove,0.0
UserC,h24_mw14,Gas National Grid,0.0
UserC,h01_su01,PV sys,0.0
UserC,h01_su01,National Grid EE,0.0
UserC,h01_su01,Storage EE,1.2000000000000002
UserC,h01_su01,Gas Boiler,0.0
UserC,h01_su01,HP,0.0
UserC,h01_su01,AC,0.0
UserC,h01_su01,Storage HW,0.0
UserC,h01_su01,Radiators,0.0
UserC,h01_su01,Floor heating,0.0
UserC,h01_su01,Induction stove,0.0
UserC,h01_su01,Gas stove,0.0
UserC,h01_su01,Gas National Grid,0.0
UserC,h02_su01,PV sys,0.0
UserC,h02_su01,National Grid EE,0.0
UserC,h02_su01,Storage EE,1.2000000000000002
UserC,h02_su01,Gas Boiler,0.0
UserC,h02_su01,HP,0.0
UserC,h02_su01,AC,0.0
UserC,h02_su01,Storage HW,0.0
UserC,h02_su01,Radiators,0.0
UserC,h02_su01,Floor heating,0.0
UserC,h02_su01,Induction stove,0.0
UserC,h02_su01,Gas stove,0.0
UserC,h02_su01,Gas National Grid,0.0
UserC,h03_su01,PV sys,0.0
UserC,h03_su01,National Grid EE,0.0
UserC,h03_su01,Storage EE,1.2000000000000002
UserC,h03_su01,Gas Boiler,0.0
UserC,h03_su01,HP,0.0
UserC,h03_su01,AC,0.0
UserC,h03_su01,Storage HW,0.0
UserC,h03_su01,Radiators,0.0
UserC,h03_su01,Floor heating,0.0
UserC,h03_su01,Induction stove,0.0
UserC,h03_su01,Gas stove,0.0
UserC,h03_su01,Gas National Grid,0.0
UserC,h04_su01,PV sys,0.0
UserC,h04_su01,National Grid EE,0.0
UserC,h04_su01,Storage EE,1.2000000000000002
UserC,h04_su01,Gas Boiler,0.0
UserC,h04_su01,HP,0.0
UserC,h04_su01,AC,0.0
UserC,h04_su01,Storage HW,0.0
UserC,h04_su01,Radiators,0.0
UserC,h04_su01,Floor heating,0.0
UserC,h04_su01,Induction stove,0.0
UserC,h04_su01,Gas stove,0.0
UserC,h04_su01,Gas National Grid,0.0
UserC,h05_su01,PV sys,0.0
UserC,h05_su01,National Grid EE,0.0
UserC,h05_su01,Storage EE,1.2000000000000002
UserC,h05_su01,Gas Boiler,0.0
UserC,h05_su01,HP,0.0
UserC,h05_su01,AC,0.0
UserC,h05_su01,Storage HW,0.0
UserC,h05_su01,Radiators,0.0
UserC,h05_su01,Floor heating,0.0
UserC,h05_su01,Induction stove,0.0
UserC,h05_su01,Gas stove,0.0
UserC,h05_su01,Gas National Grid,0.0
UserC,h06_su01,PV sys,0.0
UserC,h06_su01,National Grid EE,0.0
UserC,h06_su01,Storage EE,1.2828599999999826
UserC,h06_su01,Gas Boiler,0.0
UserC,h06_su01,HP,0.0
UserC,h06_su01,AC,0.0
UserC,h06_su01,Storage HW,0.0
UserC,h06_su01,Radiators,0.0
UserC,h06_su01,Floor heating,0.0
UserC,h06_su01,Induction stove,0.0
UserC,h06_su01,Gas stove,0.0
UserC,h06_su01,Gas National Grid,0.0
UserC,h07_su01,PV sys,0.0
UserC,h07_su01,National Grid EE,0.0
UserC,h07_su01,Storage EE,1.1999999999995454
UserC,h07_su01,Gas Boiler,0.0
UserC,h07_su01,HP,0.0
UserC,h07_su01,AC,0.0
UserC,h07_su01,Storage HW,0.0
UserC,h07_su01,Radiators,0.0
UserC,h07_su01,Floor heating,0.0
UserC,h07_su01,Induction stove,0.0
UserC,h07_su01,Gas stove,0.0
UserC,h07_su01,Gas National Grid,0.0
UserC,h08_su01,PV sys,0.0
UserC,h08_su01,National Grid EE,0.0
UserC,h08_su01,Storage EE,1.9132169446494158
UserC,h08_su01,Gas Boiler,0.0
UserC,h08_su01,HP,0.0
UserC,h08_su01,AC,0.0
UserC,h08_su01,Storage HW,0.0
UserC,h08_su01,Radiators,0.0
UserC,h08_su01,Floor heating,0.0
UserC,h08_su01,Induction stove,0.0
UserC,h08_su01,Gas stove,0.0
UserC,h08_su01,Gas National Grid,0.0
UserC,h09_su01,PV sys,0.0
UserC,h09_su01,National Grid EE,0.0
UserC,h09_su01,Storage EE,3.8264000465558325
UserC,h09_su01,Gas Boiler,0.0
UserC,h09_su01,HP,0.0
UserC,h09_su01,AC,0.0
UserC,h09_su01,Storage HW,0.0
UserC,h09_su01,Radiators,0.0
UserC,h09_su01,Floor heating,0.0
UserC,h09_su01,Induction stove,0.0
UserC,h09_su01,Gas stove,0.0
UserC,h09_su01,Gas National Grid,0.0
UserC,h10_su01,PV sys,0.0
UserC,h10_su01,National Grid EE,0.0
UserC,h10_su01,Storage EE,6.398179258719203
UserC,h10_su01,Gas Boiler,0.0
UserC,h10_su01,HP,0.0
UserC,h10_su01,AC,0.0
UserC,h10_su01,Storage HW,0.0
UserC,h10_su01,Radiators,0.0
UserC,h10_su01,Floor heating,0.0
UserC,h10_su01,Induction stove,0.0
UserC,h10_su01,Gas stove,0.0
UserC,h10_su01,Gas National Grid,0.0
UserC,h11_su01,PV sys,0.0
UserC,h11_su01,National Grid EE,0.0
UserC,h11_su01,Storage EE,7.574452629909015
UserC,h11_su01,Gas Boiler,0.0
UserC,h11_su01,HP,0.0
UserC,h11_su01,AC,0.0
UserC,h11_su01,Storage HW,0.0
UserC,h11_su01,Radiators,0.0
UserC,h11_su01,Floor heating,0.0
UserC,h11_su01,Induction stove,0.0
UserC,h11_su01,Gas stove,0.0
UserC,h11_su01,Gas National Grid,0.0
UserC,h12_su01,PV sys,0.0
UserC,h12_su01,National Grid EE,0.0
UserC,h12_su01,Storage EE,8.075407690214334
UserC,h12_su01,Gas Boiler,0.0
UserC,h12_su01,HP,0.0
UserC,h12_su01,AC,0.0
UserC,h12_su01,Storage HW,0.0
UserC,h12_su01,Radiators,0.0
UserC,h12_su01,Floor heating,0.0
UserC,h12_su01,Induction stove,0.0
UserC,h12_su01,Gas stove,0.0
UserC,h12_su01,Gas National Grid,0.0
UserC,h13_su01,PV sys,0.0
UserC,h13_su01,National Grid EE,0.0
UserC,h13_su01,Storage EE,11.399999999999999
UserC,h13_su01,Gas Boiler,0.0
UserC,h13_su01,HP,0.0
UserC,h13_su01,AC,0.0
UserC,h13_su01,Storage HW,0.0
UserC,h13_su01,Radiators,0.0
UserC,h13_su01,Floor heating,0.0
UserC,h13_su01,Induction stove,0.0
UserC,h13_su01,Gas stove,0.0
UserC,h13_su01,Gas National Grid,0.0
UserC,h14_su01,PV sys,0.0
UserC,h14_su01,National Grid EE,0.0
UserC,h14_su01,Storage EE,10.885753167186005
UserC,h14_su01,Gas Boiler,0.0
UserC,h14_su01,HP,0.0
UserC,h14_su01,AC,0.0
UserC,h14_su01,Storage HW,0.0
UserC,h14_su01,Radiators,0.0
UserC,h14_su01,Floor heating,0.0
UserC,h14_su01,Induction stove,0.0
UserC,h14_su01,Gas stove,0.0
UserC,h14_su01,Gas National Grid,0.0
UserC,h15_su01,PV sys,0.0
UserC,h15_su01,National Grid EE,0.0
UserC,h15_su01,Storage EE,11.399999999999999
UserC,h15_su01,Gas Boiler,0.0
UserC,h15_su01,HP,0.0
UserC,h15_su01,AC,0.0
UserC,h15_su01,Storage HW,0.0
UserC,h15_su01,Radiators,0.0
UserC,h15_su01,Floor heating,0.0
UserC,h15_su01,Induction stove,0.0
UserC,h15_su01,Gas stove,0.0
UserC,h15_su01,Gas National Grid,0.0
UserC,h16_su01,PV sys,0.0
UserC,h16_su01,National Grid EE,0.0
UserC,h16_su01,Storage EE,11.399999999999999
UserC,h16_su01,Gas Boiler,0.0
UserC,h16_su01,HP,0.0
UserC,h16_su01,AC,0.0
UserC,h16_su01,Storage HW,0.0
UserC,h16_su01,Radiators,0.0
UserC,h16_su01,Floor heating,0.0
UserC,h16_su01,Induction stove,0.0
UserC,h16_su01,Gas stove,0.0
UserC,h16_su01,Gas National Grid,0.0
UserC,h17_su01,PV sys,0.0
UserC,h17_su01,National Grid EE,0.0
UserC,h17_su01,Storage EE,11.373419123560662
UserC,h17_su01,Gas Boiler,0.0
UserC,h17_su01,HP,0.0
UserC,h17_su01,AC,0.0
UserC,h17_su01,Storage HW,0.0
UserC,h17_su01,Radiators,0.0
UserC,h17_su01,Floor heating,0.0
UserC,h17_su01,Induction stove,0.0
UserC,h17_su01,Gas stove,0.0
UserC,h17_su01,Gas National Grid,0.0
UserC,h18_su01,PV sys,0.0
UserC,h18_su01,National Grid EE,0.0
UserC,h18_su01,Storage EE,11.142149412513648
UserC,h18_su01,Gas Boiler,0.0
UserC,h18_su01,HP,0.0
UserC,h18_su01,AC,0.0
UserC,h18_su01,Storage HW,0.0
UserC,h18_su01,Radiators,0.0
UserC,h18_su01,Floor heating,0.0
UserC,h18_su01,Induction stove,0.0
UserC,h18_su01,Gas stove,0.0
UserC,h18_su01,Gas National Grid,0.0
UserC,h19_su01,PV sys,0.0
UserC,h19_su01,National Grid EE,0.0
UserC,h19_su01,Storage EE,10.675037595993762
UserC,h19_su01,Gas Boiler,0.0
UserC,h19_su01,HP,0.0
UserC,h19_su01,AC,0.0
UserC,h19_su01,Storage HW,0.0
UserC,h19_su01,Radiators,0.0
UserC,h19_su01,Floor heating,0.0
UserC,h19_su01,Induction stove,0.0
UserC,h19_su01,Gas stove,0.0
UserC,h19_su01,Gas National Grid,0.0
UserC,h20_su01,PV sys,0.0
UserC,h20_su01,National Grid EE,0.0
UserC,h20_su01,Storage EE,9.482400588443458
UserC,h20_su01,Gas Boiler,0.0
UserC,h20_su01,HP,0.0
UserC,h20_su01,AC,0.0
UserC,h20_su01,Storage HW,0.0
UserC,h20_su01,Radiators,0.0
UserC,h20_su01,Floor heating,0.0
UserC,h20_su01,Induction stove,0.0
UserC,h20_su01,Gas stove,0.0
UserC,h20_su01,Gas National Grid,0.0
UserC,h21_su01,PV sys,0.0
UserC,h21_su01,National Grid EE,0.0
UserC,h21_su01,Storage EE,8.72050316729435
UserC,h21_su01,Gas Boiler,0.0
UserC,h21_su01,HP,0.0
UserC,h21_su01,AC,0.0
UserC,h21_su01,Storage HW,0.0
UserC,h21_su01,Radiators,0.0
UserC,h21_su01,Floor heating,0.0
UserC,h21_su01,Induction stove,0.0
UserC,h21_su01,Gas stove,0.0
UserC,h21_su01,Gas National Grid,0.0
UserC,h22_su01,PV sys,0.0
UserC,h22_su01,National Grid EE,0.0
UserC,h22_su01,Storage EE,7.482331043366416
UserC,h22_su01,Gas Boiler,0.0
UserC,h22_su01,HP,0.0
UserC,h22_su01,AC,0.0
UserC,h22_su01,Storage HW,0.0
UserC,h22_su01,Radiators,0.0
UserC,h22_su01,Floor heating,0.0
UserC,h22_su01,Induction stove,0.0
UserC,h22_su01,Gas stove,0.0
UserC,h22_su01,Gas National Grid,0.0
UserC,h23_su01,PV sys,0.0
UserC,h23_su01,National Grid EE,0.0
UserC,h23_su01,Storage EE,6.546156782197576
UserC,h23_su01,Gas Boiler,0.0
UserC,h23_su01,HP,0.0
UserC,h23_su01,AC,0.0
UserC,h23_su01,Storage HW,0.0
UserC,h23_su01,Radiators,0.0
UserC,h23_su01,Floor heating,0.0
UserC,h23_su01,Induction stove,0.0
UserC,h23_su01,Gas stove,0.0
UserC,h23_su01,Gas National Grid,0.0
UserC,h24_su01,PV sys,0.0
UserC,h24_su01,National Grid EE,0.0
UserC,h24_su01,Storage EE,5.802477815544194
UserC,h24_su01,Gas Boiler,0.0
UserC,h24_su01,HP,0.0
UserC,h24_su01,AC,0.0
UserC,h24_su01,Storage HW,0.0
UserC,h24_su01,Radiators,0.0
UserC,h24_su01,Floor heating,0.0
UserC,h24_su01,Induction stove,0.0
UserC,h24_su01,Gas stove,0.0
UserC,h24_su01,Gas National Grid,0.0
UserC,h01_su02,PV sys,0.0
UserC,h01_su02,National Grid EE,0.0
UserC,h01_su02,Storage EE,5.432506692389022
UserC,h01_su02,Gas Boiler,0.0
UserC,h01_su02,HP,0.0
UserC,h01_su02,AC,0.0
UserC,h01_su02,Storage HW,0.0
UserC,h01_su02,Radiators,0.0
UserC,h01_su02,Floor heating,0.0
UserC,h01_su02,Induction stove,0.0
UserC,h01_su02,Gas stove,0.0
UserC,h01_su02,Gas National Grid,0.0
UserC,h02_su02,PV sys,0.0
UserC,h02_su02,National Grid EE,0.0
UserC,h02_su02,Storage EE,5.197385109597794
UserC,h02_su02,Gas Boiler,0.0
UserC,h02_su02,HP,0.0
UserC,h02_su02,AC,0.0
UserC,h02_su02,Storage HW,0.0
UserC,h02_su02,Radiators,0.0
UserC,h02_su02,Floor heating,0.0
UserC,h02_su02,Induction stove,0.0
UserC,h02_su02,Gas stove,0.0
UserC,h02_su02,Gas National Grid,0.0
UserC,h03_su02,PV sys,0.0
UserC,h03_su02,National Grid EE,0.0
UserC,h03_su02,Storage EE,4.941638011653406
UserC,h03_su02,Gas Boiler,0.0
UserC,h03_su02,HP,0.0
UserC,h03_su02,AC,0.0
UserC,h03_su02,Storage HW,0.0
UserC,h03_su02,Radiators,0.0
UserC,h03_su02,Floor heating,0.0
UserC,h03_su02,Induction stove,0.0
UserC,h03_su02,Gas stove,0.0
UserC,h03_su02,Gas National Grid,0.0
UserC,h04_su02,PV sys,0.0
UserC,h04_su02,National Grid EE,0.0
UserC,h04_su02,Storage EE,3.66054864296248
UserC,h04_su02,Gas Boiler,0.0
UserC,h04_su02,HP,0.0
UserC,h04_su02,AC,0.0
UserC,h04_su02,Storage HW,0.0
UserC,h04_su02,Radiators,0.0
UserC,h04_su02,Floor heating,0.0
UserC,h04_su02,Induction stove,0.0
UserC,h04_su02,Gas stove,0.0
UserC,h04_su02,Gas National Grid,0.0
UserC,h05_su02,PV sys,0.0
UserC,h05_su02,National Grid EE,0.0
UserC,h05_su02,Storage EE,3.345354112209142
UserC,h05_su02,Gas Boiler,0.0
UserC,h05_su02,HP,0.0
UserC,h05_su02,AC,0.0
UserC,h05_su02,Storage HW,0.0
UserC,h05_su02,Radiators,0.0
UserC,h05_su02,Floor heating,0.0
UserC,h05_su02,Induction stove,0.0
UserC,h05_su02,Gas stove,0.0
UserC,h05_su02,Gas National Grid,0.0
UserC,h06_su02,PV sys,0.0
UserC,h06_su02,National Grid EE,0.0
UserC,h06_su02,Storage EE,3.290653207927151
UserC,h06_su02,Gas Boiler,0.0
UserC,h06_su02,HP,0.0
UserC,h06_su02,AC,0.0
UserC,h06_su02,Storage HW,0.0
UserC,h06_su02,Radiators,0.0
UserC,h06_su02,Floor heating,0.0
UserC,h06_su02,Induction stove,0.0
UserC,h06_su02,Gas stove,0.0
UserC,h06_su02,Gas National Grid,0.0
UserC,h07_su02,PV sys,0.0
UserC,h07_su02,National Grid EE,0.0
UserC,h07_su02,Storage EE,3.264320266140489
UserC,h07_su02,Gas Boiler,0.0
UserC,h07_su02,HP,0.0
UserC,h07_su02,AC,0.0
UserC,h07_su02,Storage HW,0.0
UserC,h07_su02,Radiators,0.0
UserC,h07_su02,Floor heating,0.0
UserC,h07_su02,Induction stove,0.0
UserC,h07_su02,Gas stove,0.0
UserC,h07_su02,Gas National Grid,0.0
UserC,h08_su02,PV sys,0.0
UserC,h08_su02,National Grid EE,0.0
UserC,h08_su02,Storage EE,3.6235560516180483
UserC,h08_su02,Gas Boiler,0.0
UserC,h08_su02,HP,0.0
UserC,h08_su02,AC,0.0
UserC,h08_su02,Storage HW,0.0
UserC,h08_su02,Radiators,0.0
UserC,h08_su02,Floor heating,0.0
UserC,h08_su02,Induction stove,0.0
UserC,h08_su02,Gas stove,0.0
UserC,h08_su02,Gas National Grid,0.0
UserC,h09_su02,PV sys,0.0
UserC,h09_su02,National Grid EE,0.0
UserC,h09_su02,Storage EE,5.03547528003045
UserC,h09_su02,Gas Boiler,0.0
UserC,h09_su02,HP,0.0
UserC,h09_su02,AC,0.0
UserC,h09_su02,Storage HW,0.0
UserC,h09_su02,Radiators,0.0
UserC,h09_su02,Floor heating,0.0
UserC,h09_su02,Induction stove,0.0
UserC,h09_su02,Gas stove,0.0
UserC,h09_su02,Gas National Grid,0.0
UserC,h10_su02,PV sys,0.0
UserC,h10_su02,National Grid EE,0.0
UserC,h10_su02,Storage EE,7.299078341953972
UserC,h10_su02,Gas Boiler,0.0
UserC,h10_su02,HP,0.0
UserC,h10_su02,AC,0.0
UserC,h10_su02,Storage HW,0.0
UserC,h10_su02,Radiators,0.0
UserC,h10_su02,Floor heating,0.0
UserC,h10_su02,Induction stove,0.0
UserC,h10_su02,Gas stove,0.0
UserC,h10_su02,Gas National Grid,0.0
UserC,h11_su02,PV sys,0.0
UserC,h11_su02,National Grid EE,0.0
UserC,h11_su02,Storage EE,6.755615834074828
UserC,h11_su02,Gas Boiler,0.0
UserC,h11_su02,HP,0.0
UserC,h11_su02,AC,0.0
UserC,h11_su02,Storage HW,0.0
UserC,h11_su02,Radiators,0.0
UserC,h11_su02,Floor heating,0.0
UserC,h11_su02,Induction stove,0.0
UserC,h11_su02,Gas stove,0.0
UserC,h11_su02,Gas National Grid,0.0
UserC,h12_su02,PV sys,0.0
UserC,h12_su02,National Grid EE,0.0
UserC,h12_su02,Storage EE,9.079931757342878
UserC,h12_su02,Gas Boiler,0.0
UserC,h12_su02,HP,0.0
UserC,h12_su02,AC,0.0
UserC,h12_su02,Storage HW,0.0
UserC,h12_su02,Radiators,0.0
UserC,h12_su02,Floor heating,0.0
UserC,h12_su02,Induction stove,0.0
UserC,h12_su02,Gas stove,0.0
UserC,h12_su02,Gas National Grid,0.0
UserC,h13_su02,PV sys,0.0
UserC,h13_su02,National Grid EE,0.0
UserC,h13_su02,Storage EE,8.106507719932354
UserC,h13_su02,Gas Boiler,0.0
UserC,h13_su02,HP,0.0
UserC,h13_su02,AC,0.0
UserC,h13_su02,Storage HW,0.0
UserC,h13_su02,Radiators,0.0
UserC,h13_su02,Floor heating,0.0
UserC,h13_su02,Induction stove,0.0
UserC,h13_su02,Gas stove,0.0
UserC,h13_su02,Gas National Grid,0.0
UserC,h14_su02,PV sys,0.0
UserC,h14_su02,National Grid EE,0.0
UserC,h14_su02,Storage EE,9.572414059915134
UserC,h14_su02,Gas Boiler,0.0
UserC,h14_su02,HP,0.0
UserC,h14_su02,AC,0.0
UserC,h14_su02,Storage HW,0.0
UserC,h14_su02,Radiators,0.0
UserC,h14_su02,Floor heating,0.0
UserC,h14_su02,Induction stove,0.0
UserC,h14_su02,Gas stove,0.0
UserC,h14_su02,Gas National Grid,0.0
UserC,h15_su02,PV sys,0.0
UserC,h15_su02,National Grid EE,0.0
UserC,h15_su02,Storage EE,10.536368365971203
UserC,h15_su02,Gas Boiler,0.0
UserC,h15_su02,HP,0.0
UserC,h15_su02,AC,0.0
UserC,h15_su02,Storage HW,0.0
UserC,h15_su02,Radiators,0.0
UserC,h15_su02,Floor heating,0.0
UserC,h15_su02,Induction stove,0.0
UserC,h15_su02,Gas stove,0.0
UserC,h15_su02,Gas National Grid,0.0
UserC,h16_su02,PV sys,0.0
UserC,h16_su02,National Grid EE,0.0
UserC,h16_su02,Storage EE,11.399999999999999
UserC,h16_su02,Gas Boiler,0.0
UserC,h16_su02,HP,0.0
UserC,h16_su02,AC,0.0
UserC,h16_su02,Storage HW,0.0
UserC,h16_su02,Radiators,0.0
UserC,h16_su02,Floor heating,0.0
UserC,h16_su02,Induction stove,0.0
UserC,h16_su02,Gas stove,0.0
UserC,h16_su02,Gas National Grid,0.0
UserC,h17_su02,PV sys,0.0
UserC,h17_su02,National Grid EE,0.0
UserC,h17_su02,Storage EE,11.393962753620567
UserC,h17_su02,Gas Boiler,0.0
UserC,h17_su02,HP,0.0
UserC,h17_su02,AC,0.0
UserC,h17_su02,Storage HW,0.0
UserC,h17_su02,Radiators,0.0
UserC,h17_su02,Floor heating,0.0
UserC,h17_su02,Induction stove,0.0
UserC,h17_su02,Gas stove,0.0
UserC,h17_su02,Gas National Grid,0.0
UserC,h18_su02,PV sys,0.0
UserC,h18_su02,National Grid EE,0.0
UserC,h18_su02,Storage EE,11.399999999999999
UserC,h18_su02,Gas Boiler,0.0
UserC,h18_su02,HP,0.0
UserC,h18_su02,AC,0.0
UserC,h18_su02,Storage HW,0.0
UserC,h18_su02,Radiators,0.0
UserC,h18_su02,Floor heating,0.0
UserC,h18_su02,Induction stove,0.0
UserC,h18_su02,Gas stove,0.0
UserC,h18_su02,Gas National Grid,0.0
UserC,h19_su02,PV sys,0.0
UserC,h19_su02,National Grid EE,0.0
UserC,h19_su02,Storage EE,11.399999999999999
UserC,h19_su02,Gas Boiler,0.0
UserC,h19_su02,HP,0.0
UserC,h19_su02,AC,0.0
UserC,h19_su02,Storage HW,0.0
UserC,h19_su02,Radiators,0.0
UserC,h19_su02,Floor heating,0.0
UserC,h19_su02,Induction stove,0.0
UserC,h19_su02,Gas stove,0.0
UserC,h19_su02,Gas National Grid,0.0
UserC,h20_su02,PV sys,0.0
UserC,h20_su02,National Grid EE,0.0
UserC,h20_su02,Storage EE,11.399999999999999
UserC,h20_su02,Gas Boiler,0.0
UserC,h20_su02,HP,0.0
UserC,h20_su02,AC,0.0
UserC,h20_su02,Storage HW,0.0
UserC,h20_su02,Radiators,0.0
UserC,h20_su02,Floor heating,0.0
UserC,h20_su02,Induction stove,0.0
UserC,h20_su02,Gas stove,0.0
UserC,h20_su02,Gas National Grid,0.0
UserC,h21_su02,PV sys,0.0
UserC,h21_su02,National Grid EE,0.0
UserC,h21_su02,Storage EE,11.399999999999999
UserC,h21_su02,Gas Boiler,0.0
UserC,h21_su02,HP,0.0
UserC,h21_su02,AC,0.0
UserC,h21_su02,Storage HW,0.0
UserC,h21_su02,Radiators,0.0
UserC,h21_su02,Floor heating,0.0
UserC,h21_su02,Induction stove,0.0
UserC,h21_su02,Gas stove,0.0
UserC,h21_su02,Gas National Grid,0.0
UserC,h22_su02,PV sys,0.0
UserC,h22_su02,National Grid EE,0.0
UserC,h22_su02,Storage EE,11.399999999999999
UserC,h22_su02,Gas Boiler,0.0
UserC,h22_su02,HP,0.0
UserC,h22_su02,AC,0.0
UserC,h22_su02,Storage HW,0.0
UserC,h22_su02,Radiators,0.0
UserC,h22_su02,Floor heating,0.0
UserC,h22_su02,Induction stove,0.0
UserC,h22_su02,Gas stove,0.0
UserC,h22_su02,Gas National Grid,0.0
UserC,h23_su02,PV sys,0.0
UserC,h23_su02,National Grid EE,0.0
UserC,h23_su02,Storage EE,11.399999999999999
UserC,h23_su02,Gas Boiler,0.0
UserC,h23_su02,HP,0.0
UserC,h23_su02,AC,0.0
UserC,h23_su02,Storage HW,0.0
UserC,h23_su02,Radiators,0.0
UserC,h23_su02,Floor heating,0.0
UserC,h23_su02,Induction stove,0.0
UserC,h23_su02,Gas stove,0.0
UserC,h23_su02,Gas National Grid,0.0
UserC,h24_su02,PV sys,0.0
UserC,h24_su02,National Grid EE,0.0
UserC,h24_su02,Storage EE,11.399999999999999
UserC,h24_su02,Gas Boiler,0.0
UserC,h24_su02,HP,0.0
UserC,h24_su02,AC,0.0
UserC,h24_su02,Storage HW,0.0
UserC,h24_su02,Radiators,0.0
UserC,h24_su02,Floor heating,0.0
UserC,h24_su02,Induction stove,0.0
UserC,h24_su02,Gas stove,0.0
UserC,h24_su02,Gas National Grid,0.0
UserC,h01_su03,PV sys,0.0
UserC,h01_su03,National Grid EE,0.0
UserC,h01_su03,Storage EE,8.173635366667733
UserC,h01_su03,Gas Boiler,0.0
UserC,h01_su03,HP,0.0
UserC,h01_su03,AC,0.0
UserC,h01_su03,Storage HW,0.0
UserC,h01_su03,Radiators,0.0
UserC,h01_su03,Floor heating,0.0
UserC,h01_su03,Induction stove,0.0
UserC,h01_su03,Gas stove,0.0
UserC,h01_su03,Gas National Grid,0.0
UserC,h02_su03,PV sys,0.0
UserC,h02_su03,National Grid EE,0.0
UserC,h02_su03,Storage EE,7.974291915591679
UserC,h02_su03,Gas Boiler,0.0
UserC,h02_su03,HP,0.0
UserC,h02_su03,AC,0.0
UserC,h02_su03,Storage HW,0.0
UserC,h02_su03,Radiators,0.0
UserC,h02_su03,Floor heating,0.0
UserC,h02_su03,Induction stove,0.0
UserC,h02_su03,Gas stove,0.0
UserC,h02_su03,Gas National Grid,0.0
UserC,h03_su03,PV sys,0.0
UserC,h03_su03,National Grid EE,0.0
UserC,h03_su03,Storage EE,4.7495464930462985
UserC,h03_su03,Gas Boiler,0.0
UserC,h03_su03,HP,0.0
UserC,h03_su03,AC,0.0
UserC,h03_su03,Storage HW,0.0
UserC,h03_su03,Radiators,0.0
UserC,h03_su03,Floor heating,0.0
UserC,h03_su03,Induction stove,0.0
UserC,h03_su03,Gas stove,0.0
UserC,h03_su03,Gas National Grid,0.0
UserC,h04_su03,PV sys,0.0
UserC,h04_su03,National Grid EE,0.0
UserC,h04_su03,Storage EE,4.526972349484594
UserC,h04_su03,Gas Boiler,0.0
UserC,h04_su03,HP,0.0
UserC,h04_su03,AC,0.0
UserC,h04_su03,Storage HW,0.0
UserC,h04_su03,Radiators,0.0
UserC,h04_su03,Floor heating,0.0
UserC,h04_su03,Induction stove,0.0
UserC,h04_su03,Gas stove,0.0
UserC,h04_su03,Gas National Grid,0.0
UserC,h05_su03,PV sys,0.0
UserC,h05_su03,National Grid EE,0.0
UserC,h05_su03,Storage EE,4.360646924380604
UserC,h05_su03,Gas Boiler,0.0
UserC,h05_su03,HP,0.0
UserC,h05_su03,AC,0.0
UserC,h05_su03,Storage HW,0.0
UserC,h05_su03,Radiators,0.0
UserC,h05_su03,Floor heating,0.0
UserC,h05_su03,Induction stove,0.0
UserC,h05_su03,Gas stove,0.0
UserC,h05_su03,Gas National Grid,0.0
UserC,h06_su03,PV sys,0.0
UserC,h06_su03,National Grid EE,0.0
UserC,h06_su03,Storage EE,4.315339900380048
UserC,h06_su03,Gas Boiler,0.0
UserC,h06_su03,HP,0.0
UserC,h06_su03,AC,0.0
UserC,h06_su03,Storage HW,0.0
UserC,h06_su03,Radiators,0.0
UserC,h06_su03,Floor heating,0.0
UserC,h06_su03,Induction stove,0.0
UserC,h06_su03,Gas stove,0.0
UserC,h06_su03,Gas National Grid,0.0
UserC,h07_su03,PV sys,0.0
UserC,h07_su03,National Grid EE,0.0
UserC,h07_su03,Storage EE,4.63195183459505
UserC,h07_su03,Gas Boiler,0.0
UserC,h07_su03,HP,0.0
UserC,h07_su03,AC,0.0
UserC,h07_su03,Storage HW,0.0
UserC,h07_su03,Radiators,0.0
UserC,h07_su03,Floor heating,0.0
UserC,h07_su03,Induction stove,0.0
UserC,h07_su03,Gas stove,0.0
UserC,h07_su03,Gas National Grid,0.0
UserC,h08_su03,PV sys,0.0
UserC,h08_su03,National Grid EE,0.0
UserC,h08_su03,Storage EE,5.2955792143882965
UserC,h08_su03,Gas Boiler,0.0
UserC,h08_su03,HP,0.0
UserC,h08_su03,AC,0.0
UserC,h08_su03,Storage HW,0.0
UserC,h08_su03,Radiators,0.0
UserC,h08_su03,Floor heating,0.0
UserC,h08_su03,Induction stove,0.0
UserC,h08_su03,Gas stove,0.0
UserC,h08_su03,Gas National Grid,0.0
UserC,h09_su03,PV sys,0.0
UserC,h09_su03,National Grid EE,0.0
UserC,h09_su03,Storage EE,7.497559790410213
UserC,h09_su03,Gas Boiler,0.0
UserC,h09_su03,HP,0.0
UserC,h09_su03,AC,0.0
UserC,h09_su03,Storage HW,0.0
UserC,h09_su03,Radiators,0.0
UserC,h09_su03,Floor heating,0.0
UserC,h09_su03,Induction stove,0.0
UserC,h09_su03,Gas stove,0.0
UserC,h09_su03,Gas National Grid,0.0
UserC,h10_su03,PV sys,0.0
UserC,h10_su03,National Grid EE,0.0
UserC,h10_su03,Storage EE,7.700872373729153
UserC,h10_su03,Gas Boiler,0.0
UserC,h10_su03,HP,0.0
UserC,h10_su03,AC,0.0
UserC,h10_su03,Storage HW,0.0
UserC,h10_su03,Radiators,0.0
UserC,h10_su03,Floor heating,0.0
UserC,h10_su03,Induction stove,0.0
UserC,h10_su03,Gas stove,0.0
UserC,h10_su03,Gas National Grid,0.0
UserC,h11_su03,PV sys,0.0
UserC,h11_su03,National Grid EE,0.0
UserC,h11_su03,Storage EE,8.350961221892618
UserC,h11_su03,Gas Boiler,0.0
UserC,h11_su03,HP,0.0
UserC,h11_su03,AC,0.0
UserC,h11_su03,Storage HW,0.0
UserC,h11_su03,Radiators,0.0
UserC,h11_su03,Floor heating,0.0
UserC,h11_su03,Induction stove,0.0
UserC,h11_su03,Gas stove,0.0
UserC,h11_su03,Gas National Grid,0.0
UserC,h12_su03,PV sys,0.0
UserC,h12_su03,National Grid EE,0.0
UserC,h12_su03,Storage EE,9.211259936336834
UserC,h12_su03,Gas Boiler,0.0
UserC,h12_su03,HP,0.0
UserC,h12_su03,AC,0.0
UserC,h12_su03,Storage HW,0.0
UserC,h12_su03,Radiators,0.0
UserC,h12_su03,Floor heating,0.0
UserC,h12_su03,Induction stove,0.0
UserC,h12_su03,Gas stove,0.0
UserC,h12_su03,Gas National Grid,0.0
UserC,h13_su03,PV sys,0.0
UserC,h13_su03,National Grid EE,0.0
UserC,h13_su03,Storage EE,9.640228517861129
UserC,h13_su03,Gas Boiler,0.0
UserC,h13_su03,HP,0.0
UserC,h13_su03,AC,0.0
UserC,h13_su03,Storage HW,0.0
UserC,h13_su03,Radiators,0.0
UserC,h13_su03,Floor heating,0.0
UserC,h13_su03,Induction stove,0.0
UserC,h13_su03,Gas stove,0.0
UserC,h13_su03,Gas National Grid,0.0
UserC,h14_su03,PV sys,0.0
UserC,h14_su03,National Grid EE,0.0
UserC,h14_su03,Storage EE,9.32027899811737
UserC,h14_su03,Gas Boiler,0.0
UserC,h14_su03,HP,0.0
UserC,h14_su03,AC,0.0
UserC,h14_su03,Storage HW,0.0
UserC,h14_su03,Radiators,0.0
UserC,h14_su03,Floor heating,0.0
UserC,h14_su03,Induction stove,0.0
UserC,h14_su03,Gas stove,0.0
UserC,h14_su03,Gas National Grid,0.0
UserC,h15_su03,PV sys,0.0
UserC,h15_su03,National Grid EE,0.0
UserC,h15_su03,Storage EE,9.257226787555133
UserC,h15_su03,Gas Boiler,0.0
UserC,h15_su03,HP,0.0
UserC,h15_su03,AC,0.0
UserC,h15_su03,Storage HW,0.0
UserC,h15_su03,Radiators,0.0
UserC,h15_su03,Floor heating,0.0
UserC,h15_su03,Induction stove,0.0
UserC,h15_su03,Gas stove,0.0
UserC,h15_su03,Gas National Grid,0.0
UserC,h16_su03,PV sys,0.0
UserC,h16_su03,National Grid EE,0.0
UserC,h16_su03,Storage EE,8.422909778324732
UserC,h16_su03,Gas Boiler,0.0
UserC,h16_su03,HP,0.0
UserC,h16_su03,AC,0.0
UserC,h16_su03,Storage HW,0.0
UserC,h16_su03,Radiators,0.0
UserC,h16_su03,Floor heating,0.0
UserC,h16_su03,Induction stove,0.0
UserC,h16_su03,Gas stove,0.0
UserC,h16_su03,Gas National Grid,0.0
UserC,h17_su03,PV sys,0.0
UserC,h17_su03,National Grid EE,0.0
UserC,h17_su03,Storage EE,9.557112401051802
UserC,h17_su03,Gas Boiler,0.0
UserC,h17_su03,HP,0.0
UserC,h17_su03,AC,0.0
UserC,h17_su03,Storage HW,0.0
UserC,h17_su03,Radiators,0.0
UserC,h17_su03,Floor heating,0.0
UserC,h17_su03,Induction stove,0.0
UserC,h17_su03,Gas stove,0.0
UserC,h17_su03,Gas National Grid,0.0
UserC,h18_su03,PV sys,0.0
UserC,h18_su03,National Grid EE,0.0
UserC,h18_su03,Storage EE,9.691881382978401
UserC,h18_su03,Gas Boiler,0.0
UserC,h18_su03,HP,0.0
UserC,h18_su03,AC,0.0
UserC,h18_su03,Storage HW,0.0
UserC,h18_su03,Radiators,0.0
UserC,h18_su03,Floor heating,0.0
UserC,h18_su03,Induction stove,0.0
UserC,h18_su03,Gas stove,0.0
UserC,h18_su03,Gas National Grid,0.0
UserC,h19_su03,PV sys,0.0
UserC,h19_su03,National Grid EE,0.0
UserC,h19_su03,Storage EE,8.341335848668933
UserC,h19_su03,Gas Boiler,0.0
UserC,h19_su03,HP,0.0
UserC,h19_su03,AC,0.0
UserC,h19_su03,Storage HW,0.0
UserC,h19_su03,Radiators,0.0
UserC,h19_su03,Floor heating,0.0
UserC,h19_su03,Induction stove,0.0
UserC,h19_su03,Gas stove,0.0
UserC,h19_su03,Gas National Grid,0.0
UserC,h20_su03,PV sys,0.0
UserC,h20_su03,National Grid EE,0.0
UserC,h20_su03,Storage EE,7.1898643062294125
UserC,h20_su03,Gas Boiler,0.0
UserC,h20_su03,HP,0.0
UserC,h20_su03,AC,0.0
UserC,h20_su03,Storage HW,0.0
UserC,h20_su03,Radiators,0.0
UserC,h20_su03,Floor heating,0.0
UserC,h20_su03,Induction stove,0.0
UserC,h20_su03,Gas stove,0.0
UserC,h20_su03,Gas National Grid,0.0
UserC,h21_su03,PV sys,0.0
UserC,h21_su03,National Grid EE,0.0
UserC,h21_su03,Storage EE,6.23682228247656
UserC,h21_su03,Gas Boiler,0.0
UserC,h21_su03,HP,0.0
UserC,h21_su03,AC,0.0
UserC,h21_su03,Storage HW,0.0
UserC,h21_su03,Radiators,0.0
UserC,h21_su03,Floor heating,0.0
UserC,h21_su03,Induction stove,0.0
UserC,h21_su03,Gas stove,0.0
UserC,h21_su03,Gas National Grid,0.0
UserC,h22_su03,PV sys,0.0
UserC,h22_su03,National Grid EE,0.0
UserC,h22_su03,Storage EE,4.581490628224202
UserC,h22_su03,Gas Boiler,0.0
UserC,h22_su03,HP,0.0
UserC,h22_su03,AC,0.0
UserC,h22_su03,Storage HW,0.0
UserC,h22_su03,Radiators,0.0
UserC,h22_su03,Floor heating,0.0
UserC,h22_su03,Induction stove,0.0
UserC,h22_su03,Gas stove,0.0
UserC,h22_su03,Gas National Grid,0.0
UserC,h23_su03,PV sys,0.0
UserC,h23_su03,National Grid EE,0.0
UserC,h23_su03,Storage EE,2.506955624168836
UserC,h23_su03,Gas Boiler,0.0
UserC,h23_su03,HP,0.0
UserC,h23_su03,AC,0.0
UserC,h23_su03,Storage HW,0.0
UserC,h23_su03,Radiators,0.0
UserC,h23_su03,Floor heating,0.0
UserC,h23_su03,Induction stove,0.0
UserC,h23_su03,Gas stove,0.0
UserC,h23_su03,Gas National Grid,0.0
UserC,h24_su03,PV sys,0.0
UserC,h24_su03,National Grid EE,0.0
UserC,h24_su03,Storage EE,1.2000000000000002
UserC,h24_su03,Gas Boiler,0.0
UserC,h24_su03,HP,0.0
UserC,h24_su03,AC,0.0
UserC,h24_su03,Storage HW,0.0
UserC,h24_su03,Radiators,0.0
UserC,h24_su03,Floor heating,0.0
UserC,h24_su03,Induction stove,0.0
UserC,h24_su03,Gas stove,0.0
UserC,h24_su03,Gas National Grid,0.0
UserC,h01_su04,PV sys,0.0
UserC,h01_su04,National Grid EE,0.0
UserC,h01_su04,Storage EE,1.2000000000000002
UserC,h01_su04,Gas Boiler,0.0
UserC,h01_su04,HP,0.0
UserC,h01_su04,AC,0.0
UserC,h01_su04,Storage HW,0.0
UserC,h01_su04,Radiators,0.0
UserC,h01_su04,Floor heating,0.0
UserC,h01_su04,Induction stove,0.0
UserC,h01_su04,Gas stove,0.0
UserC,h01_su04,Gas National Grid,0.0
UserC,h02_su04,PV sys,0.0
UserC,h02_su04,National Grid EE,0.0
UserC,h02_su04,Storage EE,1.2000000000000002
UserC,h02_su04,Gas Boiler,0.0
UserC,h02_su04,HP,0.0
UserC,h02_su04,AC,0.0
UserC,h02_su04,Storage HW,0.0
UserC,h02_su04,Radiators,0.0
UserC,h02_su04,Floor heating,0.0
UserC,h02_su04,Induction stove,0.0
UserC,h02_su04,Gas stove,0.0
UserC,h02_su04,Gas National Grid,0.0
UserC,h03_su04,PV sys,0.0
UserC,h03_su04,National Grid EE,0.0
UserC,h03_su04,Storage EE,1.2000000000000002
UserC,h03_su04,Gas Boiler,0.0
UserC,h03_su04,HP,0.0
UserC,h03_su04,AC,0.0
UserC,h03_su04,Storage HW,0.0
UserC,h03_su04,Radiators,0.0
UserC,h03_su04,Floor heating,0.0
UserC,h03_su04,Induction stove,0.0
UserC,h03_su04,Gas stove,0.0
UserC,h03_su04,Gas National Grid,0.0
UserC,h04_su04,PV sys,0.0
UserC,h04_su04,National Grid EE,0.0
UserC,h04_su04,Storage EE,1.2000000000000002
UserC,h04_su04,Gas Boiler,0.0
UserC,h04_su04,HP,0.0
UserC,h04_su04,AC,0.0
UserC,h04_su04,Storage HW,0.0
UserC,h04_su04,Radiators,0.0
UserC,h04_su04,Floor heating,0.0
UserC,h04_su04,Induction stove,0.0
UserC,h04_su04,Gas stove,0.0
UserC,h04_su04,Gas National Grid,0.0
UserC,h05_su04,PV sys,0.0
UserC,h05_su04,National Grid EE,0.0
UserC,h05_su04,Storage EE,1.2000000000000002
UserC,h05_su04,Gas Boiler,0.0
UserC,h05_su04,HP,0.0
UserC,h05_su04,AC,0.0
UserC,h05_su04,Storage HW,0.0
UserC,h05_su04,Radiators,0.0
UserC,h05_su04,Floor heating,0.0
UserC,h05_su04,Induction stove,0.0
UserC,h05_su04,Gas stove,0.0
UserC,h05_su04,Gas National Grid,0.0
UserC,h06_su04,PV sys,0.0
UserC,h06_su04,National Grid EE,0.0
UserC,h06_su04,Storage EE,1.2828600000000003
UserC,h06_su04,Gas Boiler,0.0
UserC,h06_su04,HP,0.0
UserC,h06_su04,AC,0.0
UserC,h06_su04,Storage HW,0.0
UserC,h06_su04,Radiators,0.0
UserC,h06_su04,Floor heating,0.0
UserC,h06_su04,Induction stove,0.0
UserC,h06_su04,Gas stove,0.0
UserC,h06_su04,Gas National Grid,0.0
UserC,h07_su04,PV sys,0.0
UserC,h07_su04,National Grid EE,0.0
UserC,h07_su04,Storage EE,1.4270881478855255
UserC,h07_su04,Gas Boiler,0.0
UserC,h07_su04,HP,0.0
UserC,h07_su04,AC,0.0
UserC,h07_su04,Storage HW,0.0
UserC,h07_su04,Radiators,0.0
UserC,h07_su04,Floor heating,0.0
UserC,h07_su04,Induction stove,0.0
UserC,h07_su04,Gas stove,0.0
UserC,h07_su04,Gas National Grid,0.0
UserC,h08_su04,PV sys,0.0
UserC,h08_su04,National Grid EE,0.0
UserC,h08_su04,Storage EE,1.2000000000000002
UserC,h08_su04,Gas Boiler,0.0
UserC,h08_su04,HP,0.0
UserC,h08_su04,AC,0.0
UserC,h08_su04,Storage HW,0.0
UserC,h08_su04,Radiators,0.0
UserC,h08_su04,Floor heating,0.0
UserC,h08_su04,Induction stove,0.0
UserC,h08_su04,Gas stove,0.0
UserC,h08_su04,Gas National Grid,0.0
UserC,h09_su04,PV sys,0.0
UserC,h09_su04,National Grid EE,0.0
UserC,h09_su04,Storage EE,2.3554162010276603
UserC,h09_su04,Gas Boiler,0.0
UserC,h09_su04,HP,0.0
UserC,h09_su04,AC,0.0
UserC,h09_su04,Storage HW,0.0
UserC,h09_su04,Radiators,0.0
UserC,h09_su04,Floor heating,0.0
UserC,h09_su04,Induction stove,0.0
UserC,h09_su04,Gas stove,0.0
UserC,h09_su04,Gas National Grid,0.0
UserC,h10_su04,PV sys,0.0
UserC,h10_su04,National Grid EE,0.0
UserC,h10_su04,Storage EE,4.399396283875415
UserC,h10_su04,Gas Boiler,0.0
UserC,h10_su04,HP,0.0
UserC,h10_su04,AC,0.0
UserC,h10_su04,Storage HW,0.0
UserC,h10_su04,Radiators,0.0
UserC,h10_su04,Floor heating,0.0
UserC,h10_su04,Induction stove,0.0
UserC,h10_su04,Gas stove,0.0
UserC,h10_su04,Gas National Grid,0.0
UserC,h11_su04,PV sys,0.0
UserC,h11_su04,National Grid EE,0.0
UserC,h11_su04,Storage EE,4.5743099939327845
UserC,h11_su04,Gas Boiler,0.0
UserC,h11_su04,HP,0.0
UserC,h11_su04,AC,0.0
UserC,h11_su04,Storage HW,0.0
UserC,h11_su04,Radiators,0.0
UserC,h11_su04,Floor heating,0.0
UserC,h11_su04,Induction stove,0.0
UserC,h11_su04,Gas stove,0.0
UserC,h11_su04,Gas National Grid,0.0
UserC,h12_su04,PV sys,0.0
UserC,h12_su04,National Grid EE,0.0
UserC,h12_su04,Storage EE,7.9663093655164365
UserC,h12_su04,Gas Boiler,0.0
UserC,h12_su04,HP,0.0
UserC,h12_su04,AC,0.0
UserC,h12_su04,Storage HW,0.0
UserC,h12_su04,Radiators,0.0
UserC,h12_su04,Floor heating,0.0
UserC,h12_su04,Induction stove,0.0
UserC,h12_su04,Gas stove,0.0
UserC,h12_su04,Gas National Grid,0.0
UserC,h13_su04,PV sys,0.0
UserC,h13_su04,National Grid EE,0.0
UserC,h13_su04,Storage EE,10.87026399296365
UserC,h13_su04,Gas Boiler,0.0
UserC,h13_su04,HP,0.0
UserC,h13_su04,AC,0.0
UserC,h13_su04,Storage HW,0.0
UserC,h13_su04,Radiators,0.0
UserC,h13_su04,Floor heating,0.0
UserC,h13_su04,Induction stove,0.0
UserC,h13_su04,Gas stove,0.0
UserC,h13_su04,Gas National Grid,0.0
UserC,h14_su04,PV sys,0.0
UserC,h14_su04,National Grid EE,0.0
UserC,h14_su04,Storage EE,9.17126028265169
UserC,h14_su04,Gas Boiler,0.0
UserC,h14_su04,HP,0.0
UserC,h14_su04,AC,0.0
UserC,h14_su04,Storage HW,0.0
UserC,h14_su04,Radiators,0.0
UserC,h14_su04,Floor heating,0.0
UserC,h14_su04,Induction stove,0.0
UserC,h14_su04,Gas stove,0.0
UserC,h14_su04,Gas National Grid,0.0
UserC,h15_su04,PV sys,0.0
UserC,h15_su04,National Grid EE,0.0
UserC,h15_su04,Storage EE,10.884947250391981
UserC,h15_su04,Gas Boiler,0.0
UserC,h15_su04,HP,0.0
UserC,h15_su04,AC,0.0
UserC,h15_su04,Storage HW,0.0
UserC,h15_su04,Radiators,0.0
UserC,h15_su04,Floor heating,0.0
UserC,h15_su04,Induction stove,0.0
UserC,h15_su04,Gas stove,0.0
UserC,h15_su04,Gas National Grid,0.0
UserC,h16_su04,PV sys,0.0
UserC,h16_su04,National Grid EE,0.0
UserC,h16_su04,Storage EE,11.399999999999999
UserC,h16_su04,Gas Boiler,0.0
UserC,h16_su04,HP,0.0
UserC,h16_su04,AC,0.0
UserC,h16_su04,Storage HW,0.0
UserC,h16_su04,Radiators,0.0
UserC,h16_su04,Floor heating,0.0
UserC,h16_su04,Induction stove,0.0
UserC,h16_su04,Gas stove,0.0
UserC,h16_su04,Gas National Grid,0.0
UserC,h17_su04,PV sys,0.0
UserC,h17_su04,National Grid EE,0.0
UserC,h17_su04,Storage EE,11.386698096714285
UserC,h17_su04,Gas Boiler,0.0
UserC,h17_su04,HP,0.0
UserC,h17_su04,AC,0.0
UserC,h17_su04,Storage HW,0.0
UserC,h17_su04,Radiators,0.0
UserC,h17_su04,Floor heating,0.0
UserC,h17_su04,Induction stove,0.0
UserC,h17_su04,Gas stove,0.0
UserC,h17_su04,Gas National Grid,0.0
UserC,h18_su04,PV sys,0.0
UserC,h18_su04,National Grid EE,0.0
UserC,h18_su04,Storage EE,11.160021207435435
UserC,h18_su04,Gas Boiler,0.0
UserC,h18_su04,HP,0.0
UserC,h18_su04,AC,0.0
UserC,h18_su04,Storage HW,0.0
UserC,h18_su04,Radiators,0.0
UserC,h18_su04,Floor heating,0.0
UserC,h18_su04,Induction stove,0.0
UserC,h18_su04,Gas stove,0.0
UserC,h18_su04,Gas National Grid,0.0
UserC,h19_su04,PV sys,0.0
UserC,h19_su04,National Grid EE,0.0
UserC,h19_su04,Storage EE,10.688420609558987
UserC,h19_su04,Gas Boiler,0.0
UserC,h19_su04,HP,0.0
UserC,h19_su04,AC,0.0
UserC,h19_su04,Storage HW,0.0
UserC,h19_su04,Radiators,0.0
UserC,h19_su04,Floor heating,0.0
UserC,h19_su04,Induction stove,0.0
UserC,h19_su04,Gas stove,0.0
UserC,h19_su04,Gas National Grid,0.0
UserC,h20_su04,PV sys,0.0
UserC,h20_su04,National Grid EE,0.0
UserC,h20_su04,Storage EE,10.214771556795997
UserC,h20_su04,Gas Boiler,0.0
UserC,h20_su04,HP,0.0
UserC,h20_su04,AC,0.0
UserC,h20_su04,Storage HW,0.0
UserC,h20_su04,Radiators,0.0
UserC,h20_su04,Floor heating,0.0
UserC,h20_su04,Induction stove,0.0
UserC,h20_su04,Gas stove,0.0
UserC,h20_su04,Gas National Grid,0.0
UserC,h21_su04,PV sys,0.0
UserC,h21_su04,National Grid EE,0.0
UserC,h21_su04,Storage EE,9.62831156670763
UserC,h21_su04,Gas Boiler,0.0
UserC,h21_su04,HP,0.0
UserC,h21_su04,AC,0.0
UserC,h21_su04,Storage HW,0.0
UserC,h21_su04,Radiators,0.0
UserC,h21_su04,Floor heating,0.0
UserC,h21_su04,Induction stove,0.0
UserC,h21_su04,Gas stove,0.0
UserC,h21_su04,Gas National Grid,0.0
UserC,h22_su04,PV sys,0.0
UserC,h22_su04,National Grid EE,0.0
UserC,h22_su04,Storage EE,7.878755187092571
UserC,h22_su04,Gas Boiler,0.0
UserC,h22_su04,HP,0.0
UserC,h22_su04,AC,0.0
UserC,h22_su04,Storage HW,0.0
UserC,h22_su04,Radiators,0.0
UserC,h22_su04,Floor heating,0.0
UserC,h22_su04,Induction stove,0.0
UserC,h22_su04,Gas stove,0.0
UserC,h22_su04,Gas National Grid,0.0
UserC,h23_su04,PV sys,0.0
UserC,h23_su04,National Grid EE,0.0
UserC,h23_su04,Storage EE,5.957699656035005
UserC,h23_su04,Gas Boiler,0.0
UserC,h23_su04,HP,0.0
UserC,h23_su04,AC,0.0
UserC,h23_su04,Storage HW,0.0
UserC,h23_su04,Radiators,0.0
UserC,h23_su04,Floor heating,0.0
UserC,h23_su04,Induction stove,0.0
UserC,h23_su04,Gas stove,0.0
UserC,h23_su04,Gas National Grid,0.0
UserC,h24_su04,PV sys,0.0
UserC,h24_su04,National Grid EE,0.0
UserC,h24_su04,Storage EE,4.438626033373351
UserC,h24_su04,Gas Boiler,0.0
UserC,h24_su04,HP,0.0
UserC,h24_su04,AC,0.0
UserC,h24_su04,Storage HW,0.0
UserC,h24_su04,Radiators,0.0
UserC,h24_su04,Floor heating,0.0
UserC,h24_su04,Induction stove,0.0
UserC,h24_su04,Gas stove,0.0
UserC,h24_su04,Gas National Grid,0.0
UserC,h01_su05,PV sys,0.0
UserC,h01_su05,National Grid EE,0.0
UserC,h01_su05,Storage EE,4.167900225487008
UserC,h01_su05,Gas Boiler,0.0
UserC,h01_su05,HP,0.0
UserC,h01_su05,AC,0.0
UserC,h01_su05,Storage HW,0.0
UserC,h01_su05,Radiators,0.0
UserC,h01_su05,Floor heating,0.0
UserC,h01_su05,Induction stove,0.0
UserC,h01_su05,Gas stove,0.0
UserC,h01_su05,Gas National Grid,0.0
UserC,h02_su05,PV sys,0.0
UserC,h02_su05,National Grid EE,0.0
UserC,h02_su05,Storage EE,3.9583005579377177
UserC,h02_su05,Gas Boiler,0.0
UserC,h02_su05,HP,0.0
UserC,h02_su05,AC,0.0
UserC,h02_su05,Storage HW,0.0
UserC,h02_su05,Radiators,0.0
UserC,h02_su05,Floor heating,0.0
UserC,h02_su05,Induction stove,0.0
UserC,h02_su05,Gas stove,0.0
UserC,h02_su05,Gas National Grid,0.0
UserC,h03_su05,PV sys,0.0
UserC,h03_su05,National Grid EE,0.0
UserC,h03_su05,Storage EE,3.7405030711302665
UserC,h03_su05,Gas Boiler,0.0
UserC,h03_su05,HP,0.0
UserC,h03_su05,AC,0.0
UserC,h03_su05,Storage HW,0.0
UserC,h03_su05,Radiators,0.0
UserC,h03_su05,Floor heating,0.0
UserC,h03_su05,Induction stove,0.0
UserC,h03_su05,Gas stove,0.0
UserC,h03_su05,Gas National Grid,0.0
UserC,h04_su05,PV sys,0.0
UserC,h04_su05,National Grid EE,0.0
UserC,h04_su05,Storage EE,3.485925496017123
UserC,h04_su05,Gas Boiler,0.0
UserC,h04_su05,HP,0.0
UserC,h04_su05,AC,0.0
UserC,h04_su05,Storage HW,0.0
UserC,h04_su05,Radiators,0.0
UserC,h04_su05,Floor heating,0.0
UserC,h04_su05,Induction stove,0.0
UserC,h04_su05,Gas stove,0.0
UserC,h04_su05,Gas National Grid,0.0
UserC,h05_su05,PV sys,0.0
UserC,h05_su05,National Grid EE,0.0
UserC,h05_su05,Storage EE,3.2131146357933122
UserC,h05_su05,Gas Boiler,0.0
UserC,h05_su05,HP,0.0
UserC,h05_su05,AC,0.0
UserC,h05_su05,Storage HW,0.0
UserC,h05_su05,Radiators,0.0
UserC,h05_su05,Floor heating,0.0
UserC,h05_su05,Induction stove,0.0
UserC,h05_su05,Gas stove,0.0
UserC,h05_su05,Gas National Grid,0.0
UserC,h06_su05,PV sys,0.0
UserC,h06_su05,National Grid EE,0.0
UserC,h06_su05,Storage EE,2.9719204222360167
UserC,h06_su05,Gas Boiler,0.0
UserC,h06_su05,HP,0.0
UserC,h06_su05,AC,0.0
UserC,h06_su05,Storage HW,0.0
UserC,h06_su05,Radiators,0.0
UserC,h06_su05,Floor heating,0.0
UserC,h06_su05,Induction stove,0.0
UserC,h06_su05,Gas stove,0.0
UserC,h06_su05,Gas National Grid,0.0
UserC,h07_su05,PV sys,0.0
UserC,h07_su05,National Grid EE,0.0
UserC,h07_su05,Storage EE,2.6668505423814604
UserC,h07_su05,Gas Boiler,0.0
UserC,h07_su05,HP,0.0
UserC,h07_su05,AC,0.0
UserC,h07_su05,Storage HW,0.0
UserC,h07_su05,Radiators,0.0
UserC,h07_su05,Floor heating,0.0
UserC,h07_su05,Induction stove,0.0
UserC,h07_su05,Gas stove,0.0
UserC,h07_su05,Gas National Grid,0.0
UserC,h08_su05,PV sys,0.0
UserC,h08_su05,National Grid EE,0.0
UserC,h08_su05,Storage EE,2.3399407487089854
UserC,h08_su05,Gas Boiler,0.0
UserC,h08_su05,HP,0.0
UserC,h08_su05,AC,0.0
UserC,h08_su05,Storage HW,0.0
UserC,h08_su05,Radiators,0.0
UserC,h08_su05,Floor heating,0.0
UserC,h08_su05,Induction stove,0.0
UserC,h08_su05,Gas stove,0.0
UserC,h08_su05,Gas National Grid,0.0
UserC,h09_su05,PV sys,0.0
UserC,h09_su05,National Grid EE,0.0
UserC,h09_su05,Storage EE,1.9066398966009088
UserC,h09_su05,Gas Boiler,0.0
UserC,h09_su05,HP,0.0
UserC,h09_su05,AC,0.0
UserC,h09_su05,Storage HW,0.0
UserC,h09_su05,Radiators,0.0
UserC,h09_su05,Floor heating,0.0
UserC,h09_su05,Induction stove,0.0
UserC,h09_su05,Gas stove,0.0
UserC,h09_su05,Gas National Grid,0.0
UserC,h10_su05,PV sys,0.0
UserC,h10_su05,National Grid EE,0.0
UserC,h10_su05,Storage EE,2.8714821756650855
UserC,h10_su05,Gas Boiler,0.0
UserC,h10_su05,HP,0.0
UserC,h10_su05,AC,0.0
UserC,h10_su05,Storage HW,0.0
UserC,h10_su05,Radiators,0.0
UserC,h10_su05,Floor heating,0.0
UserC,h10_su05,Induction stove,0.0
UserC,h10_su05,Gas stove,0.0
UserC,h10_su05,Gas National Grid,0.0
UserC,h11_su05,PV sys,0.0
UserC,h11_su05,National Grid EE,0.0
UserC,h11_su05,Storage EE,4.74836109601897
UserC,h11_su05,Gas Boiler,0.0
UserC,h11_su05,HP,0.0
UserC,h11_su05,AC,0.0
UserC,h11_su05,Storage HW,0.0
UserC,h11_su05,Radiators,0.0
UserC,h11_su05,Floor heating,0.0
UserC,h11_su05,Induction stove,0.0
UserC,h11_su05,Gas stove,0.0
UserC,h11_su05,Gas National Grid,0.0
UserC,h12_su05,PV sys,0.0
UserC,h12_su05,National Grid EE,0.0
UserC,h12_su05,Storage EE,7.377686635114021
UserC,h12_su05,Gas Boiler,0.0
UserC,h12_su05,HP,0.0
UserC,h12_su05,AC,0.0
UserC,h12_su05,Storage HW,0.0
UserC,h12_su05,Radiators,0.0
UserC,h12_su05,Floor heating,0.0
UserC,h12_su05,Induction stove,0.0
UserC,h12_su05,Gas stove,0.0
UserC,h12_su05,Gas National Grid,0.0
UserC,h13_su05,PV sys,0.0
UserC,h13_su05,National Grid EE,0.0
UserC,h13_su05,Storage EE,7.469544287486824
UserC,h13_su05,Gas Boiler,0.0
UserC,h13_su05,HP,0.0
UserC,h13_su05,AC,0.0
UserC,h13_su05,Storage HW,0.0
UserC,h13_su05,Radiators,0.0
UserC,h13_su05,Floor heating,0.0
UserC,h13_su05,Induction stove,0.0
UserC,h13_su05,Gas stove,0.0
UserC,h13_su05,Gas National Grid,0.0
UserC,h14_su05,PV sys,0.0
UserC,h14_su05,National Grid EE,0.0
UserC,h14_su05,Storage EE,9.786231532398073
UserC,h14_su05,Gas Boiler,0.0
UserC,h14_su05,HP,0.0
UserC,h14_su05,AC,0.0
UserC,h14_su05,Storage HW,0.0
UserC,h14_su05,Radiators,0.0
UserC,h14_su05,Floor heating,0.0
UserC,h14_su05,Induction stove,0.0
UserC,h14_su05,Gas stove,0.0
UserC,h14_su05,Gas National Grid,0.0
UserC,h15_su05,PV sys,0.0
UserC,h15_su05,National Grid EE,0.0
UserC,h15_su05,Storage EE,9.453068486551997
UserC,h15_su05,Gas Boiler,0.0
UserC,h15_su05,HP,0.0
UserC,h15_su05,AC,0.0
UserC,h15_su05,Storage HW,0.0
UserC,h15_su05,Radiators,0.0
UserC,h15_su05,Floor heating,0.0
UserC,h15_su05,Induction stove,0.0
UserC,h15_su05,Gas stove,0.0
UserC,h15_su05,Gas National Grid,0.0
UserC,h16_su05,PV sys,0.0
UserC,h16_su05,National Grid EE,0.0
UserC,h16_su05,Storage EE,11.399999999999999
UserC,h16_su05,Gas Boiler,0.0
UserC,h16_su05,HP,0.0
UserC,h16_su05,AC,0.0
UserC,h16_su05,Storage HW,0.0
UserC,h16_su05,Radiators,0.0
UserC,h16_su05,Floor heating,0.0
UserC,h16_su05,Induction stove,0.0
UserC,h16_su05,Gas stove,0.0
UserC,h16_su05,Gas National Grid,0.0
UserC,h17_su05,PV sys,0.0
UserC,h17_su05,National Grid EE,0.0
UserC,h17_su05,Storage EE,11.399999999999999
UserC,h17_su05,Gas Boiler,0.0
UserC,h17_su05,HP,0.0
UserC,h17_su05,AC,0.0
UserC,h17_su05,Storage HW,0.0
UserC,h17_su05,Radiators,0.0
UserC,h17_su05,Floor heating,0.0
UserC,h17_su05,Induction stove,0.0
UserC,h17_su05,Gas stove,0.0
UserC,h17_su05,Gas National Grid,0.0
UserC,h18_su05,PV sys,0.0
UserC,h18_su05,National Grid EE,0.0
UserC,h18_su05,Storage EE,11.399999999999999
UserC,h18_su05,Gas Boiler,0.0
UserC,h18_su05,HP,0.0
UserC,h18_su05,AC,0.0
UserC,h18_su05,Storage HW,0.0
UserC,h18_su05,Radiators,0.0
UserC,h18_su05,Floor heating,0.0
UserC,h18_su05,Induction stove,0.0
UserC,h18_su05,Gas stove,0.0
UserC,h18_su05,Gas National Grid,0.0
UserC,h19_su05,PV sys,0.0
UserC,h19_su05,National Grid EE,0.0
UserC,h19_su05,Storage EE,11.399999999999999
UserC,h19_su05,Gas Boiler,0.0
UserC,h19_su05,HP,0.0
UserC,h19_su05,AC,0.0
UserC,h19_su05,Storage HW,0.0
UserC,h19_su05,Radiators,0.0
UserC,h19_su05,Floor heating,0.0
UserC,h19_su05,Induction stove,0.0
UserC,h19_su05,Gas stove,0.0
UserC,h19_su05,Gas National Grid,0.0
UserC,h20_su05,PV sys,0.0
UserC,h20_su05,National Grid EE,0.0
UserC,h20_su05,Storage EE,11.399999999999999
UserC,h20_su05,Gas Boiler,0.0
UserC,h20_su05,HP,0.0
UserC,h20_su05,AC,0.0
UserC,h20_su05,Storage HW,0.0
UserC,h20_su05,Radiators,0.0
UserC,h20_su05,Floor heating,0.0
UserC,h20_su05,Induction stove,0.0
UserC,h20_su05,Gas stove,0.0
UserC,h20_su05,Gas National Grid,0.0
UserC,h21_su05,PV sys,0.0
UserC,h21_su05,National Grid EE,0.0
UserC,h21_su05,Storage EE,11.399999999999999
UserC,h21_su05,Gas Boiler,0.0
UserC,h21_su05,HP,0.0
UserC,h21_su05,AC,0.0
UserC,h21_su05,Storage HW,0.0
UserC,h21_su05,Radiators,0.0
UserC,h21_su05,Floor heating,0.0
UserC,h21_su05,Induction stove,0.0
UserC,h21_su05,Gas stove,0.0
UserC,h21_su05,Gas National Grid,0.0
UserC,h22_su05,PV sys,0.0
UserC,h22_su05,National Grid EE,0.0
UserC,h22_su05,Storage EE,11.399999999999999
UserC,h22_su05,Gas Boiler,0.0
UserC,h22_su05,HP,0.0
UserC,h22_su05,AC,0.0
UserC,h22_su05,Storage HW,0.0
UserC,h22_su05,Radiators,0.0
UserC,h22_su05,Floor heating,0.0
UserC,h22_su05,Induction stove,0.0
UserC,h22_su05,Gas stove,0.0
UserC,h22_su05,Gas National Grid,0.0
UserC,h23_su05,PV sys,0.0
UserC,h23_su05,National Grid EE,0.0
UserC,h23_su05,Storage EE,11.399999999999999
UserC,h23_su05,Gas Boiler,0.0
UserC,h23_su05,HP,0.0
UserC,h23_su05,AC,0.0
UserC,h23_su05,Storage HW,0.0
UserC,h23_su05,Radiators,0.0
UserC,h23_su05,Floor heating,0.0
UserC,h23_su05,Induction stove,0.0
UserC,h23_su05,Gas stove,0.0
UserC,h23_su05,Gas National Grid,0.0
UserC,h24_su05,PV sys,0.0
UserC,h24_su05,National Grid EE,0.0
UserC,h24_su05,Storage EE,11.399999999999999
UserC,h24_su05,Gas Boiler,0.0
UserC,h24_su05,HP,0.0
UserC,h24_su05,AC,0.0
UserC,h24_su05,Storage HW,0.0
UserC,h24_su05,Radiators,0.0
UserC,h24_su05,Floor heating,0.0
UserC,h24_su05,Induction stove,0.0
UserC,h24_su05,Gas stove,0.0
UserC,h24_su05,Gas National Grid,0.0
UserC,h01_su06,PV sys,0.0
UserC,h01_su06,National Grid EE,0.0
UserC,h01_su06,Storage EE,8.12188975233178
UserC,h01_su06,Gas Boiler,0.0
UserC,h01_su06,HP,0.0
UserC,h01_su06,AC,0.0
UserC,h01_su06,Storage HW,0.0
UserC,h01_su06,Radiators,0.0
UserC,h01_su06,Floor heating,0.0
UserC,h01_su06,Induction stove,0.0
UserC,h01_su06,Gas stove,0.0
UserC,h01_su06,Gas National Grid,0.0
UserC,h02_su06,PV sys,0.0
UserC,h02_su06,National Grid EE,0.0
UserC,h02_su06,Storage EE,7.955417162034966
UserC,h02_su06,Gas Boiler,0.0
UserC,h02_su06,HP,0.0
UserC,h02_su06,AC,0.0
UserC,h02_su06,Storage HW,0.0
UserC,h02_su06,Radiators,0.0
UserC,h02_su06,Floor heating,0.0
UserC,h02_su06,Induction stove,0.0
UserC,h02_su06,Gas stove,0.0
UserC,h02_su06,Gas National Grid,0.0
UserC,h03_su06,PV sys,0.0
UserC,h03_su06,National Grid EE,0.0
UserC,h03_su06,Storage EE,7.641042474850491
UserC,h03_su06,Gas Boiler,0.0
UserC,h03_su06,HP,0.0
UserC,h03_su06,AC,0.0
UserC,h03_su06,Storage HW,0.0
UserC,h03_su06,Radiators,0.0
UserC,h03_su06,Floor heating,0.0
UserC,h03_su06,Induction stove,0.0
UserC,h03_su06,Gas stove,0.0
UserC,h03_su06,Gas National Grid,0.0
UserC,h04_su06,PV sys,0.0
UserC,h04_su06,National Grid EE,0.0
UserC,h04_su06,Storage EE,7.3214565310296456
UserC,h04_su06,Gas Boiler,0.0
UserC,h04_su06,HP,0.0
UserC,h04_su06,AC,0.0
UserC,h04_su06,Storage HW,0.0
UserC,h04_su06,Radiators,0.0
UserC,h04_su06,Floor heating,0.0
UserC,h04_su06,Induction stove,0.0
UserC,h04_su06,Gas stove,0.0
UserC,h04_su06,Gas National Grid,0.0
UserC,h05_su06,PV sys,0.0
UserC,h05_su06,National Grid EE,0.0
UserC,h05_su06,Storage EE,7.0398288792429025
UserC,h05_su06,Gas Boiler,0.0
UserC,h05_su06,HP,0.0
UserC,h05_su06,AC,0.0
UserC,h05_su06,Storage HW,0.0
UserC,h05_su06,Radiators,0.0
UserC,h05_su06,Floor heating,0.0
UserC,h05_su06,Induction stove,0.0
UserC,h05_su06,Gas stove,0.0
UserC,h05_su06,Gas National Grid,0.0
UserC,h06_su06,PV sys,0.0
UserC,h06_su06,National Grid EE,0.0
UserC,h06_su06,Storage EE,3.921650550835294
UserC,h06_su06,Gas Boiler,0.0
UserC,h06_su06,HP,0.0
UserC,h06_su06,AC,0.0
UserC,h06_su06,Storage HW,0.0
UserC,h06_su06,Radiators,0.0
UserC,h06_su06,Floor heating,0.0
UserC,h06_su06,Induction stove,0.0
UserC,h06_su06,Gas stove,0.0
UserC,h06_su06,Gas National Grid,0.0
UserC,h07_su06,PV sys,0.0
UserC,h07_su06,National Grid EE,0.0
UserC,h07_su06,Storage EE,1.201557506530352
UserC,h07_su06,Gas Boiler,0.0
UserC,h07_su06,HP,0.0
UserC,h07_su06,AC,0.0
UserC,h07_su06,Storage HW,0.0
UserC,h07_su06,Radiators,0.0
UserC,h07_su06,Floor heating,0.0
UserC,h07_su06,Induction stove,0.0
UserC,h07_su06,Gas stove,0.0
UserC,h07_su06,Gas National Grid,0.0
UserC,h08_su06,PV sys,0.0
UserC,h08_su06,National Grid EE,0.0
UserC,h08_su06,Storage EE,2.0744271871986375
UserC,h08_su06,Gas Boiler,0.0
UserC,h08_su06,HP,0.0
UserC,h08_su06,AC,0.0
UserC,h08_su06,Storage HW,0.0
UserC,h08_su06,Radiators,0.0
UserC,h08_su06,Floor heating,0.0
UserC,h08_su06,Induction stove,0.0
UserC,h08_su06,Gas stove,0.0
UserC,h08_su06,Gas National Grid,0.0
UserC,h09_su06,PV sys,0.0
UserC,h09_su06,National Grid EE,0.0
UserC,h09_su06,Storage EE,1.4091855319739555
UserC,h09_su06,Gas Boiler,0.0
UserC,h09_su06,HP,0.0
UserC,h09_su06,AC,0.0
UserC,h09_su06,Storage HW,0.0
UserC,h09_su06,Radiators,0.0
UserC,h09_su06,Floor heating,0.0
UserC,h09_su06,Induction stove,0.0
UserC,h09_su06,Gas stove,0.0
UserC,h09_su06,Gas National Grid,0.0
UserC,h10_su06,PV sys,0.0
UserC,h10_su06,National Grid EE,0.0
UserC,h10_su06,Storage EE,1.33689695798042
UserC,h10_su06,Gas Boiler,0.0
UserC,h10_su06,HP,0.0
UserC,h10_su06,AC,0.0
UserC,h10_su06,Storage HW,0.0
UserC,h10_su06,Radiators,0.0
UserC,h10_su06,Floor heating,0.0
UserC,h10_su06,Induction stove,0.0
UserC,h10_su06,Gas stove,0.0
UserC,h10_su06,Gas National Grid,0.0
UserC,h11_su06,PV sys,0.0
UserC,h11_su06,National Grid EE,0.0
UserC,h11_su06,Storage EE,4.659603346844539
UserC,h11_su06,Gas Boiler,0.0
UserC,h11_su06,HP,0.0
UserC,h11_su06,AC,0.0
UserC,h11_su06,Storage HW,0.0
UserC,h11_su06,Radiators,0.0
UserC,h11_su06,Floor heating,0.0
UserC,h11_su06,Induction stove,0.0
UserC,h11_su06,Gas stove,0.0
UserC,h11_su06,Gas National Grid,0.0
UserC,h12_su06,PV sys,0.0
UserC,h12_su06,National Grid EE,0.0
UserC,h12_su06,Storage EE,5.536603832138051
UserC,h12_su06,Gas Boiler,0.0
UserC,h12_su06,HP,0.0
UserC,h12_su06,AC,0.0
UserC,h12_su06,Storage HW,0.0
UserC,h12_su06,Radiators,0.0
UserC,h12_su06,Floor heating,0.0
UserC,h12_su06,Induction stove,0.0
UserC,h12_su06,Gas stove,0.0
UserC,h12_su06,Gas National Grid,0.0
UserC,h13_su06,PV sys,0.0
UserC,h13_su06,National Grid EE,0.0
UserC,h13_su06,Storage EE,6.3539203887516145
UserC,h13_su06,Gas Boiler,0.0
UserC,h13_su06,HP,0.0
UserC,h13_su06,AC,0.0
UserC,h13_su06,Storage HW,0.0
UserC,h13_su06,Radiators,0.0
UserC,h13_su06,Floor heating,0.0
UserC,h13_su06,Induction stove,0.0
UserC,h13_su06,Gas stove,0.0
UserC,h13_su06,Gas National Grid,0.0
UserC,h14_su06,PV sys,0.0
UserC,h14_su06,National Grid EE,0.0
UserC,h14_su06,Storage EE,6.852509522583778
UserC,h14_su06,Gas Boiler,0.0
UserC,h14_su06,HP,0.0
UserC,h14_su06,AC,0.0
UserC,h14_su06,Storage HW,0.0
UserC,h14_su06,Radiators,0.0
UserC,h14_su06,Floor heating,0.0
UserC,h14_su06,Induction stove,0.0
UserC,h14_su06,Gas stove,0.0
UserC,h14_su06,Gas National Grid,0.0
UserC,h15_su06,PV sys,0.0
UserC,h15_su06,National Grid EE,0.0
UserC,h15_su06,Storage EE,6.8220289688464275
UserC,h15_su06,Gas Boiler,0.0
UserC,h15_su06,HP,0.0
UserC,h15_su06,AC,0.0
UserC,h15_su06,Storage HW,0.0
UserC,h15_su06,Radiators,0.0
UserC,h15_su06,Floor heating,0.0
UserC,h15_su06,Induction stove,0.0
UserC,h15_su06,Gas stove,0.0
UserC,h15_su06,Gas National Grid,0.0
UserC,h16_su06,PV sys,0.0
UserC,h16_su06,National Grid EE,0.0
UserC,h16_su06,Storage EE,8.984454840702425
UserC,h16_su06,Gas Boiler,0.0
UserC,h16_su06,HP,0.0
UserC,h16_su06,AC,0.0
UserC,h16_su06,Storage HW,0.0
UserC,h16_su06,Radiators,0.0
UserC,h16_su06,Floor heating,0.0
UserC,h16_su06,Induction stove,0.0
UserC,h16_su06,Gas stove,0.0
UserC,h16_su06,Gas National Grid,0.0
UserC,h17_su06,PV sys,0.0
UserC,h17_su06,National Grid EE,0.0
UserC,h17_su06,Storage EE,10.128512319336705
UserC,h17_su06,Gas Boiler,0.0
UserC,h17_su06,HP,0.0
UserC,h17_su06,AC,0.0
UserC,h17_su06,Storage HW,0.0
UserC,h17_su06,Radiators,0.0
UserC,h17_su06,Floor heating,0.0
UserC,h17_su06,Induction stove,0.0
UserC,h17_su06,Gas stove,0.0
UserC,h17_su06,Gas National Grid,0.0
UserC,h18_su06,PV sys,0.0
UserC,h18_su06,National Grid EE,0.0
UserC,h18_su06,Storage EE,10.336822915120385
UserC,h18_su06,Gas Boiler,0.0
UserC,h18_su06,HP,0.0
UserC,h18_su06,AC,0.0
UserC,h18_su06,Storage HW,0.0
UserC,h18_su06,Radiators,0.0
UserC,h18_su06,Floor heating,0.0
UserC,h18_su06,Induction stove,0.0
UserC,h18_su06,Gas stove,0.0
UserC,h18_su06,Gas National Grid,0.0
UserC,h19_su06,PV sys,0.0
UserC,h19_su06,National Grid EE,0.0
UserC,h19_su06,Storage EE,6.9104958009623
UserC,h19_su06,Gas Boiler,0.0
UserC,h19_su06,HP,0.0
UserC,h19_su06,AC,0.0
UserC,h19_su06,Storage HW,0.0
UserC,h19_su06,Radiators,0.0
UserC,h19_su06,Floor heating,0.0
UserC,h19_su06,Induction stove,0.0
UserC,h19_su06,Gas stove,0.0
UserC,h19_su06,Gas National Grid,0.0
UserC,h20_su06,PV sys,0.0
UserC,h20_su06,National Grid EE,0.0
UserC,h20_su06,Storage EE,5.520682365639271
UserC,h20_su06,Gas Boiler,0.0
UserC,h20_su06,HP,0.0
UserC,h20_su06,AC,0.0
UserC,h20_su06,Storage HW,0.0
UserC,h20_su06,Radiators,0.0
UserC,h20_su06,Floor heating,0.0
UserC,h20_su06,Induction stove,0.0
UserC,h20_su06,Gas stove,0.0
UserC,h20_su06,Gas National Grid,0.0
UserC,h21_su06,PV sys,0.0
UserC,h21_su06,National Grid EE,0.0
UserC,h21_su06,Storage EE,4.634335920277232
UserC,h21_su06,Gas Boiler,0.0
UserC,h21_su06,HP,0.0
UserC,h21_su06,AC,0.0
UserC,h21_su06,Storage HW,0.0
UserC,h21_su06,Radiators,0.0
UserC,h21_su06,Floor heating,0.0
UserC,h21_su06,Induction stove,0.0
UserC,h21_su06,Gas stove,0.0
UserC,h21_su06,Gas National Grid,0.0
UserC,h22_su06,PV sys,0.0
UserC,h22_su06,National Grid EE,0.0
UserC,h22_su06,Storage EE,2.6037378703324845
UserC,h22_su06,Gas Boiler,0.0
UserC,h22_su06,HP,0.0
UserC,h22_su06,AC,0.0
UserC,h22_su06,Storage HW,0.0
UserC,h22_su06,Radiators,0.0
UserC,h22_su06,Floor heating,0.0
UserC,h22_su06,Induction stove,0.0
UserC,h22_su06,Gas stove,0.0
UserC,h22_su06,Gas National Grid,0.0
UserC,h23_su06,PV sys,0.0
UserC,h23_su06,National Grid EE,0.0
UserC,h23_su06,Storage EE,1.9308598986903602
UserC,h23_su06,Gas Boiler,0.0
UserC,h23_su06,HP,0.0
UserC,h23_su06,AC,0.0
UserC,h23_su06,Storage HW,0.0
UserC,h23_su06,Radiators,0.0
UserC,h23_su06,Floor heating,0.0
UserC,h23_su06,Induction stove,0.0
UserC,h23_su06,Gas stove,0.0
UserC,h23_su06,Gas National Grid,0.0
UserC,h24_su06,PV sys,0.0
UserC,h24_su06,National Grid EE,0.0
UserC,h24_su06,Storage EE,1.2000000000000002
UserC,h24_su06,Gas Boiler,0.0
UserC,h24_su06,HP,0.0
UserC,h24_su06,AC,0.0
UserC,h24_su06,Storage HW,0.0
UserC,h24_su06,Radiators,0.0
UserC,h24_su06,Floor heating,0.0
UserC,h24_su06,Induction stove,0.0
UserC,h24_su06,Gas stove,0.0
UserC,h24_su06,Gas National Grid,0.0
UserC,h01_su07,PV sys,0.0
UserC,h01_su07,National Grid EE,0.0
UserC,h01_su07,Storage EE,1.2000000000000002
UserC,h01_su07,Gas Boiler,0.0
UserC,h01_su07,HP,0.0
UserC,h01_su07,AC,0.0
UserC,h01_su07,Storage HW,0.0
UserC,h01_su07,Radiators,0.0
UserC,h01_su07,Floor heating,0.0
UserC,h01_su07,Induction stove,0.0
UserC,h01_su07,Gas stove,0.0
UserC,h01_su07,Gas National Grid,0.0
UserC,h02_su07,PV sys,0.0
UserC,h02_su07,National Grid EE,0.0
UserC,h02_su07,Storage EE,1.2000000000000002
UserC,h02_su07,Gas Boiler,0.0
UserC,h02_su07,HP,0.0
UserC,h02_su07,AC,0.0
UserC,h02_su07,Storage HW,0.0
UserC,h02_su07,Radiators,0.0
UserC,h02_su07,Floor heating,0.0
UserC,h02_su07,Induction stove,0.0
UserC,h02_su07,Gas stove,0.0
UserC,h02_su07,Gas National Grid,0.0
UserC,h03_su07,PV sys,0.0
UserC,h03_su07,National Grid EE,0.0
UserC,h03_su07,Storage EE,1.2000000000000002
UserC,h03_su07,Gas Boiler,0.0
UserC,h03_su07,HP,0.0
UserC,h03_su07,AC,0.0
UserC,h03_su07,Storage HW,0.0
UserC,h03_su07,Radiators,0.0
UserC,h03_su07,Floor heating,0.0
UserC,h03_su07,Induction stove,0.0
UserC,h03_su07,Gas stove,0.0
UserC,h03_su07,Gas National Grid,0.0
UserC,h04_su07,PV sys,0.0
UserC,h04_su07,National Grid EE,0.0
UserC,h04_su07,Storage EE,1.2000000000000002
UserC,h04_su07,Gas Boiler,0.0
UserC,h04_su07,HP,0.0
UserC,h04_su07,AC,0.0
UserC,h04_su07,Storage HW,0.0
UserC,h04_su07,Radiators,0.0
UserC,h04_su07,Floor heating,0.0
UserC,h04_su07,Induction stove,0.0
UserC,h04_su07,Gas stove,0.0
UserC,h04_su07,Gas National Grid,0.0
UserC,h05_su07,PV sys,0.0
UserC,h05_su07,National Grid EE,0.0
UserC,h05_su07,Storage EE,1.2000000000000002
UserC,h05_su07,Gas Boiler,0.0
UserC,h05_su07,HP,0.0
UserC,h05_su07,AC,0.0
UserC,h05_su07,Storage HW,0.0
UserC,h05_su07,Radiators,0.0
UserC,h05_su07,Floor heating,0.0
UserC,h05_su07,Induction stove,0.0
UserC,h05_su07,Gas stove,0.0
UserC,h05_su07,Gas National Grid,0.0
UserC,h06_su07,PV sys,0.0
UserC,h06_su07,National Grid EE,0.0
UserC,h06_su07,Storage EE,1.24959
UserC,h06_su07,Gas Boiler,0.0
UserC,h06_su07,HP,0.0
UserC,h06_su07,AC,0.0
UserC,h06_su07,Storage HW,0.0
UserC,h06_su07,Radiators,0.0
UserC,h06_su07,Floor heating,0.0
UserC,h06_su07,Induction stove,0.0
UserC,h06_su07,Gas stove,0.0
UserC,h06_su07,Gas National Grid,0.0
UserC,h07_su07,PV sys,0.0
UserC,h07_su07,National Grid EE,0.0
UserC,h07_su07,Storage EE,1.2918472126662883
UserC,h07_su07,Gas Boiler,0.0
UserC,h07_su07,HP,0.0
UserC,h07_su07,AC,0.0
UserC,h07_su07,Storage HW,0.0
UserC,h07_su07,Radiators,0.0
UserC,h07_su07,Floor heating,0.0
UserC,h07_su07,Induction stove,0.0
UserC,h07_su07,Gas stove,0.0
UserC,h07_su07,Gas National Grid,0.0
UserC,h08_su07,PV sys,0.0
UserC,h08_su07,National Grid EE,0.0
UserC,h08_su07,Storage EE,1.2000000000000002
UserC,h08_su07,Gas Boiler,0.0
UserC,h08_su07,HP,0.0
UserC,h08_su07,AC,0.0
UserC,h08_su07,Storage HW,0.0
UserC,h08_su07,Radiators,0.0
UserC,h08_su07,Floor heating,0.0
UserC,h08_su07,Induction stove,0.0
UserC,h08_su07,Gas stove,0.0
UserC,h08_su07,Gas National Grid,0.0
UserC,h09_su07,PV sys,0.0
UserC,h09_su07,National Grid EE,0.0
UserC,h09_su07,Storage EE,1.220665447029991
UserC,h09_su07,Gas Boiler,0.0
UserC,h09_su07,HP,0.0
UserC,h09_su07,AC,0.0
UserC,h09_su07,Storage HW,0.0
UserC,h09_su07,Radiators,0.0
UserC,h09_su07,Floor heating,0.0
UserC,h09_su07,Induction stove,0.0
UserC,h09_su07,Gas stove,0.0
UserC,h09_su07,Gas National Grid,0.0
UserC,h10_su07,PV sys,0.0
UserC,h10_su07,National Grid EE,0.0
UserC,h10_su07,Storage EE,2.152341084707429
UserC,h10_su07,Gas Boiler,0.0
UserC,h10_su07,HP,0.0
UserC,h10_su07,AC,0.0
UserC,h10_su07,Storage HW,0.0
UserC,h10_su07,Radiators,0.0
UserC,h10_su07,Floor heating,0.0
UserC,h10_su07,Induction stove,0.0
UserC,h10_su07,Gas stove,0.0
UserC,h10_su07,Gas National Grid,0.0
UserC,h11_su07,PV sys,0.0
UserC,h11_su07,National Grid EE,0.0
UserC,h11_su07,Storage EE,3.8702055555374635
UserC,h11_su07,Gas Boiler,0.0
UserC,h11_su07,HP,0.0
UserC,h11_su07,AC,0.0
UserC,h11_su07,Storage HW,0.0
UserC,h11_su07,Radiators,0.0
UserC,h11_su07,Floor heating,0.0
UserC,h11_su07,Induction stove,0.0
UserC,h11_su07,Gas stove,0.0
UserC,h11_su07,Gas National Grid,0.0
UserC,h12_su07,PV sys,0.0
UserC,h12_su07,National Grid EE,0.0
UserC,h12_su07,Storage EE,6.539619046094163
UserC,h12_su07,Gas Boiler,0.0
UserC,h12_su07,HP,0.0
UserC,h12_su07,AC,0.0
UserC,h12_su07,Storage HW,0.0
UserC,h12_su07,Radiators,0.0
UserC,h12_su07,Floor heating,0.0
UserC,h12_su07,Induction stove,0.0
UserC,h12_su07,Gas stove,0.0
UserC,h12_su07,Gas National Grid,0.0
UserC,h13_su07,PV sys,0.0
UserC,h13_su07,National Grid EE,0.0
UserC,h13_su07,Storage EE,8.340272140538868
UserC,h13_su07,Gas Boiler,0.0
UserC,h13_su07,HP,0.0
UserC,h13_su07,AC,0.0
UserC,h13_su07,Storage HW,0.0
UserC,h13_su07,Radiators,0.0
UserC,h13_su07,Floor heating,0.0
UserC,h13_su07,Induction stove,0.0
UserC,h13_su07,Gas stove,0.0
UserC,h13_su07,Gas National Grid,0.0
UserC,h14_su07,PV sys,0.0
UserC,h14_su07,National Grid EE,0.0
UserC,h14_su07,Storage EE,11.399999999999999
UserC,h14_su07,Gas Boiler,0.0
UserC,h14_su07,HP,0.0
UserC,h14_su07,AC,0.0
UserC,h14_su07,Storage HW,0.0
UserC,h14_su07,Radiators,0.0
UserC,h14_su07,Floor heating,0.0
UserC,h14_su07,Induction stove,0.0
UserC,h14_su07,Gas stove,0.0
UserC,h14_su07,Gas National Grid,0.0
UserC,h15_su07,PV sys,0.0
UserC,h15_su07,National Grid EE,0.0
UserC,h15_su07,Storage EE,11.106089746919775
UserC,h15_su07,Gas Boiler,0.0
UserC,h15_su07,HP,0.0
UserC,h15_su07,AC,0.0
UserC,h15_su07,Storage HW,0.0
UserC,h15_su07,Radiators,0.0
UserC,h15_su07,Floor heating,0.0
UserC,h15_su07,Induction stove,0.0
UserC,h15_su07,Gas stove,0.0
UserC,h15_su07,Gas National Grid,0.0
UserC,h16_su07,PV sys,0.0
UserC,h16_su07,National Grid EE,0.0
UserC,h16_su07,Storage EE,11.399999999999999
UserC,h16_su07,Gas Boiler,0.0
UserC,h16_su07,HP,0.0
UserC,h16_su07,AC,0.0
UserC,h16_su07,Storage HW,0.0
UserC,h16_su07,Radiators,0.0
UserC,h16_su07,Floor heating,0.0
UserC,h16_su07,Induction stove,0.0
UserC,h16_su07,Gas stove,0.0
UserC,h16_su07,Gas National Grid,0.0
UserC,h17_su07,PV sys,0.0
UserC,h17_su07,National Grid EE,0.0
UserC,h17_su07,Storage EE,11.399999999999999
UserC,h17_su07,Gas Boiler,0.0
UserC,h17_su07,HP,0.0
UserC,h17_su07,AC,0.0
UserC,h17_su07,Storage HW,0.0
UserC,h17_su07,Radiators,0.0
UserC,h17_su07,Floor heating,0.0
UserC,h17_su07,Induction stove,0.0
UserC,h17_su07,Gas stove,0.0
UserC,h17_su07,Gas National Grid,0.0
UserC,h18_su07,PV sys,0.0
UserC,h18_su07,National Grid EE,0.0
UserC,h18_su07,Storage EE,10.836136725958227
UserC,h18_su07,Gas Boiler,0.0
UserC,h18_su07,HP,0.0
UserC,h18_su07,AC,0.0
UserC,h18_su07,Storage HW,0.0
UserC,h18_su07,Radiators,0.0
UserC,h18_su07,Floor heating,0.0
UserC,h18_su07,Induction stove,0.0
UserC,h18_su07,Gas stove,0.0
UserC,h18_su07,Gas National Grid,0.0
UserC,h19_su07,PV sys,0.0
UserC,h19_su07,National Grid EE,0.0
UserC,h19_su07,Storage EE,10.185819850733381
UserC,h19_su07,Gas Boiler,0.0
UserC,h19_su07,HP,0.0
UserC,h19_su07,AC,0.0
UserC,h19_su07,Storage HW,0.0
UserC,h19_su07,Radiators,0.0
UserC,h19_su07,Floor heating,0.0
UserC,h19_su07,Induction stove,0.0
UserC,h19_su07,Gas stove,0.0
UserC,h19_su07,Gas National Grid,0.0
UserC,h20_su07,PV sys,0.0
UserC,h20_su07,National Grid EE,0.0
UserC,h20_su07,Storage EE,8.810308081683875
UserC,h20_su07,Gas Boiler,0.0
UserC,h20_su07,HP,0.0
UserC,h20_su07,AC,0.0
UserC,h20_su07,Storage HW,0.0
UserC,h20_su07,Radiators,0.0
UserC,h20_su07,Floor heating,0.0
UserC,h20_su07,Induction stove,0.0
UserC,h20_su07,Gas stove,0.0
UserC,h20_su07,Gas National Grid,0.0
UserC,h21_su07,PV sys,0.0
UserC,h21_su07,National Grid EE,0.0
UserC,h21_su07,Storage EE,7.705285542019169
UserC,h21_su07,Gas Boiler,0.0
UserC,h21_su07,HP,0.0
UserC,h21_su07,AC,0.0
UserC,h21_su07,Storage HW,0.0
UserC,h21_su07,Radiators,0.0
UserC,h21_su07,Floor heating,0.0
UserC,h21_su07,Induction stove,0.0
UserC,h21_su07,Gas stove,0.0
UserC,h21_su07,Gas National Grid,0.0
UserC,h22_su07,PV sys,0.0
UserC,h22_su07,National Grid EE,0.0
UserC,h22_su07,Storage EE,6.6010730733348835
UserC,h22_su07,Gas Boiler,0.0
UserC,h22_su07,HP,0.0
UserC,h22_su07,AC,0.0
UserC,h22_su07,Storage HW,0.0
UserC,h22_su07,Radiators,0.0
UserC,h22_su07,Floor heating,0.0
UserC,h22_su07,Induction stove,0.0
UserC,h22_su07,Gas stove,0.0
UserC,h22_su07,Gas National Grid,0.0
UserC,h23_su07,PV sys,0.0
UserC,h23_su07,National Grid EE,0.0
UserC,h23_su07,Storage EE,5.5146235634540375
UserC,h23_su07,Gas Boiler,0.0
UserC,h23_su07,HP,0.0
UserC,h23_su07,AC,0.0
UserC,h23_su07,Storage HW,0.0
UserC,h23_su07,Radiators,0.0
UserC,h23_su07,Floor heating,0.0
UserC,h23_su07,Induction stove,0.0
UserC,h23_su07,Gas stove,0.0
UserC,h23_su07,Gas National Grid,0.0
UserC,h24_su07,PV sys,0.0
UserC,h24_su07,National Grid EE,0.0
UserC,h24_su07,Storage EE,5.094506405504825
UserC,h24_su07,Gas Boiler,0.0
UserC,h24_su07,HP,0.0
UserC,h24_su07,AC,0.0
UserC,h24_su07,Storage HW,0.0
UserC,h24_su07,Radiators,0.0
UserC,h24_su07,Floor heating,0.0
UserC,h24_su07,Induction stove,0.0
UserC,h24_su07,Gas stove,0.0
UserC,h24_su07,Gas National Grid,0.0
UserC,h01_su08,PV sys,0.0
UserC,h01_su08,National Grid EE,0.0
UserC,h01_su08,Storage EE,4.526471033732547
UserC,h01_su08,Gas Boiler,0.0
UserC,h01_su08,HP,0.0
UserC,h01_su08,AC,0.0
UserC,h01_su08,Storage HW,0.0
UserC,h01_su08,Radiators,0.0
UserC,h01_su08,Floor heating,0.0
UserC,h01_su08,Induction stove,0.0
UserC,h01_su08,Gas stove,0.0
UserC,h01_su08,Gas National Grid,0.0
UserC,h02_su08,PV sys,0.0
UserC,h02_su08,National Grid EE,0.0
UserC,h02_su08,Storage EE,4.309138247645889
UserC,h02_su08,Gas Boiler,0.0
UserC,h02_su08,HP,0.0
UserC,h02_su08,AC,0.0
UserC,h02_su08,Storage HW,0.0
UserC,h02_su08,Radiators,0.0
UserC,h02_su08,Floor heating,0.0
UserC,h02_su08,Induction stove,0.0
UserC,h02_su08,Gas stove,0.0
UserC,h02_su08,Gas National Grid,0.0
UserC,h03_su08,PV sys,0.0
UserC,h03_su08,National Grid EE,0.0
UserC,h03_su08,Storage EE,4.050568964733496
UserC,h03_su08,Gas Boiler,0.0
UserC,h03_su08,HP,0.0
UserC,h03_su08,AC,0.0
UserC,h03_su08,Storage HW,0.0
UserC,h03_su08,Radiators,0.0
UserC,h03_su08,Floor heating,0.0
UserC,h03_su08,Induction stove,0.0
UserC,h03_su08,Gas stove,0.0
UserC,h03_su08,Gas National Grid,0.0
UserC,h04_su08,PV sys,0.0
UserC,h04_su08,National Grid EE,0.0
UserC,h04_su08,Storage EE,3.800501580641125
UserC,h04_su08,Gas Boiler,0.0
UserC,h04_su08,HP,0.0
UserC,h04_su08,AC,0.0
UserC,h04_su08,Storage HW,0.0
UserC,h04_su08,Radiators,0.0
UserC,h04_su08,Floor heating,0.0
UserC,h04_su08,Induction stove,0.0
UserC,h04_su08,Gas stove,0.0
UserC,h04_su08,Gas National Grid,0.0
UserC,h05_su08,PV sys,0.0
UserC,h05_su08,National Grid EE,0.0
UserC,h05_su08,Storage EE,3.5936183483014785
UserC,h05_su08,Gas Boiler,0.0
UserC,h05_su08,HP,0.0
UserC,h05_su08,AC,0.0
UserC,h05_su08,Storage HW,0.0
UserC,h05_su08,Radiators,0.0
UserC,h05_su08,Floor heating,0.0
UserC,h05_su08,Induction stove,0.0
UserC,h05_su08,Gas stove,0.0
UserC,h05_su08,Gas National Grid,0.0
UserC,h06_su08,PV sys,0.0
UserC,h06_su08,National Grid EE,0.0
UserC,h06_su08,Storage EE,3.4335889739131984
UserC,h06_su08,Gas Boiler,0.0
UserC,h06_su08,HP,0.0
UserC,h06_su08,AC,0.0
UserC,h06_su08,Storage HW,0.0
UserC,h06_su08,Radiators,0.0
UserC,h06_su08,Floor heating,0.0
UserC,h06_su08,Induction stove,0.0
UserC,h06_su08,Gas stove,0.0
UserC,h06_su08,Gas National Grid,0.0
UserC,h07_su08,PV sys,0.0
UserC,h07_su08,National Grid EE,0.0
UserC,h07_su08,Storage EE,1.2000000000000002
UserC,h07_su08,Gas Boiler,0.0
UserC,h07_su08,HP,0.0
UserC,h07_su08,AC,0.0
UserC,h07_su08,Storage HW,0.0
UserC,h07_su08,Radiators,0.0
UserC,h07_su08,Floor heating,0.0
UserC,h07_su08,Induction stove,0.0
UserC,h07_su08,Gas stove,0.0
UserC,h07_su08,Gas National Grid,0.0
UserC,h08_su08,PV sys,0.0
UserC,h08_su08,National Grid EE,0.0
UserC,h08_su08,Storage EE,1.2000000000000002
UserC,h08_su08,Gas Boiler,0.0
UserC,h08_su08,HP,0.0
UserC,h08_su08,AC,0.0
UserC,h08_su08,Storage HW,0.0
UserC,h08_su08,Radiators,0.0
UserC,h08_su08,Floor heating,0.0
UserC,h08_su08,Induction stove,0.0
UserC,h08_su08,Gas stove,0.0
UserC,h08_su08,Gas National Grid,0.0
UserC,h09_su08,PV sys,0.0
UserC,h09_su08,National Grid EE,0.0
UserC,h09_su08,Storage EE,3.3207831019064153
UserC,h09_su08,Gas Boiler,0.0
UserC,h09_su08,HP,0.0
UserC,h09_su08,AC,0.0
UserC,h09_su08,Storage HW,0.0
UserC,h09_su08,Radiators,0.0
UserC,h09_su08,Floor heating,0.0
UserC,h09_su08,Induction stove,0.0
UserC,h09_su08,Gas stove,0.0
UserC,h09_su08,Gas National Grid,0.0
UserC,h10_su08,PV sys,0.0
UserC,h10_su08,National Grid EE,0.0
UserC,h10_su08,Storage EE,3.0794623140697865
UserC,h10_su08,Gas Boiler,0.0
UserC,h10_su08,HP,0.0
UserC,h10_su08,AC,0.0
UserC,h10_su08,Storage HW,0.0
UserC,h10_su08,Radiators,0.0
UserC,h10_su08,Floor heating,0.0
UserC,h10_su08,Induction stove,0.0
UserC,h10_su08,Gas stove,0.0
UserC,h10_su08,Gas National Grid,0.0
UserC,h11_su08,PV sys,0.0
UserC,h11_su08,National Grid EE,0.0
UserC,h11_su08,Storage EE,3.395431050920712
UserC,h11_su08,Gas Boiler,0.0
UserC,h11_su08,HP,0.0
UserC,h11_su08,AC,0.0
UserC,h11_su08,Storage HW,0.0
UserC,h11_su08,Radiators,0.0
UserC,h11_su08,Floor heating,0.0
UserC,h11_su08,Induction stove,0.0
UserC,h11_su08,Gas stove,0.0
UserC,h11_su08,Gas National Grid,0.0
UserC,h12_su08,PV sys,0.0
UserC,h12_su08,National Grid EE,0.0
UserC,h12_su08,Storage EE,4.22308611122603
UserC,h12_su08,Gas Boiler,0.0
UserC,h12_su08,HP,0.0
UserC,h12_su08,AC,0.0
UserC,h12_su08,Storage HW,0.0
UserC,h12_su08,Radiators,0.0
UserC,h12_su08,Floor heating,0.0
UserC,h12_su08,Induction stove,0.0
UserC,h12_su08,Gas stove,0.0
UserC,h12_su08,Gas National Grid,0.0
UserC,h13_su08,PV sys,0.0
UserC,h13_su08,National Grid EE,0.0
UserC,h13_su08,Storage EE,4.9997184210116945
UserC,h13_su08,Gas Boiler,0.0
UserC,h13_su08,HP,0.0
UserC,h13_su08,AC,0.0
UserC,h13_su08,Storage HW,0.0
UserC,h13_su08,Radiators,0.0
UserC,h13_su08,Floor heating,0.0
UserC,h13_su08,Induction stove,0.0
UserC,h13_su08,Gas stove,0.0
UserC,h13_su08,Gas National Grid,0.0
UserC,h14_su08,PV sys,0.0
UserC,h14_su08,National Grid EE,0.0
UserC,h14_su08,Storage EE,8.3474315881977
UserC,h14_su08,Gas Boiler,0.0
UserC,h14_su08,HP,0.0
UserC,h14_su08,AC,0.0
UserC,h14_su08,Storage HW,0.0
UserC,h14_su08,Radiators,0.0
UserC,h14_su08,Floor heating,0.0
UserC,h14_su08,Induction stove,0.0
UserC,h14_su08,Gas stove,0.0
UserC,h14_su08,Gas National Grid,0.0
UserC,h15_su08,PV sys,0.0
UserC,h15_su08,National Grid EE,0.0
UserC,h15_su08,Storage EE,8.25355744862998
UserC,h15_su08,Gas Boiler,0.0
UserC,h15_su08,HP,0.0
UserC,h15_su08,AC,0.0
UserC,h15_su08,Storage HW,0.0
UserC,h15_su08,Radiators,0.0
UserC,h15_su08,Floor heating,0.0
UserC,h15_su08,Induction stove,0.0
UserC,h15_su08,Gas stove,0.0
UserC,h15_su08,Gas National Grid,0.0
UserC,h16_su08,PV sys,0.0
UserC,h16_su08,National Grid EE,0.0
UserC,h16_su08,Storage EE,10.323518841497194
UserC,h16_su08,Gas Boiler,0.0
UserC,h16_su08,HP,0.0
UserC,h16_su08,AC,0.0
UserC,h16_su08,Storage HW,0.0
UserC,h16_su08,Radiators,0.0
UserC,h16_su08,Floor heating,0.0
UserC,h16_su08,Induction stove,0.0
UserC,h16_su08,Gas stove,0.0
UserC,h16_su08,Gas National Grid,0.0
UserC,h17_su08,PV sys,0.0
UserC,h17_su08,National Grid EE,0.0
UserC,h17_su08,Storage EE,11.332057965057858
UserC,h17_su08,Gas Boiler,0.0
UserC,h17_su08,HP,0.0
UserC,h17_su08,AC,0.0
UserC,h17_su08,Storage HW,0.0
UserC,h17_su08,Radiators,0.0
UserC,h17_su08,Floor heating,0.0
UserC,h17_su08,Induction stove,0.0
UserC,h17_su08,Gas stove,0.0
UserC,h17_su08,Gas National Grid,0.0
UserC,h18_su08,PV sys,0.0
UserC,h18_su08,National Grid EE,0.0
UserC,h18_su08,Storage EE,11.302328254010844
UserC,h18_su08,Gas Boiler,0.0
UserC,h18_su08,HP,0.0
UserC,h18_su08,AC,0.0
UserC,h18_su08,Storage HW,0.0
UserC,h18_su08,Radiators,0.0
UserC,h18_su08,Floor heating,0.0
UserC,h18_su08,Induction stove,0.0
UserC,h18_su08,Gas stove,0.0
UserC,h18_su08,Gas National Grid,0.0
UserC,h19_su08,PV sys,0.0
UserC,h19_su08,National Grid EE,0.0
UserC,h19_su08,Storage EE,10.834976437490958
UserC,h19_su08,Gas Boiler,0.0
UserC,h19_su08,HP,0.0
UserC,h19_su08,AC,0.0
UserC,h19_su08,Storage HW,0.0
UserC,h19_su08,Radiators,0.0
UserC,h19_su08,Floor heating,0.0
UserC,h19_su08,Induction stove,0.0
UserC,h19_su08,Gas stove,0.0
UserC,h19_su08,Gas National Grid,0.0
UserC,h20_su08,PV sys,0.0
UserC,h20_su08,National Grid EE,0.0
UserC,h20_su08,Storage EE,9.642339429940654
UserC,h20_su08,Gas Boiler,0.0
UserC,h20_su08,HP,0.0
UserC,h20_su08,AC,0.0
UserC,h20_su08,Storage HW,0.0
UserC,h20_su08,Radiators,0.0
UserC,h20_su08,Floor heating,0.0
UserC,h20_su08,Induction stove,0.0
UserC,h20_su08,Gas stove,0.0
UserC,h20_su08,Gas National Grid,0.0
UserC,h21_su08,PV sys,0.0
UserC,h21_su08,National Grid EE,0.0
UserC,h21_su08,Storage EE,8.880442008791546
UserC,h21_su08,Gas Boiler,0.0
UserC,h21_su08,HP,0.0
UserC,h21_su08,AC,0.0
UserC,h21_su08,Storage HW,0.0
UserC,h21_su08,Radiators,0.0
UserC,h21_su08,Floor heating,0.0
UserC,h21_su08,Induction stove,0.0
UserC,h21_su08,Gas stove,0.0
UserC,h21_su08,Gas National Grid,0.0
UserC,h22_su08,PV sys,0.0
UserC,h22_su08,National Grid EE,0.0
UserC,h22_su08,Storage EE,7.6422698848636115
UserC,h22_su08,Gas Boiler,0.0
UserC,h22_su08,HP,0.0
UserC,h22_su08,AC,0.0
UserC,h22_su08,Storage HW,0.0
UserC,h22_su08,Radiators,0.0
UserC,h22_su08,Floor heating,0.0
UserC,h22_su08,Induction stove,0.0
UserC,h22_su08,Gas stove,0.0
UserC,h22_su08,Gas National Grid,0.0
UserC,h23_su08,PV sys,0.0
UserC,h23_su08,National Grid EE,0.0
UserC,h23_su08,Storage EE,6.706095623694772
UserC,h23_su08,Gas Boiler,0.0
UserC,h23_su08,HP,0.0
UserC,h23_su08,AC,0.0
UserC,h23_su08,Storage HW,0.0
UserC,h23_su08,Radiators,0.0
UserC,h23_su08,Floor heating,0.0
UserC,h23_su08,Induction stove,0.0
UserC,h23_su08,Gas stove,0.0
UserC,h23_su08,Gas National Grid,0.0
UserC,h24_su08,PV sys,0.0
UserC,h24_su08,National Grid EE,0.0
UserC,h24_su08,Storage EE,5.9624166570413895
UserC,h24_su08,Gas Boiler,0.0
UserC,h24_su08,HP,0.0
UserC,h24_su08,AC,0.0
UserC,h24_su08,Storage HW,0.0
UserC,h24_su08,Radiators,0.0
UserC,h24_su08,Floor heating,0.0
UserC,h24_su08,Induction stove,0.0
UserC,h24_su08,Gas stove,0.0
UserC,h24_su08,Gas National Grid,0.0
UserC,h01_su09,PV sys,0.0
UserC,h01_su09,National Grid EE,0.0
UserC,h01_su09,Storage EE,5.592445533886218
UserC,h01_su09,Gas Boiler,0.0
UserC,h01_su09,HP,0.0
UserC,h01_su09,AC,0.0
UserC,h01_su09,Storage HW,0.0
UserC,h01_su09,Radiators,0.0
UserC,h01_su09,Floor heating,0.0
UserC,h01_su09,Induction stove,0.0
UserC,h01_su09,Gas stove,0.0
UserC,h01_su09,Gas National Grid,0.0
UserC,h02_su09,PV sys,0.0
UserC,h02_su09,National Grid EE,0.0
UserC,h02_su09,Storage EE,5.35732395109499
UserC,h02_su09,Gas Boiler,0.0
UserC,h02_su09,HP,0.0
UserC,h02_su09,AC,0.0
UserC,h02_su09,Storage HW,0.0
UserC,h02_su09,Radiators,0.0
UserC,h02_su09,Floor heating,0.0
UserC,h02_su09,Induction stove,0.0
UserC,h02_su09,Gas stove,0.0
UserC,h02_su09,Gas National Grid,0.0
UserC,h03_su09,PV sys,0.0
UserC,h03_su09,National Grid EE,0.0
UserC,h03_su09,Storage EE,5.101576853150602
UserC,h03_su09,Gas Boiler,0.0
UserC,h03_su09,HP,0.0
UserC,h03_su09,AC,0.0
UserC,h03_su09,Storage HW,0.0
UserC,h03_su09,Radiators,0.0
UserC,h03_su09,Floor heating,0.0
UserC,h03_su09,Induction stove,0.0
UserC,h03_su09,Gas stove,0.0
UserC,h03_su09,Gas National Grid,0.0
UserC,h04_su09,PV sys,0.0
UserC,h04_su09,National Grid EE,0.0
UserC,h04_su09,Storage EE,4.7629657102855845
UserC,h04_su09,Gas Boiler,0.0
UserC,h04_su09,HP,0.0
UserC,h04_su09,AC,0.0
UserC,h04_su09,Storage HW,0.0
UserC,h04_su09,Radiators,0.0
UserC,h04_su09,Floor heating,0.0
UserC,h04_su09,Induction stove,0.0
UserC,h04_su09,Gas stove,0.0
UserC,h04_su09,Gas National Grid,0.0
UserC,h05_su09,PV sys,0.0
UserC,h05_su09,National Grid EE,0.0
UserC,h05_su09,Storage EE,1.6096238460686538
UserC,h05_su09,Gas Boiler,0.0
UserC,h05_su09,HP,0.0
UserC,h05_su09,AC,0.0
UserC,h05_su09,Storage HW,0.0
UserC,h05_su09,Radiators,0.0
UserC,h05_su09,Floor heating,0.0
UserC,h05_su09,Induction stove,0.0
UserC,h05_su09,Gas stove,0.0
UserC,h05_su09,Gas National Grid,0.0
UserC,h06_su09,PV sys,0.0
UserC,h06_su09,National Grid EE,0.0
UserC,h06_su09,Storage EE,1.3729429417866625
UserC,h06_su09,Gas Boiler,0.0
UserC,h06_su09,HP,0.0
UserC,h06_su09,AC,0.0
UserC,h06_su09,Storage HW,0.0
UserC,h06_su09,Radiators,0.0
UserC,h06_su09,Floor heating,0.0
UserC,h06_su09,Induction stove,0.0
UserC,h06_su09,Gas stove,0.0
UserC,h06_su09,Gas National Grid,0.0
UserC,h07_su09,PV sys,0.0
UserC,h07_su09,National Grid EE,0.0
UserC,h07_su09,Storage EE,1.2000000000000002
UserC,h07_su09,Gas Boiler,0.0
UserC,h07_su09,HP,0.0
UserC,h07_su09,AC,0.0
UserC,h07_su09,Storage HW,0.0
UserC,h07_su09,Radiators,0.0
UserC,h07_su09,Floor heating,0.0
UserC,h07_su09,Induction stove,0.0
UserC,h07_su09,Gas stove,0.0
UserC,h07_su09,Gas National Grid,0.0
UserC,h08_su09,PV sys,0.0
UserC,h08_su09,National Grid EE,0.0
UserC,h08_su09,Storage EE,1.8235657854775598
UserC,h08_su09,Gas Boiler,0.0
UserC,h08_su09,HP,0.0
UserC,h08_su09,AC,0.0
UserC,h08_su09,Storage HW,0.0
UserC,h08_su09,Radiators,0.0
UserC,h08_su09,Floor heating,0.0
UserC,h08_su09,Induction stove,0.0
UserC,h08_su09,Gas stove,0.0
UserC,h08_su09,Gas National Grid,0.0
UserC,h09_su09,PV sys,0.0
UserC,h09_su09,National Grid EE,0.0
UserC,h09_su09,Storage EE,1.8180674782881079
UserC,h09_su09,Gas Boiler,0.0
UserC,h09_su09,HP,0.0
UserC,h09_su09,AC,0.0
UserC,h09_su09,Storage HW,0.0
UserC,h09_su09,Radiators,0.0
UserC,h09_su09,Floor heating,0.0
UserC,h09_su09,Induction stove,0.0
UserC,h09_su09,Gas stove,0.0
UserC,h09_su09,Gas National Grid,0.0
UserC,h10_su09,PV sys,0.0
UserC,h10_su09,National Grid EE,0.0
UserC,h10_su09,Storage EE,4.862090540211629
UserC,h10_su09,Gas Boiler,0.0
UserC,h10_su09,HP,0.0
UserC,h10_su09,AC,0.0
UserC,h10_su09,Storage HW,0.0
UserC,h10_su09,Radiators,0.0
UserC,h10_su09,Floor heating,0.0
UserC,h10_su09,Induction stove,0.0
UserC,h10_su09,Gas stove,0.0
UserC,h10_su09,Gas National Grid,0.0
UserC,h11_su09,PV sys,0.0
UserC,h11_su09,National Grid EE,0.0
UserC,h11_su09,Storage EE,5.477378032332483
UserC,h11_su09,Gas Boiler,0.0
UserC,h11_su09,HP,0.0
UserC,h11_su09,AC,0.0
UserC,h11_su09,Storage HW,0.0
UserC,h11_su09,Radiators,0.0
UserC,h11_su09,Floor heating,0.0
UserC,h11_su09,Induction stove,0.0
UserC,h11_su09,Gas stove,0.0
UserC,h11_su09,Gas National Grid,0.0
UserC,h12_su09,PV sys,0.0
UserC,h12_su09,National Grid EE,0.0
UserC,h12_su09,Storage EE,6.320983955600534
UserC,h12_su09,Gas Boiler,0.0
UserC,h12_su09,HP,0.0
UserC,h12_su09,AC,0.0
UserC,h12_su09,Storage HW,0.0
UserC,h12_su09,Radiators,0.0
UserC,h12_su09,Floor heating,0.0
UserC,h12_su09,Induction stove,0.0
UserC,h12_su09,Gas stove,0.0
UserC,h12_su09,Gas National Grid,0.0
UserC,h13_su09,PV sys,0.0
UserC,h13_su09,National Grid EE,0.0
UserC,h13_su09,Storage EE,7.044749918190011
UserC,h13_su09,Gas Boiler,0.0
UserC,h13_su09,HP,0.0
UserC,h13_su09,AC,0.0
UserC,h13_su09,Storage HW,0.0
UserC,h13_su09,Radiators,0.0
UserC,h13_su09,Floor heating,0.0
UserC,h13_su09,Induction stove,0.0
UserC,h13_su09,Gas stove,0.0
UserC,h13_su09,Gas National Grid,0.0
UserC,h14_su09,PV sys,0.0
UserC,h14_su09,National Grid EE,0.0
UserC,h14_su09,Storage EE,7.54696625817279
UserC,h14_su09,Gas Boiler,0.0
UserC,h14_su09,HP,0.0
UserC,h14_su09,AC,0.0
UserC,h14_su09,Storage HW,0.0
UserC,h14_su09,Radiators,0.0
UserC,h14_su09,Floor heating,0.0
UserC,h14_su09,Induction stove,0.0
UserC,h14_su09,Gas stove,0.0
UserC,h14_su09,Gas National Grid,0.0
UserC,h15_su09,PV sys,0.0
UserC,h15_su09,National Grid EE,0.0
UserC,h15_su09,Storage EE,7.325980564228859
UserC,h15_su09,Gas Boiler,0.0
UserC,h15_su09,HP,0.0
UserC,h15_su09,AC,0.0
UserC,h15_su09,Storage HW,0.0
UserC,h15_su09,Radiators,0.0
UserC,h15_su09,Floor heating,0.0
UserC,h15_su09,Induction stove,0.0
UserC,h15_su09,Gas stove,0.0
UserC,h15_su09,Gas National Grid,0.0
UserC,h16_su09,PV sys,0.0
UserC,h16_su09,National Grid EE,0.0
UserC,h16_su09,Storage EE,9.402122198257652
UserC,h16_su09,Gas Boiler,0.0
UserC,h16_su09,HP,0.0
UserC,h16_su09,AC,0.0
UserC,h16_su09,Storage HW,0.0
UserC,h16_su09,Radiators,0.0
UserC,h16_su09,Floor heating,0.0
UserC,h16_su09,Induction stove,0.0
UserC,h16_su09,Gas stove,0.0
UserC,h16_su09,Gas National Grid,0.0
UserC,h17_su09,PV sys,0.0
UserC,h17_su09,National Grid EE,0.0
UserC,h17_su09,Storage EE,10.381347251595903
UserC,h17_su09,Gas Boiler,0.0
UserC,h17_su09,HP,0.0
UserC,h17_su09,AC,0.0
UserC,h17_su09,Storage HW,0.0
UserC,h17_su09,Radiators,0.0
UserC,h17_su09,Floor heating,0.0
UserC,h17_su09,Induction stove,0.0
UserC,h17_su09,Gas stove,0.0
UserC,h17_su09,Gas National Grid,0.0
UserC,h18_su09,PV sys,0.0
UserC,h18_su09,National Grid EE,0.0
UserC,h18_su09,Storage EE,10.277464497975336
UserC,h18_su09,Gas Boiler,0.0
UserC,h18_su09,HP,0.0
UserC,h18_su09,AC,0.0
UserC,h18_su09,Storage HW,0.0
UserC,h18_su09,Radiators,0.0
UserC,h18_su09,Floor heating,0.0
UserC,h18_su09,Induction stove,0.0
UserC,h18_su09,Gas stove,0.0
UserC,h18_su09,Gas National Grid,0.0
UserC,h19_su09,PV sys,0.0
UserC,h19_su09,National Grid EE,0.0
UserC,h19_su09,Storage EE,9.180985252691126
UserC,h19_su09,Gas Boiler,0.0
UserC,h19_su09,HP,0.0
UserC,h19_su09,AC,0.0
UserC,h19_su09,Storage HW,0.0
UserC,h19_su09,Radiators,0.0
UserC,h19_su09,Floor heating,0.0
UserC,h19_su09,Induction stove,0.0
UserC,h19_su09,Gas stove,0.0
UserC,h19_su09,Gas National Grid,0.0
UserC,h20_su09,PV sys,0.0
UserC,h20_su09,National Grid EE,0.0
UserC,h20_su09,Storage EE,8.493195708087779
UserC,h20_su09,Gas Boiler,0.0
UserC,h20_su09,HP,0.0
UserC,h20_su09,AC,0.0
UserC,h20_su09,Storage HW,0.0
UserC,h20_su09,Radiators,0.0
UserC,h20_su09,Floor heating,0.0
UserC,h20_su09,Induction stove,0.0
UserC,h20_su09,Gas stove,0.0
UserC,h20_su09,Gas National Grid,0.0
UserC,h21_su09,PV sys,0.0
UserC,h21_su09,National Grid EE,0.0
UserC,h21_su09,Storage EE,7.853642488666588
UserC,h21_su09,Gas Boiler,0.0
UserC,h21_su09,HP,0.0
UserC,h21_su09,AC,0.0
UserC,h21_su09,Storage HW,0.0
UserC,h21_su09,Radiators,0.0
UserC,h21_su09,Floor heating,0.0
UserC,h21_su09,Induction stove,0.0
UserC,h21_su09,Gas stove,0.0
UserC,h21_su09,Gas National Grid,0.0
UserC,h22_su09,PV sys,0.0
UserC,h22_su09,National Grid EE,0.0
UserC,h22_su09,Storage EE,6.777323167902863
UserC,h22_su09,Gas Boiler,0.0
UserC,h22_su09,HP,0.0
UserC,h22_su09,AC,0.0
UserC,h22_su09,Storage HW,0.0
UserC,h22_su09,Radiators,0.0
UserC,h22_su09,Floor heating,0.0
UserC,h22_su09,Induction stove,0.0
UserC,h22_su09,Gas stove,0.0
UserC,h22_su09,Gas National Grid,0.0
UserC,h23_su09,PV sys,0.0
UserC,h23_su09,National Grid EE,0.0
UserC,h23_su09,Storage EE,5.782860074564124
UserC,h23_su09,Gas Boiler,0.0
UserC,h23_su09,HP,0.0
UserC,h23_su09,AC,0.0
UserC,h23_su09,Storage HW,0.0
UserC,h23_su09,Radiators,0.0
UserC,h23_su09,Floor heating,0.0
UserC,h23_su09,Induction stove,0.0
UserC,h23_su09,Gas stove,0.0
UserC,h23_su09,Gas National Grid,0.0
UserC,h24_su09,PV sys,0.0
UserC,h24_su09,National Grid EE,0.0
UserC,h24_su09,Storage EE,2.2848100996199516
UserC,h24_su09,Gas Boiler,0.0
UserC,h24_su09,HP,0.0
UserC,h24_su09,AC,0.0
UserC,h24_su09,Storage HW,0.0
UserC,h24_su09,Radiators,0.0
UserC,h24_su09,Floor heating,0.0
UserC,h24_su09,Induction stove,0.0
UserC,h24_su09,Gas stove,0.0
UserC,h24_su09,Gas National Grid,0.0
UserC,h01_su10,PV sys,0.0
UserC,h01_su10,National Grid EE,0.0
UserC,h01_su10,Storage EE,2.0584454662876865
UserC,h01_su10,Gas Boiler,0.0
UserC,h01_su10,HP,0.0
UserC,h01_su10,AC,0.0
UserC,h01_su10,Storage HW,0.0
UserC,h01_su10,Radiators,0.0
UserC,h01_su10,Floor heating,0.0
UserC,h01_su10,Induction stove,0.0
UserC,h01_su10,Gas stove,0.0
UserC,h01_su10,Gas National Grid,0.0
UserC,h02_su10,PV sys,0.0
UserC,h02_su10,National Grid EE,0.0
UserC,h02_su10,Storage EE,1.8591020152116313
UserC,h02_su10,Gas Boiler,0.0
UserC,h02_su10,HP,0.0
UserC,h02_su10,AC,0.0
UserC,h02_su10,Storage HW,0.0
UserC,h02_su10,Radiators,0.0
UserC,h02_su10,Floor heating,0.0
UserC,h02_su10,Induction stove,0.0
UserC,h02_su10,Gas stove,0.0
UserC,h02_su10,Gas National Grid,0.0
UserC,h03_su10,PV sys,0.0
UserC,h03_su10,National Grid EE,0.0
UserC,h03_su10,Storage EE,1.6343565926662507
UserC,h03_su10,Gas Boiler,0.0
UserC,h03_su10,HP,0.0
UserC,h03_su10,AC,0.0
UserC,h03_su10,Storage HW,0.0
UserC,h03_su10,Radiators,0.0
UserC,h03_su10,Floor heating,0.0
UserC,h03_su10,Induction stove,0.0
UserC,h03_su10,Gas stove,0.0
UserC,h03_su10,Gas National Grid,0.0
UserC,h04_su10,PV sys,0.0
UserC,h04_su10,National Grid EE,0.0
UserC,h04_su10,Storage EE,1.4117824491045465
UserC,h04_su10,Gas Boiler,0.0
UserC,h04_su10,HP,0.0
UserC,h04_su10,AC,0.0
UserC,h04_su10,Storage HW,0.0
UserC,h04_su10,Radiators,0.0
UserC,h04_su10,Floor heating,0.0
UserC,h04_su10,Induction stove,0.0
UserC,h04_su10,Gas stove,0.0
UserC,h04_su10,Gas National Grid,0.0
UserC,h05_su10,PV sys,0.0
UserC,h05_su10,National Grid EE,0.0
UserC,h05_su10,Storage EE,1.2364270240005566
UserC,h05_su10,Gas Boiler,0.0
UserC,h05_su10,HP,0.0
UserC,h05_su10,AC,0.0
UserC,h05_su10,Storage HW,0.0
UserC,h05_su10,Radiators,0.0
UserC,h05_su10,Floor heating,0.0
UserC,h05_su10,Induction stove,0.0
UserC,h05_su10,Gas stove,0.0
UserC,h05_su10,Gas National Grid,0.0
UserC,h06_su10,PV sys,0.0
UserC,h06_su10,National Grid EE,0.0
UserC,h06_su10,Storage EE,1.2000000000000002
UserC,h06_su10,Gas Boiler,0.0
UserC,h06_su10,HP,0.0
UserC,h06_su10,AC,0.0
UserC,h06_su10,Storage HW,0.0
UserC,h06_su10,Radiators,0.0
UserC,h06_su10,Floor heating,0.0
UserC,h06_su10,Induction stove,0.0
UserC,h06_su10,Gas stove,0.0
UserC,h06_su10,Gas National Grid,0.0
UserC,h07_su10,PV sys,0.0
UserC,h07_su10,National Grid EE,0.0
UserC,h07_su10,Storage EE,1.4709519342150028
UserC,h07_su10,Gas Boiler,0.0
UserC,h07_su10,HP,0.0
UserC,h07_su10,AC,0.0
UserC,h07_su10,Storage HW,0.0
UserC,h07_su10,Radiators,0.0
UserC,h07_su10,Floor heating,0.0
UserC,h07_su10,Induction stove,0.0
UserC,h07_su10,Gas stove,0.0
UserC,h07_su10,Gas National Grid,0.0
UserC,h08_su10,PV sys,0.0
UserC,h08_su10,National Grid EE,0.0
UserC,h08_su10,Storage EE,1.7327293140082496
UserC,h08_su10,Gas Boiler,0.0
UserC,h08_su10,HP,0.0
UserC,h08_su10,AC,0.0
UserC,h08_su10,Storage HW,0.0
UserC,h08_su10,Radiators,0.0
UserC,h08_su10,Floor heating,0.0
UserC,h08_su10,Induction stove,0.0
UserC,h08_su10,Gas stove,0.0
UserC,h08_su10,Gas National Grid,0.0
UserC,h09_su10,PV sys,0.0
UserC,h09_su10,National Grid EE,0.0
UserC,h09_su10,Storage EE,3.0624598900301656
UserC,h09_su10,Gas Boiler,0.0
UserC,h09_su10,HP,0.0
UserC,h09_su10,AC,0.0
UserC,h09_su10,Storage HW,0.0
UserC,h09_su10,Radiators,0.0
UserC,h09_su10,Floor heating,0.0
UserC,h09_su10,Induction stove,0.0
UserC,h09_su10,Gas stove,0.0
UserC,h09_su10,Gas National Grid,0.0
UserC,h10_su10,PV sys,0.0
UserC,h10_su10,National Grid EE,0.0
UserC,h10_su10,Storage EE,5.457182473349106
UserC,h10_su10,Gas Boiler,0.0
UserC,h10_su10,HP,0.0
UserC,h10_su10,AC,0.0
UserC,h10_su10,Storage HW,0.0
UserC,h10_su10,Radiators,0.0
UserC,h10_su10,Floor heating,0.0
UserC,h10_su10,Induction stove,0.0
UserC,h10_su10,Gas stove,0.0
UserC,h10_su10,Gas National Grid,0.0
UserC,h11_su10,PV sys,0.0
UserC,h11_su10,National Grid EE,0.0
UserC,h11_su10,Storage EE,7.32763270403149
UserC,h11_su10,Gas Boiler,0.0
UserC,h11_su10,HP,0.0
UserC,h11_su10,AC,0.0
UserC,h11_su10,Storage HW,0.0
UserC,h11_su10,Radiators,0.0
UserC,h11_su10,Floor heating,0.0
UserC,h11_su10,Induction stove,0.0
UserC,h11_su10,Gas stove,0.0
UserC,h11_su10,Gas National Grid,0.0
UserC,h12_su10,PV sys,0.0
UserC,h12_su10,National Grid EE,0.0
UserC,h12_su10,Storage EE,9.675751418475706
UserC,h12_su10,Gas Boiler,0.0
UserC,h12_su10,HP,0.0
UserC,h12_su10,AC,0.0
UserC,h12_su10,Storage HW,0.0
UserC,h12_su10,Radiators,0.0
UserC,h12_su10,Floor heating,0.0
UserC,h12_su10,Induction stove,0.0
UserC,h12_su10,Gas stove,0.0
UserC,h12_su10,Gas National Grid,0.0
UserC,h13_su10,PV sys,0.0
UserC,h13_su10,National Grid EE,0.0
UserC,h13_su10,Storage EE,11.399999999999999
UserC,h13_su10,Gas Boiler,0.0
UserC,h13_su10,HP,0.0
UserC,h13_su10,AC,0.0
UserC,h13_su10,Storage HW,0.0
UserC,h13_su10,Radiators,0.0
UserC,h13_su10,Floor heating,0.0
UserC,h13_su10,Induction stove,0.0
UserC,h13_su10,Gas stove,0.0
UserC,h13_su10,Gas National Grid,0.0
UserC,h14_su10,PV sys,0.0
UserC,h14_su10,National Grid EE,0.0
UserC,h14_su10,Storage EE,10.312192210562234
UserC,h14_su10,Gas Boiler,0.0
UserC,h14_su10,HP,0.0
UserC,h14_su10,AC,0.0
UserC,h14_su10,Storage HW,0.0
UserC,h14_su10,Radiators,0.0
UserC,h14_su10,Floor heating,0.0
UserC,h14_su10,Induction stove,0.0
UserC,h14_su10,Gas stove,0.0
UserC,h14_su10,Gas National Grid,0.0
UserC,h15_su10,PV sys,0.0
UserC,h15_su10,National Grid EE,0.0
UserC,h15_su10,Storage EE,11.399999999999999
UserC,h15_su10,Gas Boiler,0.0
UserC,h15_su10,HP,0.0
UserC,h15_su10,AC,0.0
UserC,h15_su10,Storage HW,0.0
UserC,h15_su10,Radiators,0.0
UserC,h15_su10,Floor heating,0.0
UserC,h15_su10,Induction stove,0.0
UserC,h15_su10,Gas stove,0.0
UserC,h15_su10,Gas National Grid,0.0
UserC,h16_su10,PV sys,0.0
UserC,h16_su10,National Grid EE,0.0
UserC,h16_su10,Storage EE,10.818907377272929
UserC,h16_su10,Gas Boiler,0.0
UserC,h16_su10,HP,0.0
UserC,h16_su10,AC,0.0
UserC,h16_su10,Storage HW,0.0
UserC,h16_su10,Radiators,0.0
UserC,h16_su10,Floor heating,0.0
UserC,h16_su10,Induction stove,0.0
UserC,h16_su10,Gas stove,0.0
UserC,h16_su10,Gas National Grid,0.0
UserC,h17_su10,PV sys,0.0
UserC,h17_su10,National Grid EE,0.0
UserC,h17_su10,Storage EE,11.399999999999999
UserC,h17_su10,Gas Boiler,0.0
UserC,h17_su10,HP,0.0
UserC,h17_su10,AC,0.0
UserC,h17_su10,Storage HW,0.0
UserC,h17_su10,Radiators,0.0
UserC,h17_su10,Floor heating,0.0
UserC,h17_su10,Induction stove,0.0
UserC,h17_su10,Gas stove,0.0
UserC,h17_su10,Gas National Grid,0.0
UserC,h18_su10,PV sys,0.0
UserC,h18_su10,National Grid EE,0.0
UserC,h18_su10,Storage EE,11.399999999999999
UserC,h18_su10,Gas Boiler,0.0
UserC,h18_su10,HP,0.0
UserC,h18_su10,AC,0.0
UserC,h18_su10,Storage HW,0.0
UserC,h18_su10,Radiators,0.0
UserC,h18_su10,Floor heating,0.0
UserC,h18_su10,Induction stove,0.0
UserC,h18_su10,Gas stove,0.0
UserC,h18_su10,Gas National Grid,0.0
UserC,h19_su10,PV sys,0.0
UserC,h19_su10,National Grid EE,0.0
UserC,h19_su10,Storage EE,10.02500446569053
UserC,h19_su10,Gas Boiler,0.0
UserC,h19_su10,HP,0.0
UserC,h19_su10,AC,0.0
UserC,h19_su10,Storage HW,0.0
UserC,h19_su10,Radiators,0.0
UserC,h19_su10,Floor heating,0.0
UserC,h19_su10,Induction stove,0.0
UserC,h19_su10,Gas stove,0.0
UserC,h19_su10,Gas National Grid,0.0
UserC,h20_su10,PV sys,0.0
UserC,h20_su10,National Grid EE,0.0
UserC,h20_su10,Storage EE,8.87353292325101
UserC,h20_su10,Gas Boiler,0.0
UserC,h20_su10,HP,0.0
UserC,h20_su10,AC,0.0
UserC,h20_su10,Storage HW,0.0
UserC,h20_su10,Radiators,0.0
UserC,h20_su10,Floor heating,0.0
UserC,h20_su10,Induction stove,0.0
UserC,h20_su10,Gas stove,0.0
UserC,h20_su10,Gas National Grid,0.0
UserC,h21_su10,PV sys,0.0
UserC,h21_su10,National Grid EE,0.0
UserC,h21_su10,Storage EE,6.0946127916864725
UserC,h21_su10,Gas Boiler,0.0
UserC,h21_su10,HP,0.0
UserC,h21_su10,AC,0.0
UserC,h21_su10,Storage HW,0.0
UserC,h21_su10,Radiators,0.0
UserC,h21_su10,Floor heating,0.0
UserC,h21_su10,Induction stove,0.0
UserC,h21_su10,Gas stove,0.0
UserC,h21_su10,Gas National Grid,0.0
UserC,h22_su10,PV sys,0.0
UserC,h22_su10,National Grid EE,0.0
UserC,h22_su10,Storage EE,4.439281137434115
UserC,h22_su10,Gas Boiler,0.0
UserC,h22_su10,HP,0.0
UserC,h22_su10,AC,0.0
UserC,h22_su10,Storage HW,0.0
UserC,h22_su10,Radiators,0.0
UserC,h22_su10,Floor heating,0.0
UserC,h22_su10,Induction stove,0.0
UserC,h22_su10,Gas stove,0.0
UserC,h22_su10,Gas National Grid,0.0
UserC,h23_su10,PV sys,0.0
UserC,h23_su10,National Grid EE,0.0
UserC,h23_su10,Storage EE,2.506955624168836
UserC,h23_su10,Gas Boiler,0.0
UserC,h23_su10,HP,0.0
UserC,h23_su10,AC,0.0
UserC,h23_su10,Storage HW,0.0
UserC,h23_su10,Radiators,0.0
UserC,h23_su10,Floor heating,0.0
UserC,h23_su10,Induction stove,0.0
UserC,h23_su10,Gas stove,0.0
UserC,h23_su10,Gas National Grid,0.0
UserC,h24_su10,PV sys,0.0
UserC,h24_su10,National Grid EE,0.0
UserC,h24_su10,Storage EE,1.2000000000000002
UserC,h24_su10,Gas Boiler,0.0
UserC,h24_su10,HP,0.0
UserC,h24_su10,AC,0.0
UserC,h24_su10,Storage HW,0.0
UserC,h24_su10,Radiators,0.0
UserC,h24_su10,Floor heating,0.0
UserC,h24_su10,Induction stove,0.0
UserC,h24_su10,Gas stove,0.0
UserC,h24_su10,Gas National Grid,0.0
UserC,h01_su11,PV sys,0.0
UserC,h01_su11,National Grid EE,0.0
UserC,h01_su11,Storage EE,1.2000000000000002
UserC,h01_su11,Gas Boiler,0.0
UserC,h01_su11,HP,0.0
UserC,h01_su11,AC,0.0
UserC,h01_su11,Storage HW,0.0
UserC,h01_su11,Radiators,0.0
UserC,h01_su11,Floor heating,0.0
UserC,h01_su11,Induction stove,0.0
UserC,h01_su11,Gas stove,0.0
UserC,h01_su11,Gas National Grid,0.0
UserC,h02_su11,PV sys,0.0
UserC,h02_su11,National Grid EE,0.0
UserC,h02_su11,Storage EE,1.2000000000000002
UserC,h02_su11,Gas Boiler,0.0
UserC,h02_su11,HP,0.0
UserC,h02_su11,AC,0.0
UserC,h02_su11,Storage HW,0.0
UserC,h02_su11,Radiators,0.0
UserC,h02_su11,Floor heating,0.0
UserC,h02_su11,Induction stove,0.0
UserC,h02_su11,Gas stove,0.0
UserC,h02_su11,Gas National Grid,0.0
UserC,h03_su11,PV sys,0.0
UserC,h03_su11,National Grid EE,0.0
UserC,h03_su11,Storage EE,1.2000000000000002
UserC,h03_su11,Gas Boiler,0.0
UserC,h03_su11,HP,0.0
UserC,h03_su11,AC,0.0
UserC,h03_su11,Storage HW,0.0
UserC,h03_su11,Radiators,0.0
UserC,h03_su11,Floor heating,0.0
UserC,h03_su11,Induction stove,0.0
UserC,h03_su11,Gas stove,0.0
UserC,h03_su11,Gas National Grid,0.0
UserC,h04_su11,PV sys,0.0
UserC,h04_su11,National Grid EE,0.0
UserC,h04_su11,Storage EE,1.2000000000000002
UserC,h04_su11,Gas Boiler,0.0
UserC,h04_su11,HP,0.0
UserC,h04_su11,AC,0.0
UserC,h04_su11,Storage HW,0.0
UserC,h04_su11,Radiators,0.0
UserC,h04_su11,Floor heating,0.0
UserC,h04_su11,Induction stove,0.0
UserC,h04_su11,Gas stove,0.0
UserC,h04_su11,Gas National Grid,0.0
UserC,h05_su11,PV sys,0.0
UserC,h05_su11,National Grid EE,0.0
UserC,h05_su11,Storage EE,1.2000000000000002
UserC,h05_su11,Gas Boiler,0.0
UserC,h05_su11,HP,0.0
UserC,h05_su11,AC,0.0
UserC,h05_su11,Storage HW,0.0
UserC,h05_su11,Radiators,0.0
UserC,h05_su11,Floor heating,0.0
UserC,h05_su11,Induction stove,0.0
UserC,h05_su11,Gas stove,0.0
UserC,h05_su11,Gas National Grid,0.0
UserC,h06_su11,PV sys,0.0
UserC,h06_su11,National Grid EE,0.0
UserC,h06_su11,Storage EE,1.2000000000000002
UserC,h06_su11,Gas Boiler,0.0
UserC,h06_su11,HP,0.0
UserC,h06_su11,AC,0.0
UserC,h06_su11,Storage HW,0.0
UserC,h06_su11,Radiators,0.0
UserC,h06_su11,Floor heating,0.0
UserC,h06_su11,Induction stove,0.0
UserC,h06_su11,Gas stove,0.0
UserC,h06_su11,Gas National Grid,0.0
UserC,h07_su11,PV sys,0.0
UserC,h07_su11,National Grid EE,0.0
UserC,h07_su11,Storage EE,1.2000000000000002
UserC,h07_su11,Gas Boiler,0.0
UserC,h07_su11,HP,0.0
UserC,h07_su11,AC,0.0
UserC,h07_su11,Storage HW,0.0
UserC,h07_su11,Radiators,0.0
UserC,h07_su11,Floor heating,0.0
UserC,h07_su11,Induction stove,0.0
UserC,h07_su11,Gas stove,0.0
UserC,h07_su11,Gas National Grid,0.0
UserC,h08_su11,PV sys,0.0
UserC,h08_su11,National Grid EE,0.0
UserC,h08_su11,Storage EE,1.2000000000000002
UserC,h08_su11,Gas Boiler,0.0
UserC,h08_su11,HP,0.0
UserC,h08_su11,AC,0.0
UserC,h08_su11,Storage HW,0.0
UserC,h08_su11,Radiators,0.0
UserC,h08_su11,Floor heating,0.0
UserC,h08_su11,Induction stove,0.0
UserC,h08_su11,Gas stove,0.0
UserC,h08_su11,Gas National Grid,0.0
UserC,h09_su11,PV sys,0.0
UserC,h09_su11,National Grid EE,0.0
UserC,h09_su11,Storage EE,3.066555311557604
UserC,h09_su11,Gas Boiler,0.0
UserC,h09_su11,HP,0.0
UserC,h09_su11,AC,0.0
UserC,h09_su11,Storage HW,0.0
UserC,h09_su11,Radiators,0.0
UserC,h09_su11,Floor heating,0.0
UserC,h09_su11,Induction stove,0.0
UserC,h09_su11,Gas stove,0.0
UserC,h09_su11,Gas National Grid,0.0
UserC,h10_su11,PV sys,0.0
UserC,h10_su11,National Grid EE,0.0
UserC,h10_su11,Storage EE,5.745995394405359
UserC,h10_su11,Gas Boiler,0.0
UserC,h10_su11,HP,0.0
UserC,h10_su11,AC,0.0
UserC,h10_su11,Storage HW,0.0
UserC,h10_su11,Radiators,0.0
UserC,h10_su11,Floor heating,0.0
UserC,h10_su11,Induction stove,0.0
UserC,h10_su11,Gas stove,0.0
UserC,h10_su11,Gas National Grid,0.0
UserC,h11_su11,PV sys,0.0
UserC,h11_su11,National Grid EE,0.0
UserC,h11_su11,Storage EE,6.758389104462729
UserC,h11_su11,Gas Boiler,0.0
UserC,h11_su11,HP,0.0
UserC,h11_su11,AC,0.0
UserC,h11_su11,Storage HW,0.0
UserC,h11_su11,Radiators,0.0
UserC,h11_su11,Floor heating,0.0
UserC,h11_su11,Induction stove,0.0
UserC,h11_su11,Gas stove,0.0
UserC,h11_su11,Gas National Grid,0.0
UserC,h12_su11,PV sys,0.0
UserC,h12_su11,National Grid EE,0.0
UserC,h12_su11,Storage EE,9.711448158081001
UserC,h12_su11,Gas Boiler,0.0
UserC,h12_su11,HP,0.0
UserC,h12_su11,AC,0.0
UserC,h12_su11,Storage HW,0.0
UserC,h12_su11,Radiators,0.0
UserC,h12_su11,Floor heating,0.0
UserC,h12_su11,Induction stove,0.0
UserC,h12_su11,Gas stove,0.0
UserC,h12_su11,Gas National Grid,0.0
UserC,h13_su11,PV sys,0.0
UserC,h13_su11,National Grid EE,0.0
UserC,h13_su11,Storage EE,10.568862785528214
UserC,h13_su11,Gas Boiler,0.0
UserC,h13_su11,HP,0.0
UserC,h13_su11,AC,0.0
UserC,h13_su11,Storage HW,0.0
UserC,h13_su11,Radiators,0.0
UserC,h13_su11,Floor heating,0.0
UserC,h13_su11,Induction stove,0.0
UserC,h13_su11,Gas stove,0.0
UserC,h13_su11,Gas National Grid,0.0
UserC,h14_su11,PV sys,0.0
UserC,h14_su11,National Grid EE,0.0
UserC,h14_su11,Storage EE,10.211819075216255
UserC,h14_su11,Gas Boiler,0.0
UserC,h14_su11,HP,0.0
UserC,h14_su11,AC,0.0
UserC,h14_su11,Storage HW,0.0
UserC,h14_su11,Radiators,0.0
UserC,h14_su11,Floor heating,0.0
UserC,h14_su11,Induction stove,0.0
UserC,h14_su11,Gas stove,0.0
UserC,h14_su11,Gas National Grid,0.0
UserC,h15_su11,PV sys,0.0
UserC,h15_su11,National Grid EE,0.0
UserC,h15_su11,Storage EE,10.523546042956545
UserC,h15_su11,Gas Boiler,0.0
UserC,h15_su11,HP,0.0
UserC,h15_su11,AC,0.0
UserC,h15_su11,Storage HW,0.0
UserC,h15_su11,Radiators,0.0
UserC,h15_su11,Floor heating,0.0
UserC,h15_su11,Induction stove,0.0
UserC,h15_su11,Gas stove,0.0
UserC,h15_su11,Gas National Grid,0.0
UserC,h16_su11,PV sys,0.0
UserC,h16_su11,National Grid EE,0.0
UserC,h16_su11,Storage EE,9.981098792564563
UserC,h16_su11,Gas Boiler,0.0
UserC,h16_su11,HP,0.0
UserC,h16_su11,AC,0.0
UserC,h16_su11,Storage HW,0.0
UserC,h16_su11,Radiators,0.0
UserC,h16_su11,Floor heating,0.0
UserC,h16_su11,Induction stove,0.0
UserC,h16_su11,Gas stove,0.0
UserC,h16_su11,Gas National Grid,0.0
UserC,h17_su11,PV sys,0.0
UserC,h17_su11,National Grid EE,0.0
UserC,h17_su11,Storage EE,11.29643688927885
UserC,h17_su11,Gas Boiler,0.0
UserC,h17_su11,HP,0.0
UserC,h17_su11,AC,0.0
UserC,h17_su11,Storage HW,0.0
UserC,h17_su11,Radiators,0.0
UserC,h17_su11,Floor heating,0.0
UserC,h17_su11,Induction stove,0.0
UserC,h17_su11,Gas stove,0.0
UserC,h17_su11,Gas National Grid,0.0
UserC,h18_su11,PV sys,0.0
UserC,h18_su11,National Grid EE,0.0
UserC,h18_su11,Storage EE,11.399999999999999
UserC,h18_su11,Gas Boiler,0.0
UserC,h18_su11,HP,0.0
UserC,h18_su11,AC,0.0
UserC,h18_su11,Storage HW,0.0
UserC,h18_su11,Radiators,0.0
UserC,h18_su11,Floor heating,0.0
UserC,h18_su11,Induction stove,0.0
UserC,h18_su11,Gas stove,0.0
UserC,h18_su11,Gas National Grid,0.0
UserC,h19_su11,PV sys,0.0
UserC,h19_su11,National Grid EE,0.0
UserC,h19_su11,Storage EE,11.399999999999999
UserC,h19_su11,Gas Boiler,0.0
UserC,h19_su11,HP,0.0
UserC,h19_su11,AC,0.0
UserC,h19_su11,Storage HW,0.0
UserC,h19_su11,Radiators,0.0
UserC,h19_su11,Floor heating,0.0
UserC,h19_su11,Induction stove,0.0
UserC,h19_su11,Gas stove,0.0
UserC,h19_su11,Gas National Grid,0.0
UserC,h20_su11,PV sys,0.0
UserC,h20_su11,National Grid EE,0.0
UserC,h20_su11,Storage EE,11.399999999999999
UserC,h20_su11,Gas Boiler,0.0
UserC,h20_su11,HP,0.0
UserC,h20_su11,AC,0.0
UserC,h20_su11,Storage HW,0.0
UserC,h20_su11,Radiators,0.0
UserC,h20_su11,Floor heating,0.0
UserC,h20_su11,Induction stove,0.0
UserC,h20_su11,Gas stove,0.0
UserC,h20_su11,Gas National Grid,0.0
UserC,h21_su11,PV sys,0.0
UserC,h21_su11,National Grid EE,0.0
UserC,h21_su11,Storage EE,11.399999999999999
UserC,h21_su11,Gas Boiler,0.0
UserC,h21_su11,HP,0.0
UserC,h21_su11,AC,0.0
UserC,h21_su11,Storage HW,0.0
UserC,h21_su11,Radiators,0.0
UserC,h21_su11,Floor heating,0.0
UserC,h21_su11,Induction stove,0.0
UserC,h21_su11,Gas stove,0.0
UserC,h21_su11,Gas National Grid,0.0
UserC,h22_su11,PV sys,0.0
UserC,h22_su11,National Grid EE,0.0
UserC,h22_su11,Storage EE,11.326799999999999
UserC,h22_su11,Gas Boiler,0.0
UserC,h22_su11,HP,0.0
UserC,h22_su11,AC,0.0
UserC,h22_su11,Storage HW,0.0
UserC,h22_su11,Radiators,0.0
UserC,h22_su11,Floor heating,0.0
UserC,h22_su11,Induction stove,0.0
UserC,h22_su11,Gas stove,0.0
UserC,h22_su11,Gas National Grid,0.0
UserC,h23_su11,PV sys,0.0
UserC,h23_su11,National Grid EE,0.0
UserC,h23_su11,Storage EE,11.326799999999999
UserC,h23_su11,Gas Boiler,0.0
UserC,h23_su11,HP,0.0
UserC,h23_su11,AC,0.0
UserC,h23_su11,Storage HW,0.0
UserC,h23_su11,Radiators,0.0
UserC,h23_su11,Floor heating,0.0
UserC,h23_su11,Induction stove,0.0
UserC,h23_su11,Gas stove,0.0
UserC,h23_su11,Gas National Grid,0.0
UserC,h24_su11,PV sys,0.0
UserC,h24_su11,National Grid EE,0.0
UserC,h24_su11,Storage EE,11.326799999999999
UserC,h24_su11,Gas Boiler,0.0
UserC,h24_su11,HP,0.0
UserC,h24_su11,AC,0.0
UserC,h24_su11,Storage HW,0.0
UserC,h24_su11,Radiators,0.0
UserC,h24_su11,Floor heating,0.0
UserC,h24_su11,Induction stove,0.0
UserC,h24_su11,Gas stove,0.0
UserC,h24_su11,Gas National Grid,0.0
UserC,h01_su12,PV sys,0.0
UserC,h01_su12,National Grid EE,0.0
UserC,h01_su12,Storage EE,11.326799999999999
UserC,h01_su12,Gas Boiler,0.0
UserC,h01_su12,HP,0.0
UserC,h01_su12,AC,0.0
UserC,h01_su12,Storage HW,0.0
UserC,h01_su12,Radiators,0.0
UserC,h01_su12,Floor heating,0.0
UserC,h01_su12,Induction stove,0.0
UserC,h01_su12,Gas stove,0.0
UserC,h01_su12,Gas National Grid,0.0
UserC,h02_su12,PV sys,0.0
UserC,h02_su12,National Grid EE,0.0
UserC,h02_su12,Storage EE,11.326799999999999
UserC,h02_su12,Gas Boiler,0.0
UserC,h02_su12,HP,0.0
UserC,h02_su12,AC,0.0
UserC,h02_su12,Storage HW,0.0
UserC,h02_su12,Radiators,0.0
UserC,h02_su12,Floor heating,0.0
UserC,h02_su12,Induction stove,0.0
UserC,h02_su12,Gas stove,0.0
UserC,h02_su12,Gas National Grid,0.0
UserC,h03_su12,PV sys,0.0
UserC,h03_su12,National Grid EE,0.0
UserC,h03_su12,Storage EE,11.326799999999999
UserC,h03_su12,Gas Boiler,0.0
UserC,h03_su12,HP,0.0
UserC,h03_su12,AC,0.0
UserC,h03_su12,Storage HW,0.0
UserC,h03_su12,Radiators,0.0
UserC,h03_su12,Floor heating,0.0
UserC,h03_su12,Induction stove,0.0
UserC,h03_su12,Gas stove,0.0
UserC,h03_su12,Gas National Grid,0.0
UserC,h04_su12,PV sys,0.0
UserC,h04_su12,National Grid EE,0.0
UserC,h04_su12,Storage EE,11.326799999999999
UserC,h04_su12,Gas Boiler,0.0
UserC,h04_su12,HP,0.0
UserC,h04_su12,AC,0.0
UserC,h04_su12,Storage HW,0.0
UserC,h04_su12,Radiators,0.0
UserC,h04_su12,Floor heating,0.0
UserC,h04_su12,Induction stove,0.0
UserC,h04_su12,Gas stove,0.0
UserC,h04_su12,Gas National Grid,0.0
UserC,h05_su12,PV sys,0.0
UserC,h05_su12,National Grid EE,0.0
UserC,h05_su12,Storage EE,11.326799999999999
UserC,h05_su12,Gas Boiler,0.0
UserC,h05_su12,HP,0.0
UserC,h05_su12,AC,0.0
UserC,h05_su12,Storage HW,0.0
UserC,h05_su12,Radiators,0.0
UserC,h05_su12,Floor heating,0.0
UserC,h05_su12,Induction stove,0.0
UserC,h05_su12,Gas stove,0.0
UserC,h05_su12,Gas National Grid,0.0
UserC,h06_su12,PV sys,0.0
UserC,h06_su12,National Grid EE,0.0
UserC,h06_su12,Storage EE,11.326799999999999
UserC,h06_su12,Gas Boiler,0.0
UserC,h06_su12,HP,0.0
UserC,h06_su12,AC,0.0
UserC,h06_su12,Storage HW,0.0
UserC,h06_su12,Radiators,0.0
UserC,h06_su12,Floor heating,0.0
UserC,h06_su12,Induction stove,0.0
UserC,h06_su12,Gas stove,0.0
UserC,h06_su12,Gas National Grid,0.0
UserC,h07_su12,PV sys,0.0
UserC,h07_su12,National Grid EE,0.0
UserC,h07_su12,Storage EE,11.399999999999999
UserC,h07_su12,Gas Boiler,0.0
UserC,h07_su12,HP,0.0
UserC,h07_su12,AC,0.0
UserC,h07_su12,Storage HW,0.0
UserC,h07_su12,Radiators,0.0
UserC,h07_su12,Floor heating,0.0
UserC,h07_su12,Induction stove,0.0
UserC,h07_su12,Gas stove,0.0
UserC,h07_su12,Gas National Grid,0.0
UserC,h08_su12,PV sys,0.0
UserC,h08_su12,National Grid EE,0.0
UserC,h08_su12,Storage EE,11.399999999999999
UserC,h08_su12,Gas Boiler,0.0
UserC,h08_su12,HP,0.0
UserC,h08_su12,AC,0.0
UserC,h08_su12,Storage HW,0.0
UserC,h08_su12,Radiators,0.0
UserC,h08_su12,Floor heating,0.0
UserC,h08_su12,Induction stove,0.0
UserC,h08_su12,Gas stove,0.0
UserC,h08_su12,Gas National Grid,0.0
UserC,h09_su12,PV sys,0.0
UserC,h09_su12,National Grid EE,0.0
UserC,h09_su12,Storage EE,10.164349147891922
UserC,h09_su12,Gas Boiler,0.0
UserC,h09_su12,HP,0.0
UserC,h09_su12,AC,0.0
UserC,h09_su12,Storage HW,0.0
UserC,h09_su12,Radiators,0.0
UserC,h09_su12,Floor heating,0.0
UserC,h09_su12,Induction stove,0.0
UserC,h09_su12,Gas stove,0.0
UserC,h09_su12,Gas National Grid,0.0
UserC,h10_su12,PV sys,0.0
UserC,h10_su12,National Grid EE,0.0
UserC,h10_su12,Storage EE,10.1732414269561
UserC,h10_su12,Gas Boiler,0.0
UserC,h10_su12,HP,0.0
UserC,h10_su12,AC,0.0
UserC,h10_su12,Storage HW,0.0
UserC,h10_su12,Radiators,0.0
UserC,h10_su12,Floor heating,0.0
UserC,h10_su12,Induction stove,0.0
UserC,h10_su12,Gas stove,0.0
UserC,h10_su12,Gas National Grid,0.0
UserC,h11_su12,PV sys,0.0
UserC,h11_su12,National Grid EE,0.0
UserC,h11_su12,Storage EE,10.378951389981108
UserC,h11_su12,Gas Boiler,0.0
UserC,h11_su12,HP,0.0
UserC,h11_su12,AC,0.0
UserC,h11_su12,Storage HW,0.0
UserC,h11_su12,Radiators,0.0
UserC,h11_su12,Floor heating,0.0
UserC,h11_su12,Induction stove,0.0
UserC,h11_su12,Gas stove,0.0
UserC,h11_su12,Gas National Grid,0.0
UserC,h12_su12,PV sys,0.0
UserC,h12_su12,National Grid EE,0.0
UserC,h12_su12,Storage EE,10.72497138998106
UserC,h12_su12,Gas Boiler,0.0
UserC,h12_su12,HP,0.0
UserC,h12_su12,AC,0.0
UserC,h12_su12,Storage HW,0.0
UserC,h12_su12,Radiators,0.0
UserC,h12_su12,Floor heating,0.0
UserC,h12_su12,Induction stove,0.0
UserC,h12_su12,Gas stove,0.0
UserC,h12_su12,Gas National Grid,0.0
UserC,h13_su12,PV sys,0.0
UserC,h13_su12,National Grid EE,0.0
UserC,h13_su12,Storage EE,11.245231389981296
UserC,h13_su12,Gas Boiler,0.0
UserC,h13_su12,HP,0.0
UserC,h13_su12,AC,0.0
UserC,h13_su12,Storage HW,0.0
UserC,h13_su12,Radiators,0.0
UserC,h13_su12,Floor heating,0.0
UserC,h13_su12,Induction stove,0.0
UserC,h13_su12,Gas stove,0.0
UserC,h13_su12,Gas National Grid,0.0
UserC,h14_su12,PV sys,0.0
UserC,h14_su12,National Grid EE,0.0
UserC,h14_su12,Storage EE,11.26070153239807
UserC,h14_su12,Gas Boiler,0.0
UserC,h14_su12,HP,0.0
UserC,h14_su12,AC,0.0
UserC,h14_su12,Storage HW,0.0
UserC,h14_su12,Radiators,0.0
UserC,h14_su12,Floor heating,0.0
UserC,h14_su12,Induction stove,0.0
UserC,h14_su12,Gas stove,0.0
UserC,h14_su12,Gas National Grid,0.0
UserC,h15_su12,PV sys,0.0
UserC,h15_su12,National Grid EE,0.0
UserC,h15_su12,Storage EE,11.136188486551996
UserC,h15_su12,Gas Boiler,0.0
UserC,h15_su12,HP,0.0
UserC,h15_su12,AC,0.0
UserC,h15_su12,Storage HW,0.0
UserC,h15_su12,Radiators,0.0
UserC,h15_su12,Floor heating,0.0
UserC,h15_su12,Induction stove,0.0
UserC,h15_su12,Gas stove,0.0
UserC,h15_su12,Gas National Grid,0.0
UserC,h16_su12,PV sys,0.0
UserC,h16_su12,National Grid EE,0.0
UserC,h16_su12,Storage EE,11.22612
UserC,h16_su12,Gas Boiler,0.0
UserC,h16_su12,HP,0.0
UserC,h16_su12,AC,0.0
UserC,h16_su12,Storage HW,0.0
UserC,h16_su12,Radiators,0.0
UserC,h16_su12,Floor heating,0.0
UserC,h16_su12,Induction stove,0.0
UserC,h16_su12,Gas stove,0.0
UserC,h16_su12,Gas National Grid,0.0
UserC,h17_su12,PV sys,0.0
UserC,h17_su12,National Grid EE,0.0
UserC,h17_su12,Storage EE,11.39424
UserC,h17_su12,Gas Boiler,0.0
UserC,h17_su12,HP,0.0
UserC,h17_su12,AC,0.0
UserC,h17_su12,Storage HW,0.0
UserC,h17_su12,Radiators,0.0
UserC,h17_su12,Floor heating,0.0
UserC,h17_su12,Induction stove,0.0
UserC,h17_su12,Gas stove,0.0
UserC,h17_su12,Gas National Grid,0.0
UserC,h18_su12,PV sys,0.0
UserC,h18_su12,National Grid EE,0.0
UserC,h18_su12,Storage EE,11.399999999999999
UserC,h18_su12,Gas Boiler,0.0
UserC,h18_su12,HP,0.0
UserC,h18_su12,AC,0.0
UserC,h18_su12,Storage HW,0.0
UserC,h18_su12,Radiators,0.0
UserC,h18_su12,Floor heating,0.0
UserC,h18_su12,Induction stove,0.0
UserC,h18_su12,Gas stove,0.0
UserC,h18_su12,Gas National Grid,0.0
UserC,h19_su12,PV sys,0.0
UserC,h19_su12,National Grid EE,0.0
UserC,h19_su12,Storage EE,11.399999999999999
UserC,h19_su12,Gas Boiler,0.0
UserC,h19_su12,HP,0.0
UserC,h19_su12,AC,0.0
UserC,h19_su12,Storage HW,0.0
UserC,h19_su12,Radiators,0.0
UserC,h19_su12,Floor heating,0.0
UserC,h19_su12,Induction stove,0.0
UserC,h19_su12,Gas stove,0.0
UserC,h19_su12,Gas National Grid,0.0
UserC,h20_su12,PV sys,0.0
UserC,h20_su12,National Grid EE,0.0
UserC,h20_su12,Storage EE,11.399999999999999
UserC,h20_su12,Gas Boiler,0.0
UserC,h20_su12,HP,0.0
UserC,h20_su12,AC,0.0
UserC,h20_su12,Storage HW,0.0
UserC,h20_su12,Radiators,0.0
UserC,h20_su12,Floor heating,0.0
UserC,h20_su12,Induction stove,0.0
UserC,h20_su12,Gas stove,0.0
UserC,h20_su12,Gas National Grid,0.0
UserC,h21_su12,PV sys,0.0
UserC,h21_su12,National Grid EE,0.0
UserC,h21_su12,Storage EE,11.399999999999999
UserC,h21_su12,Gas Boiler,0.0
UserC,h21_su12,HP,0.0
UserC,h21_su12,AC,0.0
UserC,h21_su12,Storage HW,0.0
UserC,h21_su12,Radiators,0.0
UserC,h21_su12,Floor heating,0.0
UserC,h21_su12,Induction stove,0.0
UserC,h21_su12,Gas stove,0.0
UserC,h21_su12,Gas National Grid,0.0
UserC,h22_su12,PV sys,0.0
UserC,h22_su12,National Grid EE,0.0
UserC,h22_su12,Storage EE,11.399999999999999
UserC,h22_su12,Gas Boiler,0.0
UserC,h22_su12,HP,0.0
UserC,h22_su12,AC,0.0
UserC,h22_su12,Storage HW,0.0
UserC,h22_su12,Radiators,0.0
UserC,h22_su12,Floor heating,0.0
UserC,h22_su12,Induction stove,0.0
UserC,h22_su12,Gas stove,0.0
UserC,h22_su12,Gas National Grid,0.0
UserC,h23_su12,PV sys,0.0
UserC,h23_su12,National Grid EE,0.0
UserC,h23_su12,Storage EE,11.399999999999999
UserC,h23_su12,Gas Boiler,0.0
UserC,h23_su12,HP,0.0
UserC,h23_su12,AC,0.0
UserC,h23_su12,Storage HW,0.0
UserC,h23_su12,Radiators,0.0
UserC,h23_su12,Floor heating,0.0
UserC,h23_su12,Induction stove,0.0
UserC,h23_su12,Gas stove,0.0
UserC,h23_su12,Gas National Grid,0.0
UserC,h24_su12,PV sys,0.0
UserC,h24_su12,National Grid EE,0.0
UserC,h24_su12,Storage EE,11.399999999999999
UserC,h24_su12,Gas Boiler,0.0
UserC,h24_su12,HP,0.0
UserC,h24_su12,AC,0.0
UserC,h24_su12,Storage HW,0.0
UserC,h24_su12,Radiators,0.0
UserC,h24_su12,Floor heating,0.0
UserC,h24_su12,Induction stove,0.0
UserC,h24_su12,Gas stove,0.0
UserC,h24_su12,Gas National Grid,0.0
UserC,h01_su13,PV sys,0.0
UserC,h01_su13,National Grid EE,0.0
UserC,h01_su13,Storage EE,11.12188975233178
UserC,h01_su13,Gas Boiler,0.0
UserC,h01_su13,HP,0.0
UserC,h01_su13,AC,0.0
UserC,h01_su13,Storage HW,0.0
UserC,h01_su13,Radiators,0.0
UserC,h01_su13,Floor heating,0.0
UserC,h01_su13,Induction stove,0.0
UserC,h01_su13,Gas stove,0.0
UserC,h01_su13,Gas National Grid,0.0
UserC,h02_su13,PV sys,0.0
UserC,h02_su13,National Grid EE,0.0
UserC,h02_su13,Storage EE,11.12188975233178
UserC,h02_su13,Gas Boiler,0.0
UserC,h02_su13,HP,0.0
UserC,h02_su13,AC,0.0
UserC,h02_su13,Storage HW,0.0
UserC,h02_su13,Radiators,0.0
UserC,h02_su13,Floor heating,0.0
UserC,h02_su13,Induction stove,0.0
UserC,h02_su13,Gas stove,0.0
UserC,h02_su13,Gas National Grid,0.0
UserC,h03_su13,PV sys,0.0
UserC,h03_su13,National Grid EE,0.0
UserC,h03_su13,Storage EE,10.807515065147305
UserC,h03_su13,Gas Boiler,0.0
UserC,h03_su13,HP,0.0
UserC,h03_su13,AC,0.0
UserC,h03_su13,Storage HW,0.0
UserC,h03_su13,Radiators,0.0
UserC,h03_su13,Floor heating,0.0
UserC,h03_su13,Induction stove,0.0
UserC,h03_su13,Gas stove,0.0
UserC,h03_su13,Gas National Grid,0.0
UserC,h04_su13,PV sys,0.0
UserC,h04_su13,National Grid EE,0.0
UserC,h04_su13,Storage EE,10.48792912132646
UserC,h04_su13,Gas Boiler,0.0
UserC,h04_su13,HP,0.0
UserC,h04_su13,AC,0.0
UserC,h04_su13,Storage HW,0.0
UserC,h04_su13,Radiators,0.0
UserC,h04_su13,Floor heating,0.0
UserC,h04_su13,Induction stove,0.0
UserC,h04_su13,Gas stove,0.0
UserC,h04_su13,Gas National Grid,0.0
UserC,h05_su13,PV sys,0.0
UserC,h05_su13,National Grid EE,0.0
UserC,h05_su13,Storage EE,10.184551469539716
UserC,h05_su13,Gas Boiler,0.0
UserC,h05_su13,HP,0.0
UserC,h05_su13,AC,0.0
UserC,h05_su13,Storage HW,0.0
UserC,h05_su13,Radiators,0.0
UserC,h05_su13,Floor heating,0.0
UserC,h05_su13,Induction stove,0.0
UserC,h05_su13,Gas stove,0.0
UserC,h05_su13,Gas National Grid,0.0
UserC,h06_su13,PV sys,0.0
UserC,h06_su13,National Grid EE,0.0
UserC,h06_su13,Storage EE,9.844403141132108
UserC,h06_su13,Gas Boiler,0.0
UserC,h06_su13,HP,0.0
UserC,h06_su13,AC,0.0
UserC,h06_su13,Storage HW,0.0
UserC,h06_su13,Radiators,0.0
UserC,h06_su13,Floor heating,0.0
UserC,h06_su13,Induction stove,0.0
UserC,h06_su13,Gas stove,0.0
UserC,h06_su13,Gas National Grid,0.0
UserC,h07_su13,PV sys,0.0
UserC,h07_su13,National Grid EE,0.0
UserC,h07_su13,Storage EE,9.575370096826948
UserC,h07_su13,Gas Boiler,0.0
UserC,h07_su13,HP,0.0
UserC,h07_su13,AC,0.0
UserC,h07_su13,Storage HW,0.0
UserC,h07_su13,Radiators,0.0
UserC,h07_su13,Floor heating,0.0
UserC,h07_su13,Induction stove,0.0
UserC,h07_su13,Gas stove,0.0
UserC,h07_su13,Gas National Grid,0.0
UserC,h08_su13,PV sys,0.0
UserC,h08_su13,National Grid EE,0.0
UserC,h08_su13,Storage EE,9.032389777495002
UserC,h08_su13,Gas Boiler,0.0
UserC,h08_su13,HP,0.0
UserC,h08_su13,AC,0.0
UserC,h08_su13,Storage HW,0.0
UserC,h08_su13,Radiators,0.0
UserC,h08_su13,Floor heating,0.0
UserC,h08_su13,Induction stove,0.0
UserC,h08_su13,Gas stove,0.0
UserC,h08_su13,Gas National Grid,0.0
UserC,h09_su13,PV sys,0.0
UserC,h09_su13,National Grid EE,0.0
UserC,h09_su13,Storage EE,9.26858812227077
UserC,h09_su13,Gas Boiler,0.0
UserC,h09_su13,HP,0.0
UserC,h09_su13,AC,0.0
UserC,h09_su13,Storage HW,0.0
UserC,h09_su13,Radiators,0.0
UserC,h09_su13,Floor heating,0.0
UserC,h09_su13,Induction stove,0.0
UserC,h09_su13,Gas stove,0.0
UserC,h09_su13,Gas National Grid,0.0
UserC,h10_su13,PV sys,0.0
UserC,h10_su13,National Grid EE,0.0
UserC,h10_su13,Storage EE,9.410229548277234
UserC,h10_su13,Gas Boiler,0.0
UserC,h10_su13,HP,0.0
UserC,h10_su13,AC,0.0
UserC,h10_su13,Storage HW,0.0
UserC,h10_su13,Radiators,0.0
UserC,h10_su13,Floor heating,0.0
UserC,h10_su13,Induction stove,0.0
UserC,h10_su13,Gas stove,0.0
UserC,h10_su13,Gas National Grid,0.0
UserC,h11_su13,PV sys,0.0
UserC,h11_su13,National Grid EE,0.0
UserC,h11_su13,Storage EE,9.439835937141353
UserC,h11_su13,Gas Boiler,0.0
UserC,h11_su13,HP,0.0
UserC,h11_su13,AC,0.0
UserC,h11_su13,Storage HW,0.0
UserC,h11_su13,Radiators,0.0
UserC,h11_su13,Floor heating,0.0
UserC,h11_su13,Induction stove,0.0
UserC,h11_su13,Gas stove,0.0
UserC,h11_su13,Gas National Grid,0.0
UserC,h12_su13,PV sys,0.0
UserC,h12_su13,National Grid EE,0.0
UserC,h12_su13,Storage EE,9.866236422434865
UserC,h12_su13,Gas Boiler,0.0
UserC,h12_su13,HP,0.0
UserC,h12_su13,AC,0.0
UserC,h12_su13,Storage HW,0.0
UserC,h12_su13,Radiators,0.0
UserC,h12_su13,Floor heating,0.0
UserC,h12_su13,Induction stove,0.0
UserC,h12_su13,Gas stove,0.0
UserC,h12_su13,Gas National Grid,0.0
UserC,h13_su13,PV sys,0.0
UserC,h13_su13,National Grid EE,0.0
UserC,h13_su13,Storage EE,10.30369297898852
UserC,h13_su13,Gas Boiler,0.0
UserC,h13_su13,HP,0.0
UserC,h13_su13,AC,0.0
UserC,h13_su13,Storage HW,0.0
UserC,h13_su13,Radiators,0.0
UserC,h13_su13,Floor heating,0.0
UserC,h13_su13,Induction stove,0.0
UserC,h13_su13,Gas stove,0.0
UserC,h13_su13,Gas National Grid,0.0
UserC,h14_su13,PV sys,0.0
UserC,h14_su13,National Grid EE,0.0
UserC,h14_su13,Storage EE,10.684262112820683
UserC,h14_su13,Gas Boiler,0.0
UserC,h14_su13,HP,0.0
UserC,h14_su13,AC,0.0
UserC,h14_su13,Storage HW,0.0
UserC,h14_su13,Radiators,0.0
UserC,h14_su13,Floor heating,0.0
UserC,h14_su13,Induction stove,0.0
UserC,h14_su13,Gas stove,0.0
UserC,h14_su13,Gas National Grid,0.0
UserC,h15_su13,PV sys,0.0
UserC,h15_su13,National Grid EE,0.0
UserC,h15_su13,Storage EE,10.841101559083333
UserC,h15_su13,Gas Boiler,0.0
UserC,h15_su13,HP,0.0
UserC,h15_su13,AC,0.0
UserC,h15_su13,Storage HW,0.0
UserC,h15_su13,Radiators,0.0
UserC,h15_su13,Floor heating,0.0
UserC,h15_su13,Induction stove,0.0
UserC,h15_su13,Gas stove,0.0
UserC,h15_su13,Gas National Grid,0.0
UserC,h16_su13,PV sys,0.0
UserC,h16_su13,National Grid EE,0.0
UserC,h16_su13,Storage EE,11.291641559083333
UserC,h16_su13,Gas Boiler,0.0
UserC,h16_su13,HP,0.0
UserC,h16_su13,AC,0.0
UserC,h16_su13,Storage HW,0.0
UserC,h16_su13,Radiators,0.0
UserC,h16_su13,Floor heating,0.0
UserC,h16_su13,Induction stove,0.0
UserC,h16_su13,Gas stove,0.0
UserC,h16_su13,Gas National Grid,0.0
UserC,h17_su13,PV sys,0.0
UserC,h17_su13,National Grid EE,0.0
UserC,h17_su13,Storage EE,11.299809037717614
UserC,h17_su13,Gas Boiler,0.0
UserC,h17_su13,HP,0.0
UserC,h17_su13,AC,0.0
UserC,h17_su13,Storage HW,0.0
UserC,h17_su13,Radiators,0.0
UserC,h17_su13,Floor heating,0.0
UserC,h17_su13,Induction stove,0.0
UserC,h17_su13,Gas stove,0.0
UserC,h17_su13,Gas National Grid,0.0
UserC,h18_su13,PV sys,0.0
UserC,h18_su13,National Grid EE,0.0
UserC,h18_su13,Storage EE,11.168159633501292
UserC,h18_su13,Gas Boiler,0.0
UserC,h18_su13,HP,0.0
UserC,h18_su13,AC,0.0
UserC,h18_su13,Storage HW,0.0
UserC,h18_su13,Radiators,0.0
UserC,h18_su13,Floor heating,0.0
UserC,h18_su13,Induction stove,0.0
UserC,h18_su13,Gas stove,0.0
UserC,h18_su13,Gas National Grid,0.0
UserC,h19_su13,PV sys,0.0
UserC,h19_su13,National Grid EE,0.0
UserC,h19_su13,Storage EE,11.181749633501292
UserC,h19_su13,Gas Boiler,0.0
UserC,h19_su13,HP,0.0
UserC,h19_su13,AC,0.0
UserC,h19_su13,Storage HW,0.0
UserC,h19_su13,Radiators,0.0
UserC,h19_su13,Floor heating,0.0
UserC,h19_su13,Induction stove,0.0
UserC,h19_su13,Gas stove,0.0
UserC,h19_su13,Gas National Grid,0.0
UserC,h20_su13,PV sys,0.0
UserC,h20_su13,National Grid EE,0.0
UserC,h20_su13,Storage EE,9.791936198178263
UserC,h20_su13,Gas Boiler,0.0
UserC,h20_su13,HP,0.0
UserC,h20_su13,AC,0.0
UserC,h20_su13,Storage HW,0.0
UserC,h20_su13,Radiators,0.0
UserC,h20_su13,Floor heating,0.0
UserC,h20_su13,Induction stove,0.0
UserC,h20_su13,Gas stove,0.0
UserC,h20_su13,Gas National Grid,0.0
UserC,h21_su13,PV sys,0.0
UserC,h21_su13,National Grid EE,0.0
UserC,h21_su13,Storage EE,8.905589752816224
UserC,h21_su13,Gas Boiler,0.0
UserC,h21_su13,HP,0.0
UserC,h21_su13,AC,0.0
UserC,h21_su13,Storage HW,0.0
UserC,h21_su13,Radiators,0.0
UserC,h21_su13,Floor heating,0.0
UserC,h21_su13,Induction stove,0.0
UserC,h21_su13,Gas stove,0.0
UserC,h21_su13,Gas National Grid,0.0
UserC,h22_su13,PV sys,0.0
UserC,h22_su13,National Grid EE,0.0
UserC,h22_su13,Storage EE,8.905589752816224
UserC,h22_su13,Gas Boiler,0.0
UserC,h22_su13,HP,0.0
UserC,h22_su13,AC,0.0
UserC,h22_su13,Storage HW,0.0
UserC,h22_su13,Radiators,0.0
UserC,h22_su13,Floor heating,0.0
UserC,h22_su13,Induction stove,0.0
UserC,h22_su13,Gas stove,0.0
UserC,h22_su13,Gas National Grid,0.0
UserC,h23_su13,PV sys,0.0
UserC,h23_su13,National Grid EE,0.0
UserC,h23_su13,Storage EE,8.232711781174102
UserC,h23_su13,Gas Boiler,0.0
UserC,h23_su13,HP,0.0
UserC,h23_su13,AC,0.0
UserC,h23_su13,Storage HW,0.0
UserC,h23_su13,Radiators,0.0
UserC,h23_su13,Floor heating,0.0
UserC,h23_su13,Induction stove,0.0
UserC,h23_su13,Gas stove,0.0
UserC,h23_su13,Gas National Grid,0.0
UserC,h24_su13,PV sys,0.0
UserC,h24_su13,National Grid EE,0.0
UserC,h24_su13,Storage EE,7.5018518824837415
UserC,h24_su13,Gas Boiler,0.0
UserC,h24_su13,HP,0.0
UserC,h24_su13,AC,0.0
UserC,h24_su13,Storage HW,0.0
UserC,h24_su13,Radiators,0.0
UserC,h24_su13,Floor heating,0.0
UserC,h24_su13,Induction stove,0.0
UserC,h24_su13,Gas stove,0.0
UserC,h24_su13,Gas National Grid,0.0
UserC,h01_su14,PV sys,0.0
UserC,h01_su14,National Grid EE,0.0
UserC,h01_su14,Storage EE,7.073395698271506
UserC,h01_su14,Gas Boiler,0.0
UserC,h01_su14,HP,0.0
UserC,h01_su14,AC,0.0
UserC,h01_su14,Storage HW,0.0
UserC,h01_su14,Radiators,0.0
UserC,h01_su14,Floor heating,0.0
UserC,h01_su14,Induction stove,0.0
UserC,h01_su14,Gas stove,0.0
UserC,h01_su14,Gas National Grid,0.0
UserC,h02_su14,PV sys,0.0
UserC,h02_su14,National Grid EE,0.0
UserC,h02_su14,Storage EE,6.8938616101454535
UserC,h02_su14,Gas Boiler,0.0
UserC,h02_su14,HP,0.0
UserC,h02_su14,AC,0.0
UserC,h02_su14,Storage HW,0.0
UserC,h02_su14,Radiators,0.0
UserC,h02_su14,Floor heating,0.0
UserC,h02_su14,Induction stove,0.0
UserC,h02_su14,Gas stove,0.0
UserC,h02_su14,Gas National Grid,0.0
UserC,h03_su14,PV sys,0.0
UserC,h03_su14,National Grid EE,0.0
UserC,h03_su14,Storage EE,6.600115342747121
UserC,h03_su14,Gas Boiler,0.0
UserC,h03_su14,HP,0.0
UserC,h03_su14,AC,0.0
UserC,h03_su14,Storage HW,0.0
UserC,h03_su14,Radiators,0.0
UserC,h03_su14,Floor heating,0.0
UserC,h03_su14,Induction stove,0.0
UserC,h03_su14,Gas stove,0.0
UserC,h03_su14,Gas National Grid,0.0
UserC,h04_su14,PV sys,0.0
UserC,h04_su14,National Grid EE,0.0
UserC,h04_su14,Storage EE,6.309926133156399
UserC,h04_su14,Gas Boiler,0.0
UserC,h04_su14,HP,0.0
UserC,h04_su14,AC,0.0
UserC,h04_su14,Storage HW,0.0
UserC,h04_su14,Radiators,0.0
UserC,h04_su14,Floor heating,0.0
UserC,h04_su14,Induction stove,0.0
UserC,h04_su14,Gas stove,0.0
UserC,h04_su14,Gas National Grid,0.0
UserC,h05_su14,PV sys,0.0
UserC,h05_su14,National Grid EE,0.0
UserC,h05_su14,Storage EE,6.134879167003641
UserC,h05_su14,Gas Boiler,0.0
UserC,h05_su14,HP,0.0
UserC,h05_su14,AC,0.0
UserC,h05_su14,Storage HW,0.0
UserC,h05_su14,Radiators,0.0
UserC,h05_su14,Floor heating,0.0
UserC,h05_su14,Induction stove,0.0
UserC,h05_su14,Gas stove,0.0
UserC,h05_su14,Gas National Grid,0.0
UserC,h06_su14,PV sys,0.0
UserC,h06_su14,National Grid EE,0.0
UserC,h06_su14,Storage EE,5.90969424471402
UserC,h06_su14,Gas Boiler,0.0
UserC,h06_su14,HP,0.0
UserC,h06_su14,AC,0.0
UserC,h06_su14,Storage HW,0.0
UserC,h06_su14,Radiators,0.0
UserC,h06_su14,Floor heating,0.0
UserC,h06_su14,Induction stove,0.0
UserC,h06_su14,Gas stove,0.0
UserC,h06_su14,Gas National Grid,0.0
UserC,h07_su14,PV sys,0.0
UserC,h07_su14,National Grid EE,0.0
UserC,h07_su14,Storage EE,5.838791457380308
UserC,h07_su14,Gas Boiler,0.0
UserC,h07_su14,HP,0.0
UserC,h07_su14,AC,0.0
UserC,h07_su14,Storage HW,0.0
UserC,h07_su14,Radiators,0.0
UserC,h07_su14,Floor heating,0.0
UserC,h07_su14,Induction stove,0.0
UserC,h07_su14,Gas stove,0.0
UserC,h07_su14,Gas National Grid,0.0
UserC,h08_su14,PV sys,0.0
UserC,h08_su14,National Grid EE,0.0
UserC,h08_su14,Storage EE,5.361543903758383
UserC,h08_su14,Gas Boiler,0.0
UserC,h08_su14,HP,0.0
UserC,h08_su14,AC,0.0
UserC,h08_su14,Storage HW,0.0
UserC,h08_su14,Radiators,0.0
UserC,h08_su14,Floor heating,0.0
UserC,h08_su14,Induction stove,0.0
UserC,h08_su14,Gas stove,0.0
UserC,h08_su14,Gas National Grid,0.0
UserC,h09_su14,PV sys,0.0
UserC,h09_su14,National Grid EE,0.0
UserC,h09_su14,Storage EE,5.008109350788374
UserC,h09_su14,Gas Boiler,0.0
UserC,h09_su14,HP,0.0
UserC,h09_su14,AC,0.0
UserC,h09_su14,Storage HW,0.0
UserC,h09_su14,Radiators,0.0
UserC,h09_su14,Floor heating,0.0
UserC,h09_su14,Induction stove,0.0
UserC,h09_su14,Gas stove,0.0
UserC,h09_su14,Gas National Grid,0.0
UserC,h10_su14,PV sys,0.0
UserC,h10_su14,National Grid EE,0.0
UserC,h10_su14,Storage EE,5.780369350788374
UserC,h10_su14,Gas Boiler,0.0
UserC,h10_su14,HP,0.0
UserC,h10_su14,AC,0.0
UserC,h10_su14,Storage HW,0.0
UserC,h10_su14,Radiators,0.0
UserC,h10_su14,Floor heating,0.0
UserC,h10_su14,Induction stove,0.0
UserC,h10_su14,Gas stove,0.0
UserC,h10_su14,Gas National Grid,0.0
UserC,h11_su14,PV sys,0.0
UserC,h11_su14,National Grid EE,0.0
UserC,h11_su14,Storage EE,5.9130338216184075
UserC,h11_su14,Gas Boiler,0.0
UserC,h11_su14,HP,0.0
UserC,h11_su14,AC,0.0
UserC,h11_su14,Storage HW,0.0
UserC,h11_su14,Radiators,0.0
UserC,h11_su14,Floor heating,0.0
UserC,h11_su14,Induction stove,0.0
UserC,h11_su14,Gas stove,0.0
UserC,h11_su14,Gas National Grid,0.0
UserC,h12_su14,PV sys,0.0
UserC,h12_su14,National Grid EE,0.0
UserC,h12_su14,Storage EE,6.339017312175109
UserC,h12_su14,Gas Boiler,0.0
UserC,h12_su14,HP,0.0
UserC,h12_su14,AC,0.0
UserC,h12_su14,Storage HW,0.0
UserC,h12_su14,Radiators,0.0
UserC,h12_su14,Floor heating,0.0
UserC,h12_su14,Induction stove,0.0
UserC,h12_su14,Gas stove,0.0
UserC,h12_su14,Gas National Grid,0.0
UserC,h13_su14,PV sys,0.0
UserC,h13_su14,National Grid EE,0.0
UserC,h13_su14,Storage EE,7.176107312175109
UserC,h13_su14,Gas Boiler,0.0
UserC,h13_su14,HP,0.0
UserC,h13_su14,AC,0.0
UserC,h13_su14,Storage HW,0.0
UserC,h13_su14,Radiators,0.0
UserC,h13_su14,Floor heating,0.0
UserC,h13_su14,Induction stove,0.0
UserC,h13_su14,Gas stove,0.0
UserC,h13_su14,Gas National Grid,0.0
UserC,h14_su14,PV sys,0.0
UserC,h14_su14,National Grid EE,0.0
UserC,h14_su14,Storage EE,7.592505171636237
UserC,h14_su14,Gas Boiler,0.0
UserC,h14_su14,HP,0.0
UserC,h14_su14,AC,0.0
UserC,h14_su14,Storage HW,0.0
UserC,h14_su14,Radiators,0.0
UserC,h14_su14,Floor heating,0.0
UserC,h14_su14,Induction stove,0.0
UserC,h14_su14,Gas stove,0.0
UserC,h14_su14,Gas National Grid,0.0
UserC,h15_su14,PV sys,0.0
UserC,h15_su14,National Grid EE,0.0
UserC,h15_su14,Storage EE,7.749344918556016
UserC,h15_su14,Gas Boiler,0.0
UserC,h15_su14,HP,0.0
UserC,h15_su14,AC,0.0
UserC,h15_su14,Storage HW,0.0
UserC,h15_su14,Radiators,0.0
UserC,h15_su14,Floor heating,0.0
UserC,h15_su14,Induction stove,0.0
UserC,h15_su14,Gas stove,0.0
UserC,h15_su14,Gas National Grid,0.0
UserC,h16_su14,PV sys,0.0
UserC,h16_su14,National Grid EE,0.0
UserC,h16_su14,Storage EE,7.802708574429623
UserC,h16_su14,Gas Boiler,0.0
UserC,h16_su14,HP,0.0
UserC,h16_su14,AC,0.0
UserC,h16_su14,Storage HW,0.0
UserC,h16_su14,Radiators,0.0
UserC,h16_su14,Floor heating,0.0
UserC,h16_su14,Induction stove,0.0
UserC,h16_su14,Gas stove,0.0
UserC,h16_su14,Gas National Grid,0.0
UserC,h17_su14,PV sys,0.0
UserC,h17_su14,National Grid EE,0.0
UserC,h17_su14,Storage EE,7.771623594361525
UserC,h17_su14,Gas Boiler,0.0
UserC,h17_su14,HP,0.0
UserC,h17_su14,AC,0.0
UserC,h17_su14,Storage HW,0.0
UserC,h17_su14,Radiators,0.0
UserC,h17_su14,Floor heating,0.0
UserC,h17_su14,Induction stove,0.0
UserC,h17_su14,Gas stove,0.0
UserC,h17_su14,Gas National Grid,0.0
UserC,h18_su14,PV sys,0.0
UserC,h18_su14,National Grid EE,0.0
UserC,h18_su14,Storage EE,6.9748103203197545
UserC,h18_su14,Gas Boiler,0.0
UserC,h18_su14,HP,0.0
UserC,h18_su14,AC,0.0
UserC,h18_su14,Storage HW,0.0
UserC,h18_su14,Radiators,0.0
UserC,h18_su14,Floor heating,0.0
UserC,h18_su14,Induction stove,0.0
UserC,h18_su14,Gas stove,0.0
UserC,h18_su14,Gas National Grid,0.0
UserC,h19_su14,PV sys,0.0
UserC,h19_su14,National Grid EE,0.0
UserC,h19_su14,Storage EE,6.291313445160031
UserC,h19_su14,Gas Boiler,0.0
UserC,h19_su14,HP,0.0
UserC,h19_su14,AC,0.0
UserC,h19_su14,Storage HW,0.0
UserC,h19_su14,Radiators,0.0
UserC,h19_su14,Floor heating,0.0
UserC,h19_su14,Induction stove,0.0
UserC,h19_su14,Gas stove,0.0
UserC,h19_su14,Gas National Grid,0.0
UserC,h20_su14,PV sys,0.0
UserC,h20_su14,National Grid EE,0.0
UserC,h20_su14,Storage EE,4.915801676179051
UserC,h20_su14,Gas Boiler,0.0
UserC,h20_su14,HP,0.0
UserC,h20_su14,AC,0.0
UserC,h20_su14,Storage HW,0.0
UserC,h20_su14,Radiators,0.0
UserC,h20_su14,Floor heating,0.0
UserC,h20_su14,Induction stove,0.0
UserC,h20_su14,Gas stove,0.0
UserC,h20_su14,Gas National Grid,0.0
UserC,h21_su14,PV sys,0.0
UserC,h21_su14,National Grid EE,0.0
UserC,h21_su14,Storage EE,3.810779136514345
UserC,h21_su14,Gas Boiler,0.0
UserC,h21_su14,HP,0.0
UserC,h21_su14,AC,0.0
UserC,h21_su14,Storage HW,0.0
UserC,h21_su14,Radiators,0.0
UserC,h21_su14,Floor heating,0.0
UserC,h21_su14,Induction stove,0.0
UserC,h21_su14,Gas stove,0.0
UserC,h21_su14,Gas National Grid,0.0
UserC,h22_su14,PV sys,0.0
UserC,h22_su14,National Grid EE,0.0
UserC,h22_su14,Storage EE,2.7065666678300593
UserC,h22_su14,Gas Boiler,0.0
UserC,h22_su14,HP,0.0
UserC,h22_su14,AC,0.0
UserC,h22_su14,Storage HW,0.0
UserC,h22_su14,Radiators,0.0
UserC,h22_su14,Floor heating,0.0
UserC,h22_su14,Induction stove,0.0
UserC,h22_su14,Gas stove,0.0
UserC,h22_su14,Gas National Grid,0.0
UserC,h23_su14,PV sys,0.0
UserC,h23_su14,National Grid EE,0.0
UserC,h23_su14,Storage EE,1.6201171579492133
UserC,h23_su14,Gas Boiler,0.0
UserC,h23_su14,HP,0.0
UserC,h23_su14,AC,0.0
UserC,h23_su14,Storage HW,0.0
UserC,h23_su14,Radiators,0.0
UserC,h23_su14,Floor heating,0.0
UserC,h23_su14,Induction stove,0.0
UserC,h23_su14,Gas stove,0.0
UserC,h23_su14,Gas National Grid,0.0
UserC,h24_su14,PV sys,0.0
UserC,h24_su14,National Grid EE,0.0
UserC,h24_su14,Storage EE,1.2000000000000002
UserC,h24_su14,Gas Boiler,0.0
UserC,h24_su14,HP,0.0
UserC,h24_su14,AC,0.0
UserC,h24_su14,Storage HW,0.0
UserC,h24_su14,Radiators,0.0
UserC,h24_su14,Floor heating,0.0
UserC,h24_su14,Induction stove,0.0
UserC,h24_su14,Gas stove,0.0
UserC,h24_su14,Gas National Grid,0.0
UserC,peak,PV sys,0.0
UserC,peak,National Grid EE,0.0
UserC,peak,Storage EE,0.0
UserC,peak,Gas Boiler,0.0
UserC,peak,HP,0.0
UserC,peak,AC,0.0
UserC,peak,Storage HW,0.0
UserC,peak,Radiators,0.0
UserC,peak,Floor heating,0.0
UserC,peak,Induction stove,0.0
UserC,peak,Gas stove,0.0
UserC,peak,Gas National Grid,0.0
UserD,h01_wi01,PV sys,0.0
UserD,h01_wi01,National Grid EE,0.0
UserD,h01_wi01,Storage EE,0.6
UserD,h01_wi01,Gas Boiler,0.0
UserD,h01_wi01,HP,0.0
UserD,h01_wi01,AC,0.0
UserD,h01_wi01,Storage HW,0.0
UserD,h01_wi01,Radiators,0.0
UserD,h01_wi01,Floor heating,0.0
UserD,h01_wi01,Induction stove,0.0
UserD,h01_wi01,Gas stove,0.0
UserD,h01_wi01,Gas National Grid,0.0
UserD,h02_wi01,PV sys,0.0
UserD,h02_wi01,National Grid EE,0.0
UserD,h02_wi01,Storage EE,0.6
UserD,h02_wi01,Gas Boiler,0.0
UserD,h02_wi01,HP,0.0
UserD,h02_wi01,AC,0.0
UserD,h02_wi01,Storage HW,0.0
UserD,h02_wi01,Radiators,0.0
UserD,h02_wi01,Floor heating,0.0
UserD,h02_wi01,Induction stove,0.0
UserD,h02_wi01,Gas stove,0.0
UserD,h02_wi01,Gas National Grid,0.0
UserD,h03_wi01,PV sys,0.0
UserD,h03_wi01,National Grid EE,0.0
UserD,h03_wi01,Storage EE,0.6
UserD,h03_wi01,Gas Boiler,0.0
UserD,h03_wi01,HP,0.0
UserD,h03_wi01,AC,0.0
UserD,h03_wi01,Storage HW,0.0
UserD,h03_wi01,Radiators,0.0
UserD,h03_wi01,Floor heating,0.0
UserD,h03_wi01,Induction stove,0.0
UserD,h03_wi01,Gas stove,0.0
UserD,h03_wi01,Gas National Grid,0.0
UserD,h04_wi01,PV sys,0.0
UserD,h04_wi01,National Grid EE,0.0
UserD,h04_wi01,Storage EE,0.6
UserD,h04_wi01,Gas Boiler,0.0
UserD,h04_wi01,HP,0.0
UserD,h04_wi01,AC,0.0
UserD,h04_wi01,Storage HW,0.0
UserD,h04_wi01,Radiators,0.0
UserD,h04_wi01,Floor heating,0.0
UserD,h04_wi01,Induction stove,0.0
UserD,h04_wi01,Gas stove,0.0
UserD,h04_wi01,Gas National Grid,0.0
UserD,h05_wi01,PV sys,0.0
UserD,h05_wi01,National Grid EE,0.0
UserD,h05_wi01,Storage EE,0.6
UserD,h05_wi01,Gas Boiler,0.0
UserD,h05_wi01,HP,0.0
UserD,h05_wi01,AC,0.0
UserD,h05_wi01,Storage HW,0.0
UserD,h05_wi01,Radiators,0.0
UserD,h05_wi01,Floor heating,0.0
UserD,h05_wi01,Induction stove,0.0
UserD,h05_wi01,Gas stove,0.0
UserD,h05_wi01,Gas National Grid,0.0
UserD,h06_wi01,PV sys,0.0
UserD,h06_wi01,National Grid EE,0.0
UserD,h06_wi01,Storage EE,0.6
UserD,h06_wi01,Gas Boiler,0.0
UserD,h06_wi01,HP,0.0
UserD,h06_wi01,AC,0.0
UserD,h06_wi01,Storage HW,0.0
UserD,h06_wi01,Radiators,0.0
UserD,h06_wi01,Floor heating,0.0
UserD,h06_wi01,Induction stove,0.0
UserD,h06_wi01,Gas stove,0.0
UserD,h06_wi01,Gas National Grid,0.0
UserD,h07_wi01,PV sys,0.0
UserD,h07_wi01,National Grid EE,0.0
UserD,h07_wi01,Storage EE,0.6
UserD,h07_wi01,Gas Boiler,0.0
UserD,h07_wi01,HP,0.0
UserD,h07_wi01,AC,0.0
UserD,h07_wi01,Storage HW,0.0
UserD,h07_wi01,Radiators,0.0
UserD,h07_wi01,Floor heating,0.0
UserD,h07_wi01,Induction stove,0.0
UserD,h07_wi01,Gas stove,0.0
UserD,h07_wi01,Gas National Grid,0.0
UserD,h08_wi01,PV sys,0.0
UserD,h08_wi01,National Grid EE,0.0
UserD,h08_wi01,Storage EE,0.6
UserD,h08_wi01,Gas Boiler,0.0
UserD,h08_wi01,HP,0.0
UserD,h08_wi01,AC,0.0
UserD,h08_wi01,Storage HW,0.0
UserD,h08_wi01,Radiators,0.0
UserD,h08_wi01,Floor heating,0.0
UserD,h08_wi01,Induction stove,0.0
UserD,h08_wi01,Gas stove,0.0
UserD,h08_wi01,Gas National Grid,0.0
UserD,h09_wi01,PV sys,0.0
UserD,h09_wi01,National Grid EE,0.0
UserD,h09_wi01,Storage EE,0.6
UserD,h09_wi01,Gas Boiler,0.0
UserD,h09_wi01,HP,0.0
UserD,h09_wi01,AC,0.0
UserD,h09_wi01,Storage HW,0.0
UserD,h09_wi01,Radiators,0.0
UserD,h09_wi01,Floor heating,0.0
UserD,h09_wi01,Induction stove,0.0
UserD,h09_wi01,Gas stove,0.0
UserD,h09_wi01,Gas National Grid,0.0
UserD,h10_wi01,PV sys,0.0
UserD,h10_wi01,National Grid EE,0.0
UserD,h10_wi01,Storage EE,2.0593976833333336
UserD,h10_wi01,Gas Boiler,0.0
UserD,h10_wi01,HP,0.0
UserD,h10_wi01,AC,0.0
UserD,h10_wi01,Storage HW,0.0
UserD,h10_wi01,Radiators,0.0
UserD,h10_wi01,Floor heating,0.0
UserD,h10_wi01,Induction stove,0.0
UserD,h10_wi01,Gas stove,0.0
UserD,h10_wi01,Gas National Grid,0.0
UserD,h11_wi01,PV sys,0.0
UserD,h11_wi01,National Grid EE,0.0
UserD,h11_wi01,Storage EE,4.021662166666666
UserD,h11_wi01,Gas Boiler,0.0
UserD,h11_wi01,HP,0.0
UserD,h11_wi01,AC,0.0
UserD,h11_wi01,Storage HW,0.0
UserD,h11_wi01,Radiators,0.0
UserD,h11_wi01,Floor heating,0.0
UserD,h11_wi01,Induction stove,0.0
UserD,h11_wi01,Gas stove,0.0
UserD,h11_wi01,Gas National Grid,0.0
UserD,h12_wi01,PV sys,0.0
UserD,h12_wi01,National Grid EE,0.0
UserD,h12_wi01,Storage EE,5.7
UserD,h12_wi01,Gas Boiler,0.0
UserD,h12_wi01,HP,0.0
UserD,h12_wi01,AC,0.0
UserD,h12_wi01,Storage HW,0.0
UserD,h12_wi01,Radiators,0.0
UserD,h12_wi01,Floor heating,0.0
UserD,h12_wi01,Induction stove,0.0
UserD,h12_wi01,Gas stove,0.0
UserD,h12_wi01,Gas National Grid,0.0
UserD,h13_wi01,PV sys,0.0
UserD,h13_wi01,National Grid EE,0.0
UserD,h13_wi01,Storage EE,5.7
UserD,h13_wi01,Gas Boiler,0.0
UserD,h13_wi01,HP,0.0
UserD,h13_wi01,AC,0.0
UserD,h13_wi01,Storage HW,0.0
UserD,h13_wi01,Radiators,0.0
UserD,h13_wi01,Floor heating,0.0
UserD,h13_wi01,Induction stove,0.0
UserD,h13_wi01,Gas stove,0.0
UserD,h13_wi01,Gas National Grid,0.0
UserD,h14_wi01,PV sys,0.0
UserD,h14_wi01,National Grid EE,0.0
UserD,h14_wi01,Storage EE,5.518897533333335
UserD,h14_wi01,Gas Boiler,0.0
UserD,h14_wi01,HP,0.0
UserD,h14_wi01,AC,0.0
UserD,h14_wi01,Storage HW,0.0
UserD,h14_wi01,Radiators,0.0
UserD,h14_wi01,Floor heating,0.0
UserD,h14_wi01,Induction stove,0.0
UserD,h14_wi01,Gas stove,0.0
UserD,h14_wi01,Gas National Grid,0.0
UserD,h15_wi01,PV sys,0.0
UserD,h15_wi01,National Grid EE,0.0
UserD,h15_wi01,Storage EE,5.6421
UserD,h15_wi01,Gas Boiler,0.0
UserD,h15_wi01,HP,0.0
UserD,h15_wi01,AC,0.0
UserD,h15_wi01,Storage HW,0.0
UserD,h15_wi01,Radiators,0.0
UserD,h15_wi01,Floor heating,0.0
UserD,h15_wi01,Induction stove,0.0
UserD,h15_wi01,Gas stove,0.0
UserD,h15_wi01,Gas National Grid,0.0
UserD,h16_wi01,PV sys,0.0
UserD,h16_wi01,National Grid EE,0.0
UserD,h16_wi01,Storage EE,5.7
UserD,h16_wi01,Gas Boiler,0.0
UserD,h16_wi01,HP,0.0
UserD,h16_wi01,AC,0.0
UserD,h16_wi01,Storage HW,0.0
UserD,h16_wi01,Radiators,0.0
UserD,h16_wi01,Floor heating,0.0
UserD,h16_wi01,Induction stove,0.0
UserD,h16_wi01,Gas stove,0.0
UserD,h16_wi01,Gas National Grid,0.0
UserD,h17_wi01,PV sys,0.0
UserD,h17_wi01,National Grid EE,0.0
UserD,h17_wi01,Storage EE,5.7
UserD,h17_wi01,Gas Boiler,0.0
UserD,h17_wi01,HP,0.0
UserD,h17_wi01,AC,0.0
UserD,h17_wi01,Storage HW,0.0
UserD,h17_wi01,Radiators,0.0
UserD,h17_wi01,Floor heating,0.0
UserD,h17_wi01,Induction stove,0.0
UserD,h17_wi01,Gas stove,0.0
UserD,h17_wi01,Gas National Grid,0.0
UserD,h18_wi01,PV sys,0.0
UserD,h18_wi01,National Grid EE,0.0
UserD,h18_wi01,Storage EE,5.7
UserD,h18_wi01,Gas Boiler,0.0
UserD,h18_wi01,HP,0.0
UserD,h18_wi01,AC,0.0
UserD,h18_wi01,Storage HW,0.0
UserD,h18_wi01,Radiators,0.0
UserD,h18_wi01,Floor heating,0.0
UserD,h18_wi01,Induction stove,0.0
UserD,h18_wi01,Gas stove,0.0
UserD,h18_wi01,Gas National Grid,0.0
UserD,h19_wi01,PV sys,0.0
UserD,h19_wi01,National Grid EE,0.0
UserD,h19_wi01,Storage EE,5.7
UserD,h19_wi01,Gas Boiler,0.0
UserD,h19_wi01,HP,0.0
UserD,h19_wi01,AC,0.0
UserD,h19_wi01,Storage HW,0.0
UserD,h19_wi01,Radiators,0.0
UserD,h19_wi01,Floor heating,0.0
UserD,h19_wi01,Induction stove,0.0
UserD,h19_wi01,Gas stove,0.0
UserD,h19_wi01,Gas National Grid,0.0
UserD,h20_wi01,PV sys,0.0
UserD,h20_wi01,National Grid EE,0.0
UserD,h20_wi01,Storage EE,5.7
UserD,h20_wi01,Gas Boiler,0.0
UserD,h20_wi01,HP,0.0
UserD,h20_wi01,AC,0.0
UserD,h20_wi01,Storage HW,0.0
UserD,h20_wi01,Radiators,0.0
UserD,h20_wi01,Floor heating,0.0
UserD,h20_wi01,Induction stove,0.0
UserD,h20_wi01,Gas stove,0.0
UserD,h20_wi01,Gas National Grid,0.0
UserD,h21_wi01,PV sys,0.0
UserD,h21_wi01,National Grid EE,0.0
UserD,h21_wi01,Storage EE,5.7
UserD,h21_wi01,Gas Boiler,0.0
UserD,h21_wi01,HP,0.0
UserD,h21_wi01,AC,0.0
UserD,h21_wi01,Storage HW,0.0
UserD,h21_wi01,Radiators,0.0
UserD,h21_wi01,Floor heating,0.0
UserD,h21_wi01,Induction stove,0.0
UserD,h21_wi01,Gas stove,0.0
UserD,h21_wi01,Gas National Grid,0.0
UserD,h22_wi01,PV sys,0.0
UserD,h22_wi01,National Grid EE,0.0
UserD,h22_wi01,Storage EE,5.7
UserD,h22_wi01,Gas Boiler,0.0
UserD,h22_wi01,HP,0.0
UserD,h22_wi01,AC,0.0
UserD,h22_wi01,Storage HW,0.0
UserD,h22_wi01,Radiators,0.0
UserD,h22_wi01,Floor heating,0.0
UserD,h22_wi01,Induction stove,0.0
UserD,h22_wi01,Gas stove,0.0
UserD,h22_wi01,Gas National Grid,0.0
UserD,h23_wi01,PV sys,0.0
UserD,h23_wi01,National Grid EE,0.0
UserD,h23_wi01,Storage EE,5.7
UserD,h23_wi01,Gas Boiler,0.0
UserD,h23_wi01,HP,0.0
UserD,h23_wi01,AC,0.0
UserD,h23_wi01,Storage HW,0.0
UserD,h23_wi01,Radiators,0.0
UserD,h23_wi01,Floor heating,0.0
UserD,h23_wi01,Induction stove,0.0
UserD,h23_wi01,Gas stove,0.0
UserD,h23_wi01,Gas National Grid,0.0
UserD,h24_wi01,PV sys,0.0
UserD,h24_wi01,National Grid EE,0.0
UserD,h24_wi01,Storage EE,5.7
UserD,h24_wi01,Gas Boiler,0.0
UserD,h24_wi01,HP,0.0
UserD,h24_wi01,AC,0.0
UserD,h24_wi01,Storage HW,0.0
UserD,h24_wi01,Radiators,0.0
UserD,h24_wi01,Floor heating,0.0
UserD,h24_wi01,Induction stove,0.0
UserD,h24_wi01,Gas stove,0.0
UserD,h24_wi01,Gas National Grid,0.0
UserD,h01_wi02,PV sys,0.0
UserD,h01_wi02,National Grid EE,0.0
UserD,h01_wi02,Storage EE,5.370397566666666
UserD,h01_wi02,Gas Boiler,0.0
UserD,h01_wi02,HP,0.0
UserD,h01_wi02,AC,0.0
UserD,h01_wi02,Storage HW,0.0
UserD,h01_wi02,Radiators,0.0
UserD,h01_wi02,Floor heating,0.0
UserD,h01_wi02,Induction stove,0.0
UserD,h01_wi02,Gas stove,0.0
UserD,h01_wi02,Gas National Grid,0.0
UserD,h02_wi02,PV sys,0.0
UserD,h02_wi02,National Grid EE,0.0
UserD,h02_wi02,Storage EE,5.168963366666666
UserD,h02_wi02,Gas Boiler,0.0
UserD,h02_wi02,HP,0.0
UserD,h02_wi02,AC,0.0
UserD,h02_wi02,Storage HW,0.0
UserD,h02_wi02,Radiators,0.0
UserD,h02_wi02,Floor heating,0.0
UserD,h02_wi02,Induction stove,0.0
UserD,h02_wi02,Gas stove,0.0
UserD,h02_wi02,Gas National Grid,0.0
UserD,h03_wi02,PV sys,0.0
UserD,h03_wi02,National Grid EE,0.0
UserD,h03_wi02,Storage EE,4.960713366666666
UserD,h03_wi02,Gas Boiler,0.0
UserD,h03_wi02,HP,0.0
UserD,h03_wi02,AC,0.0
UserD,h03_wi02,Storage HW,0.0
UserD,h03_wi02,Radiators,0.0
UserD,h03_wi02,Floor heating,0.0
UserD,h03_wi02,Induction stove,0.0
UserD,h03_wi02,Gas stove,0.0
UserD,h03_wi02,Gas National Grid,0.0
UserD,h04_wi02,PV sys,0.0
UserD,h04_wi02,National Grid EE,0.0
UserD,h04_wi02,Storage EE,4.749463316666666
UserD,h04_wi02,Gas Boiler,0.0
UserD,h04_wi02,HP,0.0
UserD,h04_wi02,AC,0.0
UserD,h04_wi02,Storage HW,0.0
UserD,h04_wi02,Radiators,0.0
UserD,h04_wi02,Floor heating,0.0
UserD,h04_wi02,Induction stove,0.0
UserD,h04_wi02,Gas stove,0.0
UserD,h04_wi02,Gas National Grid,0.0
UserD,h05_wi02,PV sys,0.0
UserD,h05_wi02,National Grid EE,0.0
UserD,h05_wi02,Storage EE,3.1573522055555556
UserD,h05_wi02,Gas Boiler,0.0
UserD,h05_wi02,HP,0.0
UserD,h05_wi02,AC,0.0
UserD,h05_wi02,Storage HW,0.0
UserD,h05_wi02,Radiators,0.0
UserD,h05_wi02,Floor heating,0.0
UserD,h05_wi02,Induction stove,0.0
UserD,h05_wi02,Gas stove,0.0
UserD,h05_wi02,Gas National Grid,0.0
UserD,h06_wi02,PV sys,0.0
UserD,h06_wi02,National Grid EE,0.0
UserD,h06_wi02,Storage EE,2.9263522055555558
UserD,h06_wi02,Gas Boiler,0.0
UserD,h06_wi02,HP,0.0
UserD,h06_wi02,AC,0.0
UserD,h06_wi02,Storage HW,0.0
UserD,h06_wi02,Radiators,0.0
UserD,h06_wi02,Floor heating,0.0
UserD,h06_wi02,Induction stove,0.0
UserD,h06_wi02,Gas stove,0.0
UserD,h06_wi02,Gas National Grid,0.0
UserD,h07_wi02,PV sys,0.0
UserD,h07_wi02,National Grid EE,0.0
UserD,h07_wi02,Storage EE,2.693834805555556
UserD,h07_wi02,Gas Boiler,0.0
UserD,h07_wi02,HP,0.0
UserD,h07_wi02,AC,0.0
UserD,h07_wi02,Storage HW,0.0
UserD,h07_wi02,Radiators,0.0
UserD,h07_wi02,Floor heating,0.0
UserD,h07_wi02,Induction stove,0.0
UserD,h07_wi02,Gas stove,0.0
UserD,h07_wi02,Gas National Grid,0.0
UserD,h08_wi02,PV sys,0.0
UserD,h08_wi02,National Grid EE,0.0
UserD,h08_wi02,Storage EE,2.4344993888888893
UserD,h08_wi02,Gas Boiler,0.0
UserD,h08_wi02,HP,0.0
UserD,h08_wi02,AC,0.0
UserD,h08_wi02,Storage HW,0.0
UserD,h08_wi02,Radiators,0.0
UserD,h08_wi02,Floor heating,0.0
UserD,h08_wi02,Induction stove,0.0
UserD,h08_wi02,Gas stove,0.0
UserD,h08_wi02,Gas National Grid,0.0
UserD,h09_wi02,PV sys,0.0
UserD,h09_wi02,National Grid EE,0.0
UserD,h09_wi02,Storage EE,1.2991025111111125
UserD,h09_wi02,Gas Boiler,0.0
UserD,h09_wi02,HP,0.0
UserD,h09_wi02,AC,0.0
UserD,h09_wi02,Storage HW,0.0
UserD,h09_wi02,Radiators,0.0
UserD,h09_wi02,Floor heating,0.0
UserD,h09_wi02,Induction stove,0.0
UserD,h09_wi02,Gas stove,0.0
UserD,h09_wi02,Gas National Grid,0.0
UserD,h10_wi02,PV sys,0.0
UserD,h10_wi02,National Grid EE,0.0
UserD,h10_wi02,Storage EE,0.6
UserD,h10_wi02,Gas Boiler,0.0
UserD,h10_wi02,HP,0.0
UserD,h10_wi02,AC,0.0
UserD,h10_wi02,Storage HW,0.0
UserD,h10_wi02,Radiators,0.0
UserD,h10_wi02,Floor heating,0.0
UserD,h10_wi02,Induction stove,0.0
UserD,h10_wi02,Gas stove,0.0
UserD,h10_wi02,Gas National Grid,0.0
UserD,h11_wi02,PV sys,0.0
UserD,h11_wi02,National Grid EE,0.0
UserD,h11_wi02,Storage EE,0.681378422222223
UserD,h11_wi02,Gas Boiler,0.0
UserD,h11_wi02,HP,0.0
UserD,h11_wi02,AC,0.0
UserD,h11_wi02,Storage HW,0.0
UserD,h11_wi02,Radiators,0.0
UserD,h11_wi02,Floor heating,0.0
UserD,h11_wi02,Induction stove,0.0
UserD,h11_wi02,Gas stove,0.0
UserD,h11_wi02,Gas National Grid,0.0
UserD,h12_wi02,PV sys,0.0
UserD,h12_wi02,National Grid EE,0.0
UserD,h12_wi02,Storage EE,1.8438906611111125
UserD,h12_wi02,Gas Boiler,0.0
UserD,h12_wi02,HP,0.0
UserD,h12_wi02,AC,0.0
UserD,h12_wi02,Storage HW,0.0
UserD,h12_wi02,Radiators,0.0
UserD,h12_wi02,Floor heating,0.0
UserD,h12_wi02,Induction stove,0.0
UserD,h12_wi02,Gas stove,0.0
UserD,h12_wi02,Gas National Grid,0.0
UserD,h13_wi02,PV sys,0.0
UserD,h13_wi02,National Grid EE,0.0
UserD,h13_wi02,Storage EE,3.2932181000000025
UserD,h13_wi02,Gas Boiler,0.0
UserD,h13_wi02,HP,0.0
UserD,h13_wi02,AC,0.0
UserD,h13_wi02,Storage HW,0.0
UserD,h13_wi02,Radiators,0.0
UserD,h13_wi02,Floor heating,0.0
UserD,h13_wi02,Induction stove,0.0
UserD,h13_wi02,Gas stove,0.0
UserD,h13_wi02,Gas National Grid,0.0
UserD,h14_wi02,PV sys,0.0
UserD,h14_wi02,National Grid EE,0.0
UserD,h14_wi02,Storage EE,4.995073616666671
UserD,h14_wi02,Gas Boiler,0.0
UserD,h14_wi02,HP,0.0
UserD,h14_wi02,AC,0.0
UserD,h14_wi02,Storage HW,0.0
UserD,h14_wi02,Radiators,0.0
UserD,h14_wi02,Floor heating,0.0
UserD,h14_wi02,Induction stove,0.0
UserD,h14_wi02,Gas stove,0.0
UserD,h14_wi02,Gas National Grid,0.0
UserD,h15_wi02,PV sys,0.0
UserD,h15_wi02,National Grid EE,0.0
UserD,h15_wi02,Storage EE,5.623419822222228
UserD,h15_wi02,Gas Boiler,0.0
UserD,h15_wi02,HP,0.0
UserD,h15_wi02,AC,0.0
UserD,h15_wi02,Storage HW,0.0
UserD,h15_wi02,Radiators,0.0
UserD,h15_wi02,Floor heating,0.0
UserD,h15_wi02,Induction stove,0.0
UserD,h15_wi02,Gas stove,0.0
UserD,h15_wi02,Gas National Grid,0.0
UserD,h16_wi02,PV sys,0.0
UserD,h16_wi02,National Grid EE,0.0
UserD,h16_wi02,Storage EE,5.7
UserD,h16_wi02,Gas Boiler,0.0
UserD,h16_wi02,HP,0.0
UserD,h16_wi02,AC,0.0
UserD,h16_wi02,Storage HW,0.0
UserD,h16_wi02,Radiators,0.0
UserD,h16_wi02,Floor heating,0.0
UserD,h16_wi02,Induction stove,0.0
UserD,h16_wi02,Gas stove,0.0
UserD,h16_wi02,Gas National Grid,0.0
UserD,h17_wi02,PV sys,0.0
UserD,h17_wi02,National Grid EE,0.0
UserD,h17_wi02,Storage EE,5.430000000000001
UserD,h17_wi02,Gas Boiler,0.0
UserD,h17_wi02,HP,0.0
UserD,h17_wi02,AC,0.0
UserD,h17_wi02,Storage HW,0.0
UserD,h17_wi02,Radiators,0.0
UserD,h17_wi02,Floor heating,0.0
UserD,h17_wi02,Induction stove,0.0
UserD,h17_wi02,Gas stove,0.0
UserD,h17_wi02,Gas National Grid,0.0
UserD,h18_wi02,PV sys,0.0
UserD,h18_wi02,National Grid EE,0.0
UserD,h18_wi02,Storage EE,5.130833316666667
UserD,h18_wi02,Gas Boiler,0.0
UserD,h18_wi02,HP,0.0
UserD,h18_wi02,AC,0.0
UserD,h18_wi02,Storage HW,0.0
UserD,h18_wi02,Radiators,0.0
UserD,h18_wi02,Floor heating,0.0
UserD,h18_wi02,Induction stove,0.0
UserD,h18_wi02,Gas stove,0.0
UserD,h18_wi02,Gas National Grid,0.0
UserD,h19_wi02,PV sys,0.0
UserD,h19_wi02,National Grid EE,0.0
UserD,h19_wi02,Storage EE,4.867498033333334
UserD,h19_wi02,Gas Boiler,0.0
UserD,h19_wi02,HP,0.0
UserD,h19_wi02,AC,0.0
UserD,h19_wi02,Storage HW,0.0
UserD,h19_wi02,Radiators,0.0
UserD,h19_wi02,Floor heating,0.0
UserD,h19_wi02,Induction stove,0.0
UserD,h19_wi02,Gas stove,0.0
UserD,h19_wi02,Gas National Grid,0.0
UserD,h20_wi02,PV sys,0.0
UserD,h20_wi02,National Grid EE,0.0
UserD,h20_wi02,Storage EE,4.867498033333334
UserD,h20_wi02,Gas Boiler,0.0
UserD,h20_wi02,HP,0.0
UserD,h20_wi02,AC,0.0
UserD,h20_wi02,Storage HW,0.0
UserD,h20_wi02,Radiators,0.0
UserD,h20_wi02,Floor heating,0.0
UserD,h20_wi02,Induction stove,0.0
UserD,h20_wi02,Gas stove,0.0
UserD,h20_wi02,Gas National Grid,0.0
UserD,h21_wi02,PV sys,0.0
UserD,h21_wi02,National Grid EE,0.0
UserD,h21_wi02,Storage EE,3.6951825
UserD,h21_wi02,Gas Boiler,0.0
UserD,h21_wi02,HP,0.0
UserD,h21_wi02,AC,0.0
UserD,h21_wi02,Storage HW,0.0
UserD,h21_wi02,Radiators,0.0
UserD,h21_wi02,Floor heating,0.0
UserD,h21_wi02,Induction stove,0.0
UserD,h21_wi02,Gas stove,0.0
UserD,h21_wi02,Gas National Grid,0.0
UserD,h22_wi02,PV sys,0.0
UserD,h22_wi02,National Grid EE,0.0
UserD,h22_wi02,Storage EE,3.554761716666666
UserD,h22_wi02,Gas Boiler,0.0
UserD,h22_wi02,HP,0.0
UserD,h22_wi02,AC,0.0
UserD,h22_wi02,Storage HW,0.0
UserD,h22_wi02,Radiators,0.0
UserD,h22_wi02,Floor heating,0.0
UserD,h22_wi02,Induction stove,0.0
UserD,h22_wi02,Gas stove,0.0
UserD,h22_wi02,Gas National Grid,0.0
UserD,h23_wi02,PV sys,0.0
UserD,h23_wi02,National Grid EE,0.0
UserD,h23_wi02,Storage EE,1.390170116666667
UserD,h23_wi02,Gas Boiler,0.0
UserD,h23_wi02,HP,0.0
UserD,h23_wi02,AC,0.0
UserD,h23_wi02,Storage HW,0.0
UserD,h23_wi02,Radiators,0.0
UserD,h23_wi02,Floor heating,0.0
UserD,h23_wi02,Induction stove,0.0
UserD,h23_wi02,Gas stove,0.0
UserD,h23_wi02,Gas National Grid,0.0
UserD,h24_wi02,PV sys,0.0
UserD,h24_wi02,National Grid EE,0.0
UserD,h24_wi02,Storage EE,0.6
UserD,h24_wi02,Gas Boiler,0.0
UserD,h24_wi02,HP,0.0
UserD,h24_wi02,AC,0.0
UserD,h24_wi02,Storage HW,0.0
UserD,h24_wi02,Radiators,0.0
UserD,h24_wi02,Floor heating,0.0
UserD,h24_wi02,Induction stove,0.0
UserD,h24_wi02,Gas stove,0.0
UserD,h24_wi02,Gas National Grid,0.0
UserD,h01_wi03,PV sys,0.0
UserD,h01_wi03,National Grid EE,0.0
UserD,h01_wi03,Storage EE,0.6
UserD,h01_wi03,Gas Boiler,0.0
UserD,h01_wi03,HP,0.0
UserD,h01_wi03,AC,0.0
UserD,h01_wi03,Storage HW,0.0
UserD,h01_wi03,Radiators,0.0
UserD,h01_wi03,Floor heating,0.0
UserD,h01_wi03,Induction stove,0.0
UserD,h01_wi03,Gas stove,0.0
UserD,h01_wi03,Gas National Grid,0.0
UserD,h02_wi03,PV sys,0.0
UserD,h02_wi03,National Grid EE,0.0
UserD,h02_wi03,Storage EE,0.6
UserD,h02_wi03,Gas Boiler,0.0
UserD,h02_wi03,HP,0.0
UserD,h02_wi03,AC,0.0
UserD,h02_wi03,Storage HW,0.0
UserD,h02_wi03,Radiators,0.0
UserD,h02_wi03,Floor heating,0.0
UserD,h02_wi03,Induction stove,0.0
UserD,h02_wi03,Gas stove,0.0
UserD,h02_wi03,Gas National Grid,0.0
UserD,h03_wi03,PV sys,0.0
UserD,h03_wi03,National Grid EE,0.0
UserD,h03_wi03,Storage EE,0.6
UserD,h03_wi03,Gas Boiler,0.0
UserD,h03_wi03,HP,0.0
UserD,h03_wi03,AC,0.0
UserD,h03_wi03,Storage HW,0.0
UserD,h03_wi03,Radiators,0.0
UserD,h03_wi03,Floor heating,0.0
UserD,h03_wi03,Induction stove,0.0
UserD,h03_wi03,Gas stove,0.0
UserD,h03_wi03,Gas National Grid,0.0
UserD,h04_wi03,PV sys,0.0
UserD,h04_wi03,National Grid EE,0.0
UserD,h04_wi03,Storage EE,0.6
UserD,h04_wi03,Gas Boiler,0.0
UserD,h04_wi03,HP,0.0
UserD,h04_wi03,AC,0.0
UserD,h04_wi03,Storage HW,0.0
UserD,h04_wi03,Radiators,0.0
UserD,h04_wi03,Floor heating,0.0
UserD,h04_wi03,Induction stove,0.0
UserD,h04_wi03,Gas stove,0.0
UserD,h04_wi03,Gas National Grid,0.0
UserD,h05_wi03,PV sys,0.0
UserD,h05_wi03,National Grid EE,0.0
UserD,h05_wi03,Storage EE,0.6
UserD,h05_wi03,Gas Boiler,0.0
UserD,h05_wi03,HP,0.0
UserD,h05_wi03,AC,0.0
UserD,h05_wi03,Storage HW,0.0
UserD,h05_wi03,Radiators,0.0
UserD,h05_wi03,Floor heating,0.0
UserD,h05_wi03,Induction stove,0.0
UserD,h05_wi03,Gas stove,0.0
UserD,h05_wi03,Gas National Grid,0.0
UserD,h06_wi03,PV sys,0.0
UserD,h06_wi03,National Grid EE,0.0
UserD,h06_wi03,Storage EE,0.6
UserD,h06_wi03,Gas Boiler,0.0
UserD,h06_wi03,HP,0.0
UserD,h06_wi03,AC,0.0
UserD,h06_wi03,Storage HW,0.0
UserD,h06_wi03,Radiators,0.0
UserD,h06_wi03,Floor heating,0.0
UserD,h06_wi03,Induction stove,0.0
UserD,h06_wi03,Gas stove,0.0
UserD,h06_wi03,Gas National Grid,0.0
UserD,h07_wi03,PV sys,0.0
UserD,h07_wi03,National Grid EE,0.0
UserD,h07_wi03,Storage EE,0.6
UserD,h07_wi03,Gas Boiler,0.0
UserD,h07_wi03,HP,0.0
UserD,h07_wi03,AC,0.0
UserD,h07_wi03,Storage HW,0.0
UserD,h07_wi03,Radiators,0.0
UserD,h07_wi03,Floor heating,0.0
UserD,h07_wi03,Induction stove,0.0
UserD,h07_wi03,Gas stove,0.0
UserD,h07_wi03,Gas National Grid,0.0
UserD,h08_wi03,PV sys,0.0
UserD,h08_wi03,National Grid EE,0.0
UserD,h08_wi03,Storage EE,0.6
UserD,h08_wi03,Gas Boiler,0.0
UserD,h08_wi03,HP,0.0
UserD,h08_wi03,AC,0.0
UserD,h08_wi03,Storage HW,0.0
UserD,h08_wi03,Radiators,0.0
UserD,h08_wi03,Floor heating,0.0
UserD,h08_wi03,Induction stove,0.0
UserD,h08_wi03,Gas stove,0.0
UserD,h08_wi03,Gas National Grid,0.0
UserD,h09_wi03,PV sys,0.0
UserD,h09_wi03,National Grid EE,0.0
UserD,h09_wi03,Storage EE,0.8622864055555572
UserD,h09_wi03,Gas Boiler,0.0
UserD,h09_wi03,HP,0.0
UserD,h09_wi03,AC,0.0
UserD,h09_wi03,Storage HW,0.0
UserD,h09_wi03,Radiators,0.0
UserD,h09_wi03,Floor heating,0.0
UserD,h09_wi03,Induction stove,0.0
UserD,h09_wi03,Gas stove,0.0
UserD,h09_wi03,Gas National Grid,0.0
UserD,h10_wi03,PV sys,0.0
UserD,h10_wi03,National Grid EE,0.0
UserD,h10_wi03,Storage EE,0.6
UserD,h10_wi03,Gas Boiler,0.0
UserD,h10_wi03,HP,0.0
UserD,h10_wi03,AC,0.0
UserD,h10_wi03,Storage HW,0.0
UserD,h10_wi03,Radiators,0.0
UserD,h10_wi03,Floor heating,0.0
UserD,h10_wi03,Induction stove,0.0
UserD,h10_wi03,Gas stove,0.0
UserD,h10_wi03,Gas National Grid,0.0
UserD,h11_wi03,PV sys,0.0
UserD,h11_wi03,National Grid EE,0.0
UserD,h11_wi03,Storage EE,0.6
UserD,h11_wi03,Gas Boiler,0.0
UserD,h11_wi03,HP,0.0
UserD,h11_wi03,AC,0.0
UserD,h11_wi03,Storage HW,0.0
UserD,h11_wi03,Radiators,0.0
UserD,h11_wi03,Floor heating,0.0
UserD,h11_wi03,Induction stove,0.0
UserD,h11_wi03,Gas stove,0.0
UserD,h11_wi03,Gas National Grid,0.0
UserD,h12_wi03,PV sys,0.0
UserD,h12_wi03,National Grid EE,0.0
UserD,h12_wi03,Storage EE,1.7943835944444404
UserD,h12_wi03,Gas Boiler,0.0
UserD,h12_wi03,HP,0.0
UserD,h12_wi03,AC,0.0
UserD,h12_wi03,Storage HW,0.0
UserD,h12_wi03,Radiators,0.0
UserD,h12_wi03,Floor heating,0.0
UserD,h12_wi03,Induction stove,0.0
UserD,h12_wi03,Gas stove,0.0
UserD,h12_wi03,Gas National Grid,0.0
UserD,h13_wi03,PV sys,0.0
UserD,h13_wi03,National Grid EE,0.0
UserD,h13_wi03,Storage EE,1.2773194333333295
UserD,h13_wi03,Gas Boiler,0.0
UserD,h13_wi03,HP,0.0
UserD,h13_wi03,AC,0.0
UserD,h13_wi03,Storage HW,0.0
UserD,h13_wi03,Radiators,0.0
UserD,h13_wi03,Floor heating,0.0
UserD,h13_wi03,Induction stove,0.0
UserD,h13_wi03,Gas stove,0.0
UserD,h13_wi03,Gas National Grid,0.0
UserD,h14_wi03,PV sys,0.0
UserD,h14_wi03,National Grid EE,0.0
UserD,h14_wi03,Storage EE,3.493355705555553
UserD,h14_wi03,Gas Boiler,0.0
UserD,h14_wi03,HP,0.0
UserD,h14_wi03,AC,0.0
UserD,h14_wi03,Storage HW,0.0
UserD,h14_wi03,Radiators,0.0
UserD,h14_wi03,Floor heating,0.0
UserD,h14_wi03,Induction stove,0.0
UserD,h14_wi03,Gas stove,0.0
UserD,h14_wi03,Gas National Grid,0.0
UserD,h15_wi03,PV sys,0.0
UserD,h15_wi03,National Grid EE,0.0
UserD,h15_wi03,Storage EE,5.100461111111109
UserD,h15_wi03,Gas Boiler,0.0
UserD,h15_wi03,HP,0.0
UserD,h15_wi03,AC,0.0
UserD,h15_wi03,Storage HW,0.0
UserD,h15_wi03,Radiators,0.0
UserD,h15_wi03,Floor heating,0.0
UserD,h15_wi03,Induction stove,0.0
UserD,h15_wi03,Gas stove,0.0
UserD,h15_wi03,Gas National Grid,0.0
UserD,h16_wi03,PV sys,0.0
UserD,h16_wi03,National Grid EE,0.0
UserD,h16_wi03,Storage EE,5.7
UserD,h16_wi03,Gas Boiler,0.0
UserD,h16_wi03,HP,0.0
UserD,h16_wi03,AC,0.0
UserD,h16_wi03,Storage HW,0.0
UserD,h16_wi03,Radiators,0.0
UserD,h16_wi03,Floor heating,0.0
UserD,h16_wi03,Induction stove,0.0
UserD,h16_wi03,Gas stove,0.0
UserD,h16_wi03,Gas National Grid,0.0
UserD,h17_wi03,PV sys,0.0
UserD,h17_wi03,National Grid EE,0.0
UserD,h17_wi03,Storage EE,5.7
UserD,h17_wi03,Gas Boiler,0.0
UserD,h17_wi03,HP,0.0
UserD,h17_wi03,AC,0.0
UserD,h17_wi03,Storage HW,0.0
UserD,h17_wi03,Radiators,0.0
UserD,h17_wi03,Floor heating,0.0
UserD,h17_wi03,Induction stove,0.0
UserD,h17_wi03,Gas stove,0.0
UserD,h17_wi03,Gas National Grid,0.0
UserD,h18_wi03,PV sys,0.0
UserD,h18_wi03,National Grid EE,0.0
UserD,h18_wi03,Storage EE,5.7
UserD,h18_wi03,Gas Boiler,0.0
UserD,h18_wi03,HP,0.0
UserD,h18_wi03,AC,0.0
UserD,h18_wi03,Storage HW,0.0
UserD,h18_wi03,Radiators,0.0
UserD,h18_wi03,Floor heating,0.0
UserD,h18_wi03,Induction stove,0.0
UserD,h18_wi03,Gas stove,0.0
UserD,h18_wi03,Gas National Grid,0.0
UserD,h19_wi03,PV sys,0.0
UserD,h19_wi03,National Grid EE,0.0
UserD,h19_wi03,Storage EE,5.7
UserD,h19_wi03,Gas Boiler,0.0
UserD,h19_wi03,HP,0.0
UserD,h19_wi03,AC,0.0
UserD,h19_wi03,Storage HW,0.0
UserD,h19_wi03,Radiators,0.0
UserD,h19_wi03,Floor heating,0.0
UserD,h19_wi03,Induction stove,0.0
UserD,h19_wi03,Gas stove,0.0
UserD,h19_wi03,Gas National Grid,0.0
UserD,h20_wi03,PV sys,0.0
UserD,h20_wi03,National Grid EE,0.0
UserD,h20_wi03,Storage EE,5.7
UserD,h20_wi03,Gas Boiler,0.0
UserD,h20_wi03,HP,0.0
UserD,h20_wi03,AC,0.0
UserD,h20_wi03,Storage HW,0.0
UserD,h20_wi03,Radiators,0.0
UserD,h20_wi03,Floor heating,0.0
UserD,h20_wi03,Induction stove,0.0
UserD,h20_wi03,Gas stove,0.0
UserD,h20_wi03,Gas National Grid,0.0
UserD,h21_wi03,PV sys,0.0
UserD,h21_wi03,National Grid EE,0.0
UserD,h21_wi03,Storage EE,5.7
UserD,h21_wi03,Gas Boiler,0.0
UserD,h21_wi03,HP,0.0
UserD,h21_wi03,AC,0.0
UserD,h21_wi03,Storage HW,0.0
UserD,h21_wi03,Radiators,0.0
UserD,h21_wi03,Floor heating,0.0
UserD,h21_wi03,Induction stove,0.0
UserD,h21_wi03,Gas stove,0.0
UserD,h21_wi03,Gas National Grid,0.0
UserD,h22_wi03,PV sys,0.0
UserD,h22_wi03,National Grid EE,0.0
UserD,h22_wi03,Storage EE,5.7
UserD,h22_wi03,Gas Boiler,0.0
UserD,h22_wi03,HP,0.0
UserD,h22_wi03,AC,0.0
UserD,h22_wi03,Storage HW,0.0
UserD,h22_wi03,Radiators,0.0
UserD,h22_wi03,Floor heating,0.0
UserD,h22_wi03,Induction stove,0.0
UserD,h22_wi03,Gas stove,0.0
UserD,h22_wi03,Gas National Grid,0.0
UserD,h23_wi03,PV sys,0.0
UserD,h23_wi03,National Grid EE,0.0
UserD,h23_wi03,Storage EE,5.7
UserD,h23_wi03,Gas Boiler,0.0
UserD,h23_wi03,HP,0.0
UserD,h23_wi03,AC,0.0
UserD,h23_wi03,Storage HW,0.0
UserD,h23_wi03,Radiators,0.0
UserD,h23_wi03,Floor heating,0.0
UserD,h23_wi03,Induction stove,0.0
UserD,h23_wi03,Gas stove,0.0
UserD,h23_wi03,Gas National Grid,0.0
UserD,h24_wi03,PV sys,0.0
UserD,h24_wi03,National Grid EE,0.0
UserD,h24_wi03,Storage EE,5.7
UserD,h24_wi03,Gas Boiler,0.0
UserD,h24_wi03,HP,0.0
UserD,h24_wi03,AC,0.0
UserD,h24_wi03,Storage HW,0.0
UserD,h24_wi03,Radiators,0.0
UserD,h24_wi03,Floor heating,0.0
UserD,h24_wi03,Induction stove,0.0
UserD,h24_wi03,Gas stove,0.0
UserD,h24_wi03,Gas National Grid,0.0
UserD,h01_wi04,PV sys,0.0
UserD,h01_wi04,National Grid EE,0.0
UserD,h01_wi04,Storage EE,5.411088733333332
UserD,h01_wi04,Gas Boiler,0.0
UserD,h01_wi04,HP,0.0
UserD,h01_wi04,AC,0.0
UserD,h01_wi04,Storage HW,0.0
UserD,h01_wi04,Radiators,0.0
UserD,h01_wi04,Floor heating,0.0
UserD,h01_wi04,Induction stove,0.0
UserD,h01_wi04,Gas stove,0.0
UserD,h01_wi04,Gas National Grid,0.0
UserD,h02_wi04,PV sys,0.0
UserD,h02_wi04,National Grid EE,0.0
UserD,h02_wi04,Storage EE,5.212155283333332
UserD,h02_wi04,Gas Boiler,0.0
UserD,h02_wi04,HP,0.0
UserD,h02_wi04,AC,0.0
UserD,h02_wi04,Storage HW,0.0
UserD,h02_wi04,Radiators,0.0
UserD,h02_wi04,Floor heating,0.0
UserD,h02_wi04,Induction stove,0.0
UserD,h02_wi04,Gas stove,0.0
UserD,h02_wi04,Gas National Grid,0.0
UserD,h03_wi04,PV sys,0.0
UserD,h03_wi04,National Grid EE,0.0
UserD,h03_wi04,Storage EE,4.974654966666665
UserD,h03_wi04,Gas Boiler,0.0
UserD,h03_wi04,HP,0.0
UserD,h03_wi04,AC,0.0
UserD,h03_wi04,Storage HW,0.0
UserD,h03_wi04,Radiators,0.0
UserD,h03_wi04,Floor heating,0.0
UserD,h03_wi04,Induction stove,0.0
UserD,h03_wi04,Gas stove,0.0
UserD,h03_wi04,Gas National Grid,0.0
UserD,h04_wi04,PV sys,0.0
UserD,h04_wi04,National Grid EE,0.0
UserD,h04_wi04,Storage EE,4.758388066666665
UserD,h04_wi04,Gas Boiler,0.0
UserD,h04_wi04,HP,0.0
UserD,h04_wi04,AC,0.0
UserD,h04_wi04,Storage HW,0.0
UserD,h04_wi04,Radiators,0.0
UserD,h04_wi04,Floor heating,0.0
UserD,h04_wi04,Induction stove,0.0
UserD,h04_wi04,Gas stove,0.0
UserD,h04_wi04,Gas National Grid,0.0
UserD,h05_wi04,PV sys,0.0
UserD,h05_wi04,National Grid EE,0.0
UserD,h05_wi04,Storage EE,4.539521049988201
UserD,h05_wi04,Gas Boiler,0.0
UserD,h05_wi04,HP,0.0
UserD,h05_wi04,AC,0.0
UserD,h05_wi04,Storage HW,0.0
UserD,h05_wi04,Radiators,0.0
UserD,h05_wi04,Floor heating,0.0
UserD,h05_wi04,Induction stove,0.0
UserD,h05_wi04,Gas stove,0.0
UserD,h05_wi04,Gas National Grid,0.0
UserD,h06_wi04,PV sys,0.0
UserD,h06_wi04,National Grid EE,0.0
UserD,h06_wi04,Storage EE,2.9901598388770907
UserD,h06_wi04,Gas Boiler,0.0
UserD,h06_wi04,HP,0.0
UserD,h06_wi04,AC,0.0
UserD,h06_wi04,Storage HW,0.0
UserD,h06_wi04,Radiators,0.0
UserD,h06_wi04,Floor heating,0.0
UserD,h06_wi04,Induction stove,0.0
UserD,h06_wi04,Gas stove,0.0
UserD,h06_wi04,Gas National Grid,0.0
UserD,h07_wi04,PV sys,0.0
UserD,h07_wi04,National Grid EE,0.0
UserD,h07_wi04,Storage EE,1.391548727765981
UserD,h07_wi04,Gas Boiler,0.0
UserD,h07_wi04,HP,0.0
UserD,h07_wi04,AC,0.0
UserD,h07_wi04,Storage HW,0.0
UserD,h07_wi04,Radiators,0.0
UserD,h07_wi04,Floor heating,0.0
UserD,h07_wi04,Induction stove,0.0
UserD,h07_wi04,Gas stove,0.0
UserD,h07_wi04,Gas National Grid,0.0
UserD,h08_wi04,PV sys,0.0
UserD,h08_wi04,National Grid EE,0.0
UserD,h08_wi04,Storage EE,0.6
UserD,h08_wi04,Gas Boiler,0.0
UserD,h08_wi04,HP,0.0
UserD,h08_wi04,AC,0.0
UserD,h08_wi04,Storage HW,0.0
UserD,h08_wi04,Radiators,0.0
UserD,h08_wi04,Floor heating,0.0
UserD,h08_wi04,Induction stove,0.0
UserD,h08_wi04,Gas stove,0.0
UserD,h08_wi04,Gas National Grid,0.0
UserD,h09_wi04,PV sys,0.0
UserD,h09_wi04,National Grid EE,0.0
UserD,h09_wi04,Storage EE,0.6
UserD,h09_wi04,Gas Boiler,0.0
UserD,h09_wi04,HP,0.0
UserD,h09_wi04,AC,0.0
UserD,h09_wi04,Storage HW,0.0
UserD,h09_wi04,Radiators,0.0
UserD,h09_wi04,Floor heating,0.0
UserD,h09_wi04,Induction stove,0.0
UserD,h09_wi04,Gas stove,0.0
UserD,h09_wi04,Gas National Grid,0.0
UserD,h10_wi04,PV sys,0.0
UserD,h10_wi04,National Grid EE,0.0
UserD,h10_wi04,Storage EE,1.5194368722222227
UserD,h10_wi04,Gas Boiler,0.0
UserD,h10_wi04,HP,0.0
UserD,h10_wi04,AC,0.0
UserD,h10_wi04,Storage HW,0.0
UserD,h10_wi04,Radiators,0.0
UserD,h10_wi04,Floor heating,0.0
UserD,h10_wi04,Induction stove,0.0
UserD,h10_wi04,Gas stove,0.0
UserD,h10_wi04,Gas National Grid,0.0
UserD,h11_wi04,PV sys,0.0
UserD,h11_wi04,National Grid EE,0.0
UserD,h11_wi04,Storage EE,3.437432944444446
UserD,h11_wi04,Gas Boiler,0.0
UserD,h11_wi04,HP,0.0
UserD,h11_wi04,AC,0.0
UserD,h11_wi04,Storage HW,0.0
UserD,h11_wi04,Radiators,0.0
UserD,h11_wi04,Floor heating,0.0
UserD,h11_wi04,Induction stove,0.0
UserD,h11_wi04,Gas stove,0.0
UserD,h11_wi04,Gas National Grid,0.0
UserD,h12_wi04,PV sys,0.0
UserD,h12_wi04,National Grid EE,0.0
UserD,h12_wi04,Storage EE,5.648671216666669
UserD,h12_wi04,Gas Boiler,0.0
UserD,h12_wi04,HP,0.0
UserD,h12_wi04,AC,0.0
UserD,h12_wi04,Storage HW,0.0
UserD,h12_wi04,Radiators,0.0
UserD,h12_wi04,Floor heating,0.0
UserD,h12_wi04,Induction stove,0.0
UserD,h12_wi04,Gas stove,0.0
UserD,h12_wi04,Gas National Grid,0.0
UserD,h13_wi04,PV sys,0.0
UserD,h13_wi04,National Grid EE,0.0
UserD,h13_wi04,Storage EE,5.7
UserD,h13_wi04,Gas Boiler,0.0
UserD,h13_wi04,HP,0.0
UserD,h13_wi04,AC,0.0
UserD,h13_wi04,Storage HW,0.0
UserD,h13_wi04,Radiators,0.0
UserD,h13_wi04,Floor heating,0.0
UserD,h13_wi04,Induction stove,0.0
UserD,h13_wi04,Gas stove,0.0
UserD,h13_wi04,Gas National Grid,0.0
UserD,h14_wi04,PV sys,0.0
UserD,h14_wi04,National Grid EE,0.0
UserD,h14_wi04,Storage EE,5.7
UserD,h14_wi04,Gas Boiler,0.0
UserD,h14_wi04,HP,0.0
UserD,h14_wi04,AC,0.0
UserD,h14_wi04,Storage HW,0.0
UserD,h14_wi04,Radiators,0.0
UserD,h14_wi04,Floor heating,0.0
UserD,h14_wi04,Induction stove,0.0
UserD,h14_wi04,Gas stove,0.0
UserD,h14_wi04,Gas National Grid,0.0
UserD,h15_wi04,PV sys,0.0
UserD,h15_wi04,National Grid EE,0.0
UserD,h15_wi04,Storage EE,5.241027844444442
UserD,h15_wi04,Gas Boiler,0.0
UserD,h15_wi04,HP,0.0
UserD,h15_wi04,AC,0.0
UserD,h15_wi04,Storage HW,0.0
UserD,h15_wi04,Radiators,0.0
UserD,h15_wi04,Floor heating,0.0
UserD,h15_wi04,Induction stove,0.0
UserD,h15_wi04,Gas stove,0.0
UserD,h15_wi04,Gas National Grid,0.0
UserD,h16_wi04,PV sys,0.0
UserD,h16_wi04,National Grid EE,0.0
UserD,h16_wi04,Storage EE,5.7
UserD,h16_wi04,Gas Boiler,0.0
UserD,h16_wi04,HP,0.0
UserD,h16_wi04,AC,0.0
UserD,h16_wi04,Storage HW,0.0
UserD,h16_wi04,Radiators,0.0
UserD,h16_wi04,Floor heating,0.0
UserD,h16_wi04,Induction stove,0.0
UserD,h16_wi04,Gas stove,0.0
UserD,h16_wi04,Gas National Grid,0.0
UserD,h17_wi04,PV sys,0.0
UserD,h17_wi04,National Grid EE,0.0
UserD,h17_wi04,Storage EE,5.7
UserD,h17_wi04,Gas Boiler,0.0
UserD,h17_wi04,HP,0.0
UserD,h17_wi04,AC,0.0
UserD,h17_wi04,Storage HW,0.0
UserD,h17_wi04,Radiators,0.0
UserD,h17_wi04,Floor heating,0.0
UserD,h17_wi04,Induction stove,0.0
UserD,h17_wi04,Gas stove,0.0
UserD,h17_wi04,Gas National Grid,0.0
UserD,h18_wi04,PV sys,0.0
UserD,h18_wi04,National Grid EE,0.0
UserD,h18_wi04,Storage EE,5.7
UserD,h18_wi04,Gas Boiler,0.0
UserD,h18_wi04,HP,0.0
UserD,h18_wi04,AC,0.0
UserD,h18_wi04,Storage HW,0.0
UserD,h18_wi04,Radiators,0.0
UserD,h18_wi04,Floor heating,0.0
UserD,h18_wi04,Induction stove,0.0
UserD,h18_wi04,Gas stove,0.0
UserD,h18_wi04,Gas National Grid,0.0
UserD,h19_wi04,PV sys,0.0
UserD,h19_wi04,National Grid EE,0.0
UserD,h19_wi04,Storage EE,5.7
UserD,h19_wi04,Gas Boiler,0.0
UserD,h19_wi04,HP,0.0
UserD,h19_wi04,AC,0.0
UserD,h19_wi04,Storage HW,0.0
UserD,h19_wi04,Radiators,0.0
UserD,h19_wi04,Floor heating,0.0
UserD,h19_wi04,Induction stove,0.0
UserD,h19_wi04,Gas stove,0.0
UserD,h19_wi04,Gas National Grid,0.0
UserD,h20_wi04,PV sys,0.0
UserD,h20_wi04,National Grid EE,0.0
UserD,h20_wi04,Storage EE,5.7
UserD,h20_wi04,Gas Boiler,0.0
UserD,h20_wi04,HP,0.0
UserD,h20_wi04,AC,0.0
UserD,h20_wi04,Storage HW,0.0
UserD,h20_wi04,Radiators,0.0
UserD,h20_wi04,Floor heating,0.0
UserD,h20_wi04,Induction stove,0.0
UserD,h20_wi04,Gas stove,0.0
UserD,h20_wi04,Gas National Grid,0.0
UserD,h21_wi04,PV sys,0.0
UserD,h21_wi04,National Grid EE,0.0
UserD,h21_wi04,Storage EE,5.7
UserD,h21_wi04,Gas Boiler,0.0
UserD,h21_wi04,HP,0.0
UserD,h21_wi04,AC,0.0
UserD,h21_wi04,Storage HW,0.0
UserD,h21_wi04,Radiators,0.0
UserD,h21_wi04,Floor heating,0.0
UserD,h21_wi04,Induction stove,0.0
UserD,h21_wi04,Gas stove,0.0
UserD,h21_wi04,Gas National Grid,0.0
UserD,h22_wi04,PV sys,0.0
UserD,h22_wi04,National Grid EE,0.0
UserD,h22_wi04,Storage EE,5.7
UserD,h22_wi04,Gas Boiler,0.0
UserD,h22_wi04,HP,0.0
UserD,h22_wi04,AC,0.0
UserD,h22_wi04,Storage HW,0.0
UserD,h22_wi04,Radiators,0.0
UserD,h22_wi04,Floor heating,0.0
UserD,h22_wi04,Induction stove,0.0
UserD,h22_wi04,Gas stove,0.0
UserD,h22_wi04,Gas National Grid,0.0
UserD,h23_wi04,PV sys,0.0
UserD,h23_wi04,National Grid EE,0.0
UserD,h23_wi04,Storage EE,5.7
UserD,h23_wi04,Gas Boiler,0.0
UserD,h23_wi04,HP,0.0
UserD,h23_wi04,AC,0.0
UserD,h23_wi04,Storage HW,0.0
UserD,h23_wi04,Radiators,0.0
UserD,h23_wi04,Floor heating,0.0
UserD,h23_wi04,Induction stove,0.0
UserD,h23_wi04,Gas stove,0.0
UserD,h23_wi04,Gas National Grid,0.0
UserD,h24_wi04,PV sys,0.0
UserD,h24_wi04,National Grid EE,0.0
UserD,h24_wi04,Storage EE,5.7
UserD,h24_wi04,Gas Boiler,0.0
UserD,h24_wi04,HP,0.0
UserD,h24_wi04,AC,0.0
UserD,h24_wi04,Storage HW,0.0
UserD,h24_wi04,Radiators,0.0
UserD,h24_wi04,Floor heating,0.0
UserD,h24_wi04,Induction stove,0.0
UserD,h24_wi04,Gas stove,0.0
UserD,h24_wi04,Gas National Grid,0.0
UserD,h01_wi05,PV sys,0.0
UserD,h01_wi05,National Grid EE,0.0
UserD,h01_wi05,Storage EE,5.401698399999999
UserD,h01_wi05,Gas Boiler,0.0
UserD,h01_wi05,HP,0.0
UserD,h01_wi05,AC,0.0
UserD,h01_wi05,Storage HW,0.0
UserD,h01_wi05,Radiators,0.0
UserD,h01_wi05,Floor heating,0.0
UserD,h01_wi05,Induction stove,0.0
UserD,h01_wi05,Gas stove,0.0
UserD,h01_wi05,Gas National Grid,0.0
UserD,h02_wi05,PV sys,0.0
UserD,h02_wi05,National Grid EE,0.0
UserD,h02_wi05,Storage EE,5.227764716666666
UserD,h02_wi05,Gas Boiler,0.0
UserD,h02_wi05,HP,0.0
UserD,h02_wi05,AC,0.0
UserD,h02_wi05,Storage HW,0.0
UserD,h02_wi05,Radiators,0.0
UserD,h02_wi05,Floor heating,0.0
UserD,h02_wi05,Induction stove,0.0
UserD,h02_wi05,Gas stove,0.0
UserD,h02_wi05,Gas National Grid,0.0
UserD,h03_wi05,PV sys,0.0
UserD,h03_wi05,National Grid EE,0.0
UserD,h03_wi05,Storage EE,5.071763666666666
UserD,h03_wi05,Gas Boiler,0.0
UserD,h03_wi05,HP,0.0
UserD,h03_wi05,AC,0.0
UserD,h03_wi05,Storage HW,0.0
UserD,h03_wi05,Radiators,0.0
UserD,h03_wi05,Floor heating,0.0
UserD,h03_wi05,Induction stove,0.0
UserD,h03_wi05,Gas stove,0.0
UserD,h03_wi05,Gas National Grid,0.0
UserD,h04_wi05,PV sys,0.0
UserD,h04_wi05,National Grid EE,0.0
UserD,h04_wi05,Storage EE,4.915595983333332
UserD,h04_wi05,Gas Boiler,0.0
UserD,h04_wi05,HP,0.0
UserD,h04_wi05,AC,0.0
UserD,h04_wi05,Storage HW,0.0
UserD,h04_wi05,Radiators,0.0
UserD,h04_wi05,Floor heating,0.0
UserD,h04_wi05,Induction stove,0.0
UserD,h04_wi05,Gas stove,0.0
UserD,h04_wi05,Gas National Grid,0.0
UserD,h05_wi05,PV sys,0.0
UserD,h05_wi05,National Grid EE,0.0
UserD,h05_wi05,Storage EE,4.666178999999999
UserD,h05_wi05,Gas Boiler,0.0
UserD,h05_wi05,HP,0.0
UserD,h05_wi05,AC,0.0
UserD,h05_wi05,Storage HW,0.0
UserD,h05_wi05,Radiators,0.0
UserD,h05_wi05,Floor heating,0.0
UserD,h05_wi05,Induction stove,0.0
UserD,h05_wi05,Gas stove,0.0
UserD,h05_wi05,Gas National Grid,0.0
UserD,h06_wi05,PV sys,0.0
UserD,h06_wi05,National Grid EE,0.0
UserD,h06_wi05,Storage EE,3.987845116666664
UserD,h06_wi05,Gas Boiler,0.0
UserD,h06_wi05,HP,0.0
UserD,h06_wi05,AC,0.0
UserD,h06_wi05,Storage HW,0.0
UserD,h06_wi05,Radiators,0.0
UserD,h06_wi05,Floor heating,0.0
UserD,h06_wi05,Induction stove,0.0
UserD,h06_wi05,Gas stove,0.0
UserD,h06_wi05,Gas National Grid,0.0
UserD,h07_wi05,PV sys,0.0
UserD,h07_wi05,National Grid EE,0.0
UserD,h07_wi05,Storage EE,2.4151838055555537
UserD,h07_wi05,Gas Boiler,0.0
UserD,h07_wi05,HP,0.0
UserD,h07_wi05,AC,0.0
UserD,h07_wi05,Storage HW,0.0
UserD,h07_wi05,Radiators,0.0
UserD,h07_wi05,Floor heating,0.0
UserD,h07_wi05,Induction stove,0.0
UserD,h07_wi05,Gas stove,0.0
UserD,h07_wi05,Gas National Grid,0.0
UserD,h08_wi05,PV sys,0.0
UserD,h08_wi05,National Grid EE,0.0
UserD,h08_wi05,Storage EE,0.7857718444444437
UserD,h08_wi05,Gas Boiler,0.0
UserD,h08_wi05,HP,0.0
UserD,h08_wi05,AC,0.0
UserD,h08_wi05,Storage HW,0.0
UserD,h08_wi05,Radiators,0.0
UserD,h08_wi05,Floor heating,0.0
UserD,h08_wi05,Induction stove,0.0
UserD,h08_wi05,Gas stove,0.0
UserD,h08_wi05,Gas National Grid,0.0
UserD,h09_wi05,PV sys,0.0
UserD,h09_wi05,National Grid EE,0.0
UserD,h09_wi05,Storage EE,0.6
UserD,h09_wi05,Gas Boiler,0.0
UserD,h09_wi05,HP,0.0
UserD,h09_wi05,AC,0.0
UserD,h09_wi05,Storage HW,0.0
UserD,h09_wi05,Radiators,0.0
UserD,h09_wi05,Floor heating,0.0
UserD,h09_wi05,Induction stove,0.0
UserD,h09_wi05,Gas stove,0.0
UserD,h09_wi05,Gas National Grid,0.0
UserD,h10_wi05,PV sys,0.0
UserD,h10_wi05,National Grid EE,0.0
UserD,h10_wi05,Storage EE,1.0802552888888817
UserD,h10_wi05,Gas Boiler,0.0
UserD,h10_wi05,HP,0.0
UserD,h10_wi05,AC,0.0
UserD,h10_wi05,Storage HW,0.0
UserD,h10_wi05,Radiators,0.0
UserD,h10_wi05,Floor heating,0.0
UserD,h10_wi05,Induction stove,0.0
UserD,h10_wi05,Gas stove,0.0
UserD,h10_wi05,Gas National Grid,0.0
UserD,h11_wi05,PV sys,0.0
UserD,h11_wi05,National Grid EE,0.0
UserD,h11_wi05,Storage EE,2.747232877777771
UserD,h11_wi05,Gas Boiler,0.0
UserD,h11_wi05,HP,0.0
UserD,h11_wi05,AC,0.0
UserD,h11_wi05,Storage HW,0.0
UserD,h11_wi05,Radiators,0.0
UserD,h11_wi05,Floor heating,0.0
UserD,h11_wi05,Induction stove,0.0
UserD,h11_wi05,Gas stove,0.0
UserD,h11_wi05,Gas National Grid,0.0
UserD,h12_wi05,PV sys,0.0
UserD,h12_wi05,National Grid EE,0.0
UserD,h12_wi05,Storage EE,4.571054633333327
UserD,h12_wi05,Gas Boiler,0.0
UserD,h12_wi05,HP,0.0
UserD,h12_wi05,AC,0.0
UserD,h12_wi05,Storage HW,0.0
UserD,h12_wi05,Radiators,0.0
UserD,h12_wi05,Floor heating,0.0
UserD,h12_wi05,Induction stove,0.0
UserD,h12_wi05,Gas stove,0.0
UserD,h12_wi05,Gas National Grid,0.0
UserD,h13_wi05,PV sys,0.0
UserD,h13_wi05,National Grid EE,0.0
UserD,h13_wi05,Storage EE,5.300108105555552
UserD,h13_wi05,Gas Boiler,0.0
UserD,h13_wi05,HP,0.0
UserD,h13_wi05,AC,0.0
UserD,h13_wi05,Storage HW,0.0
UserD,h13_wi05,Radiators,0.0
UserD,h13_wi05,Floor heating,0.0
UserD,h13_wi05,Induction stove,0.0
UserD,h13_wi05,Gas stove,0.0
UserD,h13_wi05,Gas National Grid,0.0
UserD,h14_wi05,PV sys,0.0
UserD,h14_wi05,National Grid EE,0.0
UserD,h14_wi05,Storage EE,5.131486461111109
UserD,h14_wi05,Gas Boiler,0.0
UserD,h14_wi05,HP,0.0
UserD,h14_wi05,AC,0.0
UserD,h14_wi05,Storage HW,0.0
UserD,h14_wi05,Radiators,0.0
UserD,h14_wi05,Floor heating,0.0
UserD,h14_wi05,Induction stove,0.0
UserD,h14_wi05,Gas stove,0.0
UserD,h14_wi05,Gas National Grid,0.0
UserD,h15_wi05,PV sys,0.0
UserD,h15_wi05,National Grid EE,0.0
UserD,h15_wi05,Storage EE,5.7
UserD,h15_wi05,Gas Boiler,0.0
UserD,h15_wi05,HP,0.0
UserD,h15_wi05,AC,0.0
UserD,h15_wi05,Storage HW,0.0
UserD,h15_wi05,Radiators,0.0
UserD,h15_wi05,Floor heating,0.0
UserD,h15_wi05,Induction stove,0.0
UserD,h15_wi05,Gas stove,0.0
UserD,h15_wi05,Gas National Grid,0.0
UserD,h16_wi05,PV sys,0.0
UserD,h16_wi05,National Grid EE,0.0
UserD,h16_wi05,Storage EE,5.518621100034263
UserD,h16_wi05,Gas Boiler,0.0
UserD,h16_wi05,HP,0.0
UserD,h16_wi05,AC,0.0
UserD,h16_wi05,Storage HW,0.0
UserD,h16_wi05,Radiators,0.0
UserD,h16_wi05,Floor heating,0.0
UserD,h16_wi05,Induction stove,0.0
UserD,h16_wi05,Gas stove,0.0
UserD,h16_wi05,Gas National Grid,0.0
UserD,h17_wi05,PV sys,0.0
UserD,h17_wi05,National Grid EE,0.0
UserD,h17_wi05,Storage EE,5.246535550034263
UserD,h17_wi05,Gas Boiler,0.0
UserD,h17_wi05,HP,0.0
UserD,h17_wi05,AC,0.0
UserD,h17_wi05,Storage HW,0.0
UserD,h17_wi05,Radiators,0.0
UserD,h17_wi05,Floor heating,0.0
UserD,h17_wi05,Induction stove,0.0
UserD,h17_wi05,Gas stove,0.0
UserD,h17_wi05,Gas National Grid,0.0
UserD,h18_wi05,PV sys,0.0
UserD,h18_wi05,National Grid EE,0.0
UserD,h18_wi05,Storage EE,4.999310966700929
UserD,h18_wi05,Gas Boiler,0.0
UserD,h18_wi05,HP,0.0
UserD,h18_wi05,AC,0.0
UserD,h18_wi05,Storage HW,0.0
UserD,h18_wi05,Radiators,0.0
UserD,h18_wi05,Floor heating,0.0
UserD,h18_wi05,Induction stove,0.0
UserD,h18_wi05,Gas stove,0.0
UserD,h18_wi05,Gas National Grid,0.0
UserD,h19_wi05,PV sys,0.0
UserD,h19_wi05,National Grid EE,0.0
UserD,h19_wi05,Storage EE,4.579376483356922
UserD,h19_wi05,Gas Boiler,0.0
UserD,h19_wi05,HP,0.0
UserD,h19_wi05,AC,0.0
UserD,h19_wi05,Storage HW,0.0
UserD,h19_wi05,Radiators,0.0
UserD,h19_wi05,Floor heating,0.0
UserD,h19_wi05,Induction stove,0.0
UserD,h19_wi05,Gas stove,0.0
UserD,h19_wi05,Gas National Grid,0.0
UserD,h20_wi05,PV sys,0.0
UserD,h20_wi05,National Grid EE,0.0
UserD,h20_wi05,Storage EE,4.074940283353721
UserD,h20_wi05,Gas Boiler,0.0
UserD,h20_wi05,HP,0.0
UserD,h20_wi05,AC,0.0
UserD,h20_wi05,Storage HW,0.0
UserD,h20_wi05,Radiators,0.0
UserD,h20_wi05,Floor heating,0.0
UserD,h20_wi05,Induction stove,0.0
UserD,h20_wi05,Gas stove,0.0
UserD,h20_wi05,Gas National Grid,0.0
UserD,h21_wi05,PV sys,0.0
UserD,h21_wi05,National Grid EE,0.0
UserD,h21_wi05,Storage EE,3.5390698833333327
UserD,h21_wi05,Gas Boiler,0.0
UserD,h21_wi05,HP,0.0
UserD,h21_wi05,AC,0.0
UserD,h21_wi05,Storage HW,0.0
UserD,h21_wi05,Radiators,0.0
UserD,h21_wi05,Floor heating,0.0
UserD,h21_wi05,Induction stove,0.0
UserD,h21_wi05,Gas stove,0.0
UserD,h21_wi05,Gas National Grid,0.0
UserD,h22_wi05,PV sys,0.0
UserD,h22_wi05,National Grid EE,0.0
UserD,h22_wi05,Storage EE,2.9519451833333332
UserD,h22_wi05,Gas Boiler,0.0
UserD,h22_wi05,HP,0.0
UserD,h22_wi05,AC,0.0
UserD,h22_wi05,Storage HW,0.0
UserD,h22_wi05,Radiators,0.0
UserD,h22_wi05,Floor heating,0.0
UserD,h22_wi05,Induction stove,0.0
UserD,h22_wi05,Gas stove,0.0
UserD,h22_wi05,Gas National Grid,0.0
UserD,h23_wi05,PV sys,0.0
UserD,h23_wi05,National Grid EE,0.0
UserD,h23_wi05,Storage EE,1.7642612500000001
UserD,h23_wi05,Gas Boiler,0.0
UserD,h23_wi05,HP,0.0
UserD,h23_wi05,AC,0.0
UserD,h23_wi05,Storage HW,0.0
UserD,h23_wi05,Radiators,0.0
UserD,h23_wi05,Floor heating,0.0
UserD,h23_wi05,Induction stove,0.0
UserD,h23_wi05,Gas stove,0.0
UserD,h23_wi05,Gas National Grid,0.0
UserD,h24_wi05,PV sys,0.0
UserD,h24_wi05,National Grid EE,0.0
UserD,h24_wi05,Storage EE,0.6
UserD,h24_wi05,Gas Boiler,0.0
UserD,h24_wi05,HP,0.0
UserD,h24_wi05,AC,0.0
UserD,h24_wi05,Storage HW,0.0
UserD,h24_wi05,Radiators,0.0
UserD,h24_wi05,Floor heating,0.0
UserD,h24_wi05,Induction stove,0.0
UserD,h24_wi05,Gas stove,0.0
UserD,h24_wi05,Gas National Grid,0.0
UserD,h01_wi06,PV sys,0.0
UserD,h01_wi06,National Grid EE,0.0
UserD,h01_wi06,Storage EE,0.6
UserD,h01_wi06,Gas Boiler,0.0
UserD,h01_wi06,HP,0.0
UserD,h01_wi06,AC,0.0
UserD,h01_wi06,Storage HW,0.0
UserD,h01_wi06,Radiators,0.0
UserD,h01_wi06,Floor heating,0.0
UserD,h01_wi06,Induction stove,0.0
UserD,h01_wi06,Gas stove,0.0
UserD,h01_wi06,Gas National Grid,0.0
UserD,h02_wi06,PV sys,0.0
UserD,h02_wi06,National Grid EE,0.0
UserD,h02_wi06,Storage EE,0.6
UserD,h02_wi06,Gas Boiler,0.0
UserD,h02_wi06,HP,0.0
UserD,h02_wi06,AC,0.0
UserD,h02_wi06,Storage HW,0.0
UserD,h02_wi06,Radiators,0.0
UserD,h02_wi06,Floor heating,0.0
UserD,h02_wi06,Induction stove,0.0
UserD,h02_wi06,Gas stove,0.0
UserD,h02_wi06,Gas National Grid,0.0
UserD,h03_wi06,PV sys,0.0
UserD,h03_wi06,National Grid EE,0.0
UserD,h03_wi06,Storage EE,0.6
UserD,h03_wi06,Gas Boiler,0.0
UserD,h03_wi06,HP,0.0
UserD,h03_wi06,AC,0.0
UserD,h03_wi06,Storage HW,0.0
UserD,h03_wi06,Radiators,0.0
UserD,h03_wi06,Floor heating,0.0
UserD,h03_wi06,Induction stove,0.0
UserD,h03_wi06,Gas stove,0.0
UserD,h03_wi06,Gas National Grid,0.0
UserD,h04_wi06,PV sys,0.0
UserD,h04_wi06,National Grid EE,0.0
UserD,h04_wi06,Storage EE,0.6
UserD,h04_wi06,Gas Boiler,0.0
UserD,h04_wi06,HP,0.0
UserD,h04_wi06,AC,0.0
UserD,h04_wi06,Storage HW,0.0
UserD,h04_wi06,Radiators,0.0
UserD,h04_wi06,Floor heating,0.0
UserD,h04_wi06,Induction stove,0.0
UserD,h04_wi06,Gas stove,0.0
UserD,h04_wi06,Gas National Grid,0.0
UserD,h05_wi06,PV sys,0.0
UserD,h05_wi06,National Grid EE,0.0
UserD,h05_wi06,Storage EE,0.6
UserD,h05_wi06,Gas Boiler,0.0
UserD,h05_wi06,HP,0.0
UserD,h05_wi06,AC,0.0
UserD,h05_wi06,Storage HW,0.0
UserD,h05_wi06,Radiators,0.0
UserD,h05_wi06,Floor heating,0.0
UserD,h05_wi06,Induction stove,0.0
UserD,h05_wi06,Gas stove,0.0
UserD,h05_wi06,Gas National Grid,0.0
UserD,h06_wi06,PV sys,0.0
UserD,h06_wi06,National Grid EE,0.0
UserD,h06_wi06,Storage EE,0.6
UserD,h06_wi06,Gas Boiler,0.0
UserD,h06_wi06,HP,0.0
UserD,h06_wi06,AC,0.0
UserD,h06_wi06,Storage HW,0.0
UserD,h06_wi06,Radiators,0.0
UserD,h06_wi06,Floor heating,0.0
UserD,h06_wi06,Induction stove,0.0
UserD,h06_wi06,Gas stove,0.0
UserD,h06_wi06,Gas National Grid,0.0
UserD,h07_wi06,PV sys,0.0
UserD,h07_wi06,National Grid EE,0.0
UserD,h07_wi06,Storage EE,0.6
UserD,h07_wi06,Gas Boiler,0.0
UserD,h07_wi06,HP,0.0
UserD,h07_wi06,AC,0.0
UserD,h07_wi06,Storage HW,0.0
UserD,h07_wi06,Radiators,0.0
UserD,h07_wi06,Floor heating,0.0
UserD,h07_wi06,Induction stove,0.0
UserD,h07_wi06,Gas stove,0.0
UserD,h07_wi06,Gas National Grid,0.0
UserD,h08_wi06,PV sys,0.0
UserD,h08_wi06,National Grid EE,0.0
UserD,h08_wi06,Storage EE,0.6
UserD,h08_wi06,Gas Boiler,0.0
UserD,h08_wi06,HP,0.0
UserD,h08_wi06,AC,0.0
UserD,h08_wi06,Storage HW,0.0
UserD,h08_wi06,Radiators,0.0
UserD,h08_wi06,Floor heating,0.0
UserD,h08_wi06,Induction stove,0.0
UserD,h08_wi06,Gas stove,0.0
UserD,h08_wi06,Gas National Grid,0.0
UserD,h09_wi06,PV sys,0.0
UserD,h09_wi06,National Grid EE,0.0
UserD,h09_wi06,Storage EE,1.5991290999999994
UserD,h09_wi06,Gas Boiler,0.0
UserD,h09_wi06,HP,0.0
UserD,h09_wi06,AC,0.0
UserD,h09_wi06,Storage HW,0.0
UserD,h09_wi06,Radiators,0.0
UserD,h09_wi06,Floor heating,0.0
UserD,h09_wi06,Induction stove,0.0
UserD,h09_wi06,Gas stove,0.0
UserD,h09_wi06,Gas National Grid,0.0
UserD,h10_wi06,PV sys,0.0
UserD,h10_wi06,National Grid EE,0.0
UserD,h10_wi06,Storage EE,2.7634422499999998
UserD,h10_wi06,Gas Boiler,0.0
UserD,h10_wi06,HP,0.0
UserD,h10_wi06,AC,0.0
UserD,h10_wi06,Storage HW,0.0
UserD,h10_wi06,Radiators,0.0
UserD,h10_wi06,Floor heating,0.0
UserD,h10_wi06,Induction stove,0.0
UserD,h10_wi06,Gas stove,0.0
UserD,h10_wi06,Gas National Grid,0.0
UserD,h11_wi06,PV sys,0.0
UserD,h11_wi06,National Grid EE,0.0
UserD,h11_wi06,Storage EE,4.7310384999999995
UserD,h11_wi06,Gas Boiler,0.0
UserD,h11_wi06,HP,0.0
UserD,h11_wi06,AC,0.0
UserD,h11_wi06,Storage HW,0.0
UserD,h11_wi06,Radiators,0.0
UserD,h11_wi06,Floor heating,0.0
UserD,h11_wi06,Induction stove,0.0
UserD,h11_wi06,Gas stove,0.0
UserD,h11_wi06,Gas National Grid,0.0
UserD,h12_wi06,PV sys,0.0
UserD,h12_wi06,National Grid EE,0.0
UserD,h12_wi06,Storage EE,4.710041355555555
UserD,h12_wi06,Gas Boiler,0.0
UserD,h12_wi06,HP,0.0
UserD,h12_wi06,AC,0.0
UserD,h12_wi06,Storage HW,0.0
UserD,h12_wi06,Radiators,0.0
UserD,h12_wi06,Floor heating,0.0
UserD,h12_wi06,Induction stove,0.0
UserD,h12_wi06,Gas stove,0.0
UserD,h12_wi06,Gas National Grid,0.0
UserD,h13_wi06,PV sys,0.0
UserD,h13_wi06,National Grid EE,0.0
UserD,h13_wi06,Storage EE,5.280031111111109
UserD,h13_wi06,Gas Boiler,0.0
UserD,h13_wi06,HP,0.0
UserD,h13_wi06,AC,0.0
UserD,h13_wi06,Storage HW,0.0
UserD,h13_wi06,Radiators,0.0
UserD,h13_wi06,Floor heating,0.0
UserD,h13_wi06,Induction stove,0.0
UserD,h13_wi06,Gas stove,0.0
UserD,h13_wi06,Gas National Grid,0.0
UserD,h14_wi06,PV sys,0.0
UserD,h14_wi06,National Grid EE,0.0
UserD,h14_wi06,Storage EE,4.965067066666666
UserD,h14_wi06,Gas Boiler,0.0
UserD,h14_wi06,HP,0.0
UserD,h14_wi06,AC,0.0
UserD,h14_wi06,Storage HW,0.0
UserD,h14_wi06,Radiators,0.0
UserD,h14_wi06,Floor heating,0.0
UserD,h14_wi06,Induction stove,0.0
UserD,h14_wi06,Gas stove,0.0
UserD,h14_wi06,Gas National Grid,0.0
UserD,h15_wi06,PV sys,0.0
UserD,h15_wi06,National Grid EE,0.0
UserD,h15_wi06,Storage EE,5.609599999999999
UserD,h15_wi06,Gas Boiler,0.0
UserD,h15_wi06,HP,0.0
UserD,h15_wi06,AC,0.0
UserD,h15_wi06,Storage HW,0.0
UserD,h15_wi06,Radiators,0.0
UserD,h15_wi06,Floor heating,0.0
UserD,h15_wi06,Induction stove,0.0
UserD,h15_wi06,Gas stove,0.0
UserD,h15_wi06,Gas National Grid,0.0
UserD,h16_wi06,PV sys,0.0
UserD,h16_wi06,National Grid EE,0.0
UserD,h16_wi06,Storage EE,5.7
UserD,h16_wi06,Gas Boiler,0.0
UserD,h16_wi06,HP,0.0
UserD,h16_wi06,AC,0.0
UserD,h16_wi06,Storage HW,0.0
UserD,h16_wi06,Radiators,0.0
UserD,h16_wi06,Floor heating,0.0
UserD,h16_wi06,Induction stove,0.0
UserD,h16_wi06,Gas stove,0.0
UserD,h16_wi06,Gas National Grid,0.0
UserD,h17_wi06,PV sys,0.0
UserD,h17_wi06,National Grid EE,0.0
UserD,h17_wi06,Storage EE,5.7
UserD,h17_wi06,Gas Boiler,0.0
UserD,h17_wi06,HP,0.0
UserD,h17_wi06,AC,0.0
UserD,h17_wi06,Storage HW,0.0
UserD,h17_wi06,Radiators,0.0
UserD,h17_wi06,Floor heating,0.0
UserD,h17_wi06,Induction stove,0.0
UserD,h17_wi06,Gas stove,0.0
UserD,h17_wi06,Gas National Grid,0.0
UserD,h18_wi06,PV sys,0.0
UserD,h18_wi06,National Grid EE,0.0
UserD,h18_wi06,Storage EE,5.7
UserD,h18_wi06,Gas Boiler,0.0
UserD,h18_wi06,HP,0.0
UserD,h18_wi06,AC,0.0
UserD,h18_wi06,Storage HW,0.0
UserD,h18_wi06,Radiators,0.0
UserD,h18_wi06,Floor heating,0.0
UserD,h18_wi06,Induction stove,0.0
UserD,h18_wi06,Gas stove,0.0
UserD,h18_wi06,Gas National Grid,0.0
UserD,h19_wi06,PV sys,0.0
UserD,h19_wi06,National Grid EE,0.0
UserD,h19_wi06,Storage EE,5.7
UserD,h19_wi06,Gas Boiler,0.0
UserD,h19_wi06,HP,0.0
UserD,h19_wi06,AC,0.0
UserD,h19_wi06,Storage HW,0.0
UserD,h19_wi06,Radiators,0.0
UserD,h19_wi06,Floor heating,0.0
UserD,h19_wi06,Induction stove,0.0
UserD,h19_wi06,Gas stove,0.0
UserD,h19_wi06,Gas National Grid,0.0
UserD,h20_wi06,PV sys,0.0
UserD,h20_wi06,National Grid EE,0.0
UserD,h20_wi06,Storage EE,5.7
UserD,h20_wi06,Gas Boiler,0.0
UserD,h20_wi06,HP,0.0
UserD,h20_wi06,AC,0.0
UserD,h20_wi06,Storage HW,0.0
UserD,h20_wi06,Radiators,0.0
UserD,h20_wi06,Floor heating,0.0
UserD,h20_wi06,Induction stove,0.0
UserD,h20_wi06,Gas stove,0.0
UserD,h20_wi06,Gas National Grid,0.0
UserD,h21_wi06,PV sys,0.0
UserD,h21_wi06,National Grid EE,0.0
UserD,h21_wi06,Storage EE,5.7
UserD,h21_wi06,Gas Boiler,0.0
UserD,h21_wi06,HP,0.0
UserD,h21_wi06,AC,0.0
UserD,h21_wi06,Storage HW,0.0
UserD,h21_wi06,Radiators,0.0
UserD,h21_wi06,Floor heating,0.0
UserD,h21_wi06,Induction stove,0.0
UserD,h21_wi06,Gas stove,0.0
UserD,h21_wi06,Gas National Grid,0.0
UserD,h22_wi06,PV sys,0.0
UserD,h22_wi06,National Grid EE,0.0
UserD,h22_wi06,Storage EE,5.7
UserD,h22_wi06,Gas Boiler,0.0
UserD,h22_wi06,HP,0.0
UserD,h22_wi06,AC,0.0
UserD,h22_wi06,Storage HW,0.0
UserD,h22_wi06,Radiators,0.0
UserD,h22_wi06,Floor heating,0.0
UserD,h22_wi06,Induction stove,0.0
UserD,h22_wi06,Gas stove,0.0
UserD,h22_wi06,Gas National Grid,0.0
UserD,h23_wi06,PV sys,0.0
UserD,h23_wi06,National Grid EE,0.0
UserD,h23_wi06,Storage EE,5.7
UserD,h23_wi06,Gas Boiler,0.0
UserD,h23_wi06,HP,0.0
UserD,h23_wi06,AC,0.0
UserD,h23_wi06,Storage HW,0.0
UserD,h23_wi06,Radiators,0.0
UserD,h23_wi06,Floor heating,0.0
UserD,h23_wi06,Induction stove,0.0
UserD,h23_wi06,Gas stove,0.0
UserD,h23_wi06,Gas National Grid,0.0
UserD,h24_wi06,PV sys,0.0
UserD,h24_wi06,National Grid EE,0.0
UserD,h24_wi06,Storage EE,5.7
UserD,h24_wi06,Gas Boiler,0.0
UserD,h24_wi06,HP,0.0
UserD,h24_wi06,AC,0.0
UserD,h24_wi06,Storage HW,0.0
UserD,h24_wi06,Radiators,0.0
UserD,h24_wi06,Floor heating,0.0
UserD,h24_wi06,Induction stove,0.0
UserD,h24_wi06,Gas stove,0.0
UserD,h24_wi06,Gas National Grid,0.0
UserD,h01_wi07,PV sys,0.0
UserD,h01_wi07,National Grid EE,0.0
UserD,h01_wi07,Storage EE,5.5324195666666665
UserD,h01_wi07,Gas Boiler,0.0
UserD,h01_wi07,HP,0.0
UserD,h01_wi07,AC,0.0
UserD,h01_wi07,Storage HW,0.0
UserD,h01_wi07,Radiators,0.0
UserD,h01_wi07,Floor heating,0.0
UserD,h01_wi07,Induction stove,0.0
UserD,h01_wi07,Gas stove,0.0
UserD,h01_wi07,Gas National Grid,0.0
UserD,h02_wi07,PV sys,0.0
UserD,h02_wi07,National Grid EE,0.0
UserD,h02_wi07,Storage EE,5.4100851
UserD,h02_wi07,Gas Boiler,0.0
UserD,h02_wi07,HP,0.0
UserD,h02_wi07,AC,0.0
UserD,h02_wi07,Storage HW,0.0
UserD,h02_wi07,Radiators,0.0
UserD,h02_wi07,Floor heating,0.0
UserD,h02_wi07,Induction stove,0.0
UserD,h02_wi07,Gas stove,0.0
UserD,h02_wi07,Gas National Grid,0.0
UserD,h03_wi07,PV sys,0.0
UserD,h03_wi07,National Grid EE,0.0
UserD,h03_wi07,Storage EE,5.269118183333333
UserD,h03_wi07,Gas Boiler,0.0
UserD,h03_wi07,HP,0.0
UserD,h03_wi07,AC,0.0
UserD,h03_wi07,Storage HW,0.0
UserD,h03_wi07,Radiators,0.0
UserD,h03_wi07,Floor heating,0.0
UserD,h03_wi07,Induction stove,0.0
UserD,h03_wi07,Gas stove,0.0
UserD,h03_wi07,Gas National Grid,0.0
UserD,h04_wi07,PV sys,0.0
UserD,h04_wi07,National Grid EE,0.0
UserD,h04_wi07,Storage EE,5.141667549999999
UserD,h04_wi07,Gas Boiler,0.0
UserD,h04_wi07,HP,0.0
UserD,h04_wi07,AC,0.0
UserD,h04_wi07,Storage HW,0.0
UserD,h04_wi07,Radiators,0.0
UserD,h04_wi07,Floor heating,0.0
UserD,h04_wi07,Induction stove,0.0
UserD,h04_wi07,Gas stove,0.0
UserD,h04_wi07,Gas National Grid,0.0
UserD,h05_wi07,PV sys,0.0
UserD,h05_wi07,National Grid EE,0.0
UserD,h05_wi07,Storage EE,4.49768983333333
UserD,h05_wi07,Gas Boiler,0.0
UserD,h05_wi07,HP,0.0
UserD,h05_wi07,AC,0.0
UserD,h05_wi07,Storage HW,0.0
UserD,h05_wi07,Radiators,0.0
UserD,h05_wi07,Floor heating,0.0
UserD,h05_wi07,Induction stove,0.0
UserD,h05_wi07,Gas stove,0.0
UserD,h05_wi07,Gas National Grid,0.0
UserD,h06_wi07,PV sys,0.0
UserD,h06_wi07,National Grid EE,0.0
UserD,h06_wi07,Storage EE,4.295939833333331
UserD,h06_wi07,Gas Boiler,0.0
UserD,h06_wi07,HP,0.0
UserD,h06_wi07,AC,0.0
UserD,h06_wi07,Storage HW,0.0
UserD,h06_wi07,Radiators,0.0
UserD,h06_wi07,Floor heating,0.0
UserD,h06_wi07,Induction stove,0.0
UserD,h06_wi07,Gas stove,0.0
UserD,h06_wi07,Gas National Grid,0.0
UserD,h07_wi07,PV sys,0.0
UserD,h07_wi07,National Grid EE,0.0
UserD,h07_wi07,Storage EE,4.0551892833333305
UserD,h07_wi07,Gas Boiler,0.0
UserD,h07_wi07,HP,0.0
UserD,h07_wi07,AC,0.0
UserD,h07_wi07,Storage HW,0.0
UserD,h07_wi07,Radiators,0.0
UserD,h07_wi07,Floor heating,0.0
UserD,h07_wi07,Induction stove,0.0
UserD,h07_wi07,Gas stove,0.0
UserD,h07_wi07,Gas National Grid,0.0
UserD,h08_wi07,PV sys,0.0
UserD,h08_wi07,National Grid EE,0.0
UserD,h08_wi07,Storage EE,2.4565771555555536
UserD,h08_wi07,Gas Boiler,0.0
UserD,h08_wi07,HP,0.0
UserD,h08_wi07,AC,0.0
UserD,h08_wi07,Storage HW,0.0
UserD,h08_wi07,Radiators,0.0
UserD,h08_wi07,Floor heating,0.0
UserD,h08_wi07,Induction stove,0.0
UserD,h08_wi07,Gas stove,0.0
UserD,h08_wi07,Gas National Grid,0.0
UserD,h09_wi07,PV sys,0.0
UserD,h09_wi07,National Grid EE,0.0
UserD,h09_wi07,Storage EE,1.10451406111111
UserD,h09_wi07,Gas Boiler,0.0
UserD,h09_wi07,HP,0.0
UserD,h09_wi07,AC,0.0
UserD,h09_wi07,Storage HW,0.0
UserD,h09_wi07,Radiators,0.0
UserD,h09_wi07,Floor heating,0.0
UserD,h09_wi07,Induction stove,0.0
UserD,h09_wi07,Gas stove,0.0
UserD,h09_wi07,Gas National Grid,0.0
UserD,h10_wi07,PV sys,0.0
UserD,h10_wi07,National Grid EE,0.0
UserD,h10_wi07,Storage EE,0.6
UserD,h10_wi07,Gas Boiler,0.0
UserD,h10_wi07,HP,0.0
UserD,h10_wi07,AC,0.0
UserD,h10_wi07,Storage HW,0.0
UserD,h10_wi07,Radiators,0.0
UserD,h10_wi07,Floor heating,0.0
UserD,h10_wi07,Induction stove,0.0
UserD,h10_wi07,Gas stove,0.0
UserD,h10_wi07,Gas National Grid,0.0
UserD,h11_wi07,PV sys,0.0
UserD,h11_wi07,National Grid EE,0.0
UserD,h11_wi07,Storage EE,0.6742952555555561
UserD,h11_wi07,Gas Boiler,0.0
UserD,h11_wi07,HP,0.0
UserD,h11_wi07,AC,0.0
UserD,h11_wi07,Storage HW,0.0
UserD,h11_wi07,Radiators,0.0
UserD,h11_wi07,Floor heating,0.0
UserD,h11_wi07,Induction stove,0.0
UserD,h11_wi07,Gas stove,0.0
UserD,h11_wi07,Gas National Grid,0.0
UserD,h12_wi07,PV sys,0.0
UserD,h12_wi07,National Grid EE,0.0
UserD,h12_wi07,Storage EE,1.852890361111112
UserD,h12_wi07,Gas Boiler,0.0
UserD,h12_wi07,HP,0.0
UserD,h12_wi07,AC,0.0
UserD,h12_wi07,Storage HW,0.0
UserD,h12_wi07,Radiators,0.0
UserD,h12_wi07,Floor heating,0.0
UserD,h12_wi07,Induction stove,0.0
UserD,h12_wi07,Gas stove,0.0
UserD,h12_wi07,Gas National Grid,0.0
UserD,h13_wi07,PV sys,0.0
UserD,h13_wi07,National Grid EE,0.0
UserD,h13_wi07,Storage EE,3.3848009666666687
UserD,h13_wi07,Gas Boiler,0.0
UserD,h13_wi07,HP,0.0
UserD,h13_wi07,AC,0.0
UserD,h13_wi07,Storage HW,0.0
UserD,h13_wi07,Radiators,0.0
UserD,h13_wi07,Floor heating,0.0
UserD,h13_wi07,Induction stove,0.0
UserD,h13_wi07,Gas stove,0.0
UserD,h13_wi07,Gas National Grid,0.0
UserD,h14_wi07,PV sys,0.0
UserD,h14_wi07,National Grid EE,0.0
UserD,h14_wi07,Storage EE,4.724712738888892
UserD,h14_wi07,Gas Boiler,0.0
UserD,h14_wi07,HP,0.0
UserD,h14_wi07,AC,0.0
UserD,h14_wi07,Storage HW,0.0
UserD,h14_wi07,Radiators,0.0
UserD,h14_wi07,Floor heating,0.0
UserD,h14_wi07,Induction stove,0.0
UserD,h14_wi07,Gas stove,0.0
UserD,h14_wi07,Gas National Grid,0.0
UserD,h15_wi07,PV sys,0.0
UserD,h15_wi07,National Grid EE,0.0
UserD,h15_wi07,Storage EE,5.385559944444447
UserD,h15_wi07,Gas Boiler,0.0
UserD,h15_wi07,HP,0.0
UserD,h15_wi07,AC,0.0
UserD,h15_wi07,Storage HW,0.0
UserD,h15_wi07,Radiators,0.0
UserD,h15_wi07,Floor heating,0.0
UserD,h15_wi07,Induction stove,0.0
UserD,h15_wi07,Gas stove,0.0
UserD,h15_wi07,Gas National Grid,0.0
UserD,h16_wi07,PV sys,0.0
UserD,h16_wi07,National Grid EE,0.0
UserD,h16_wi07,Storage EE,5.7
UserD,h16_wi07,Gas Boiler,0.0
UserD,h16_wi07,HP,0.0
UserD,h16_wi07,AC,0.0
UserD,h16_wi07,Storage HW,0.0
UserD,h16_wi07,Radiators,0.0
UserD,h16_wi07,Floor heating,0.0
UserD,h16_wi07,Induction stove,0.0
UserD,h16_wi07,Gas stove,0.0
UserD,h16_wi07,Gas National Grid,0.0
UserD,h17_wi07,PV sys,0.0
UserD,h17_wi07,National Grid EE,0.0
UserD,h17_wi07,Storage EE,5.43
UserD,h17_wi07,Gas Boiler,0.0
UserD,h17_wi07,HP,0.0
UserD,h17_wi07,AC,0.0
UserD,h17_wi07,Storage HW,0.0
UserD,h17_wi07,Radiators,0.0
UserD,h17_wi07,Floor heating,0.0
UserD,h17_wi07,Induction stove,0.0
UserD,h17_wi07,Gas stove,0.0
UserD,h17_wi07,Gas National Grid,0.0
UserD,h18_wi07,PV sys,0.0
UserD,h18_wi07,National Grid EE,0.0
UserD,h18_wi07,Storage EE,5.43
UserD,h18_wi07,Gas Boiler,0.0
UserD,h18_wi07,HP,0.0
UserD,h18_wi07,AC,0.0
UserD,h18_wi07,Storage HW,0.0
UserD,h18_wi07,Radiators,0.0
UserD,h18_wi07,Floor heating,0.0
UserD,h18_wi07,Induction stove,0.0
UserD,h18_wi07,Gas stove,0.0
UserD,h18_wi07,Gas National Grid,0.0
UserD,h19_wi07,PV sys,0.0
UserD,h19_wi07,National Grid EE,0.0
UserD,h19_wi07,Storage EE,5.43
UserD,h19_wi07,Gas Boiler,0.0
UserD,h19_wi07,HP,0.0
UserD,h19_wi07,AC,0.0
UserD,h19_wi07,Storage HW,0.0
UserD,h19_wi07,Radiators,0.0
UserD,h19_wi07,Floor heating,0.0
UserD,h19_wi07,Induction stove,0.0
UserD,h19_wi07,Gas stove,0.0
UserD,h19_wi07,Gas National Grid,0.0
UserD,h20_wi07,PV sys,0.0
UserD,h20_wi07,National Grid EE,0.0
UserD,h20_wi07,Storage EE,5.264491750040768
UserD,h20_wi07,Gas Boiler,0.0
UserD,h20_wi07,HP,0.0
UserD,h20_wi07,AC,0.0
UserD,h20_wi07,Storage HW,0.0
UserD,h20_wi07,Radiators,0.0
UserD,h20_wi07,Floor heating,0.0
UserD,h20_wi07,Induction stove,0.0
UserD,h20_wi07,Gas stove,0.0
UserD,h20_wi07,Gas National Grid,0.0
UserD,h21_wi07,PV sys,0.0
UserD,h21_wi07,National Grid EE,0.0
UserD,h21_wi07,Storage EE,5.264491750040768
UserD,h21_wi07,Gas Boiler,0.0
UserD,h21_wi07,HP,0.0
UserD,h21_wi07,AC,0.0
UserD,h21_wi07,Storage HW,0.0
UserD,h21_wi07,Radiators,0.0
UserD,h21_wi07,Floor heating,0.0
UserD,h21_wi07,Induction stove,0.0
UserD,h21_wi07,Gas stove,0.0
UserD,h21_wi07,Gas National Grid,0.0
UserD,h22_wi07,PV sys,0.0
UserD,h22_wi07,National Grid EE,0.0
UserD,h22_wi07,Storage EE,5.264491750040768
UserD,h22_wi07,Gas Boiler,0.0
UserD,h22_wi07,HP,0.0
UserD,h22_wi07,AC,0.0
UserD,h22_wi07,Storage HW,0.0
UserD,h22_wi07,Radiators,0.0
UserD,h22_wi07,Floor heating,0.0
UserD,h22_wi07,Induction stove,0.0
UserD,h22_wi07,Gas stove,0.0
UserD,h22_wi07,Gas National Grid,0.0
UserD,h23_wi07,PV sys,0.0
UserD,h23_wi07,National Grid EE,0.0
UserD,h23_wi07,Storage EE,5.264491750040768
UserD,h23_wi07,Gas Boiler,0.0
UserD,h23_wi07,HP,0.0
UserD,h23_wi07,AC,0.0
UserD,h23_wi07,Storage HW,0.0
UserD,h23_wi07,Radiators,0.0
UserD,h23_wi07,Floor heating,0.0
UserD,h23_wi07,Induction stove,0.0
UserD,h23_wi07,Gas stove,0.0
UserD,h23_wi07,Gas National Grid,0.0
UserD,h24_wi07,PV sys,0.0
UserD,h24_wi07,National Grid EE,0.0
UserD,h24_wi07,Storage EE,5.264491750040768
UserD,h24_wi07,Gas Boiler,0.0
UserD,h24_wi07,HP,0.0
UserD,h24_wi07,AC,0.0
UserD,h24_wi07,Storage HW,0.0
UserD,h24_wi07,Radiators,0.0
UserD,h24_wi07,Floor heating,0.0
UserD,h24_wi07,Induction stove,0.0
UserD,h24_wi07,Gas stove,0.0
UserD,h24_wi07,Gas National Grid,0.0
UserD,h01_wi08,PV sys,0.0
UserD,h01_wi08,National Grid EE,0.0
UserD,h01_wi08,Storage EE,5.003590800040768
UserD,h01_wi08,Gas Boiler,0.0
UserD,h01_wi08,HP,0.0
UserD,h01_wi08,AC,0.0
UserD,h01_wi08,Storage HW,0.0
UserD,h01_wi08,Radiators,0.0
UserD,h01_wi08,Floor heating,0.0
UserD,h01_wi08,Induction stove,0.0
UserD,h01_wi08,Gas stove,0.0
UserD,h01_wi08,Gas National Grid,0.0
UserD,h02_wi08,PV sys,0.0
UserD,h02_wi08,National Grid EE,0.0
UserD,h02_wi08,Storage EE,4.859256550040768
UserD,h02_wi08,Gas Boiler,0.0
UserD,h02_wi08,HP,0.0
UserD,h02_wi08,AC,0.0
UserD,h02_wi08,Storage HW,0.0
UserD,h02_wi08,Radiators,0.0
UserD,h02_wi08,Floor heating,0.0
UserD,h02_wi08,Induction stove,0.0
UserD,h02_wi08,Gas stove,0.0
UserD,h02_wi08,Gas National Grid,0.0
UserD,h03_wi08,PV sys,0.0
UserD,h03_wi08,National Grid EE,0.0
UserD,h03_wi08,Storage EE,4.750672800040768
UserD,h03_wi08,Gas Boiler,0.0
UserD,h03_wi08,HP,0.0
UserD,h03_wi08,AC,0.0
UserD,h03_wi08,Storage HW,0.0
UserD,h03_wi08,Radiators,0.0
UserD,h03_wi08,Floor heating,0.0
UserD,h03_wi08,Induction stove,0.0
UserD,h03_wi08,Gas stove,0.0
UserD,h03_wi08,Gas National Grid,0.0
UserD,h04_wi08,PV sys,0.0
UserD,h04_wi08,National Grid EE,0.0
UserD,h04_wi08,Storage EE,4.5946394000407675
UserD,h04_wi08,Gas Boiler,0.0
UserD,h04_wi08,HP,0.0
UserD,h04_wi08,AC,0.0
UserD,h04_wi08,Storage HW,0.0
UserD,h04_wi08,Radiators,0.0
UserD,h04_wi08,Floor heating,0.0
UserD,h04_wi08,Induction stove,0.0
UserD,h04_wi08,Gas stove,0.0
UserD,h04_wi08,Gas National Grid,0.0
UserD,h05_wi08,PV sys,0.0
UserD,h05_wi08,National Grid EE,0.0
UserD,h05_wi08,Storage EE,4.449339066695637
UserD,h05_wi08,Gas Boiler,0.0
UserD,h05_wi08,HP,0.0
UserD,h05_wi08,AC,0.0
UserD,h05_wi08,Storage HW,0.0
UserD,h05_wi08,Radiators,0.0
UserD,h05_wi08,Floor heating,0.0
UserD,h05_wi08,Induction stove,0.0
UserD,h05_wi08,Gas stove,0.0
UserD,h05_wi08,Gas National Grid,0.0
UserD,h06_wi08,PV sys,0.0
UserD,h06_wi08,National Grid EE,0.0
UserD,h06_wi08,Storage EE,4.249955133358528
UserD,h06_wi08,Gas Boiler,0.0
UserD,h06_wi08,HP,0.0
UserD,h06_wi08,AC,0.0
UserD,h06_wi08,Storage HW,0.0
UserD,h06_wi08,Radiators,0.0
UserD,h06_wi08,Floor heating,0.0
UserD,h06_wi08,Induction stove,0.0
UserD,h06_wi08,Gas stove,0.0
UserD,h06_wi08,Gas National Grid,0.0
UserD,h07_wi08,PV sys,0.0
UserD,h07_wi08,National Grid EE,0.0
UserD,h07_wi08,Storage EE,4.002704966691861
UserD,h07_wi08,Gas Boiler,0.0
UserD,h07_wi08,HP,0.0
UserD,h07_wi08,AC,0.0
UserD,h07_wi08,Storage HW,0.0
UserD,h07_wi08,Radiators,0.0
UserD,h07_wi08,Floor heating,0.0
UserD,h07_wi08,Induction stove,0.0
UserD,h07_wi08,Gas stove,0.0
UserD,h07_wi08,Gas National Grid,0.0
UserD,h08_wi08,PV sys,0.0
UserD,h08_wi08,National Grid EE,0.0
UserD,h08_wi08,Storage EE,3.8327279666793874
UserD,h08_wi08,Gas Boiler,0.0
UserD,h08_wi08,HP,0.0
UserD,h08_wi08,AC,0.0
UserD,h08_wi08,Storage HW,0.0
UserD,h08_wi08,Radiators,0.0
UserD,h08_wi08,Floor heating,0.0
UserD,h08_wi08,Induction stove,0.0
UserD,h08_wi08,Gas stove,0.0
UserD,h08_wi08,Gas National Grid,0.0
UserD,h09_wi08,PV sys,0.0
UserD,h09_wi08,National Grid EE,0.0
UserD,h09_wi08,Storage EE,3.608659216677262
UserD,h09_wi08,Gas Boiler,0.0
UserD,h09_wi08,HP,0.0
UserD,h09_wi08,AC,0.0
UserD,h09_wi08,Storage HW,0.0
UserD,h09_wi08,Radiators,0.0
UserD,h09_wi08,Floor heating,0.0
UserD,h09_wi08,Induction stove,0.0
UserD,h09_wi08,Gas stove,0.0
UserD,h09_wi08,Gas National Grid,0.0
UserD,h10_wi08,PV sys,0.0
UserD,h10_wi08,National Grid EE,0.0
UserD,h10_wi08,Storage EE,3.680581900010596
UserD,h10_wi08,Gas Boiler,0.0
UserD,h10_wi08,HP,0.0
UserD,h10_wi08,AC,0.0
UserD,h10_wi08,Storage HW,0.0
UserD,h10_wi08,Radiators,0.0
UserD,h10_wi08,Floor heating,0.0
UserD,h10_wi08,Induction stove,0.0
UserD,h10_wi08,Gas stove,0.0
UserD,h10_wi08,Gas National Grid,0.0
UserD,h11_wi08,PV sys,0.0
UserD,h11_wi08,National Grid EE,0.0
UserD,h11_wi08,Storage EE,3.855496383342416
UserD,h11_wi08,Gas Boiler,0.0
UserD,h11_wi08,HP,0.0
UserD,h11_wi08,AC,0.0
UserD,h11_wi08,Storage HW,0.0
UserD,h11_wi08,Radiators,0.0
UserD,h11_wi08,Floor heating,0.0
UserD,h11_wi08,Induction stove,0.0
UserD,h11_wi08,Gas stove,0.0
UserD,h11_wi08,Gas National Grid,0.0
UserD,h12_wi08,PV sys,0.0
UserD,h12_wi08,National Grid EE,0.0
UserD,h12_wi08,Storage EE,4.578004333333331
UserD,h12_wi08,Gas Boiler,0.0
UserD,h12_wi08,HP,0.0
UserD,h12_wi08,AC,0.0
UserD,h12_wi08,Storage HW,0.0
UserD,h12_wi08,Radiators,0.0
UserD,h12_wi08,Floor heating,0.0
UserD,h12_wi08,Induction stove,0.0
UserD,h12_wi08,Gas stove,0.0
UserD,h12_wi08,Gas National Grid,0.0
UserD,h13_wi08,PV sys,0.0
UserD,h13_wi08,National Grid EE,0.0
UserD,h13_wi08,Storage EE,4.593885833333331
UserD,h13_wi08,Gas Boiler,0.0
UserD,h13_wi08,HP,0.0
UserD,h13_wi08,AC,0.0
UserD,h13_wi08,Storage HW,0.0
UserD,h13_wi08,Radiators,0.0
UserD,h13_wi08,Floor heating,0.0
UserD,h13_wi08,Induction stove,0.0
UserD,h13_wi08,Gas stove,0.0
UserD,h13_wi08,Gas National Grid,0.0
UserD,h14_wi08,PV sys,0.0
UserD,h14_wi08,National Grid EE,0.0
UserD,h14_wi08,Storage EE,4.441908366666666
UserD,h14_wi08,Gas Boiler,0.0
UserD,h14_wi08,HP,0.0
UserD,h14_wi08,AC,0.0
UserD,h14_wi08,Storage HW,0.0
UserD,h14_wi08,Radiators,0.0
UserD,h14_wi08,Floor heating,0.0
UserD,h14_wi08,Induction stove,0.0
UserD,h14_wi08,Gas stove,0.0
UserD,h14_wi08,Gas National Grid,0.0
UserD,h15_wi08,PV sys,0.0
UserD,h15_wi08,National Grid EE,0.0
UserD,h15_wi08,Storage EE,5.395324999999999
UserD,h15_wi08,Gas Boiler,0.0
UserD,h15_wi08,HP,0.0
UserD,h15_wi08,AC,0.0
UserD,h15_wi08,Storage HW,0.0
UserD,h15_wi08,Radiators,0.0
UserD,h15_wi08,Floor heating,0.0
UserD,h15_wi08,Induction stove,0.0
UserD,h15_wi08,Gas stove,0.0
UserD,h15_wi08,Gas National Grid,0.0
UserD,h16_wi08,PV sys,0.0
UserD,h16_wi08,National Grid EE,0.0
UserD,h16_wi08,Storage EE,5.7
UserD,h16_wi08,Gas Boiler,0.0
UserD,h16_wi08,HP,0.0
UserD,h16_wi08,AC,0.0
UserD,h16_wi08,Storage HW,0.0
UserD,h16_wi08,Radiators,0.0
UserD,h16_wi08,Floor heating,0.0
UserD,h16_wi08,Induction stove,0.0
UserD,h16_wi08,Gas stove,0.0
UserD,h16_wi08,Gas National Grid,0.0
UserD,h17_wi08,PV sys,0.0
UserD,h17_wi08,National Grid EE,0.0
UserD,h17_wi08,Storage EE,5.7
UserD,h17_wi08,Gas Boiler,0.0
UserD,h17_wi08,HP,0.0
UserD,h17_wi08,AC,0.0
UserD,h17_wi08,Storage HW,0.0
UserD,h17_wi08,Radiators,0.0
UserD,h17_wi08,Floor heating,0.0
UserD,h17_wi08,Induction stove,0.0
UserD,h17_wi08,Gas stove,0.0
UserD,h17_wi08,Gas National Grid,0.0
UserD,h18_wi08,PV sys,0.0
UserD,h18_wi08,National Grid EE,0.0
UserD,h18_wi08,Storage EE,5.7
UserD,h18_wi08,Gas Boiler,0.0
UserD,h18_wi08,HP,0.0
UserD,h18_wi08,AC,0.0
UserD,h18_wi08,Storage HW,0.0
UserD,h18_wi08,Radiators,0.0
UserD,h18_wi08,Floor heating,0.0
UserD,h18_wi08,Induction stove,0.0
UserD,h18_wi08,Gas stove,0.0
UserD,h18_wi08,Gas National Grid,0.0
UserD,h19_wi08,PV sys,0.0
UserD,h19_wi08,National Grid EE,0.0
UserD,h19_wi08,Storage EE,5.7
UserD,h19_wi08,Gas Boiler,0.0
UserD,h19_wi08,HP,0.0
UserD,h19_wi08,AC,0.0
UserD,h19_wi08,Storage HW,0.0
UserD,h19_wi08,Radiators,0.0
UserD,h19_wi08,Floor heating,0.0
UserD,h19_wi08,Induction stove,0.0
UserD,h19_wi08,Gas stove,0.0
UserD,h19_wi08,Gas National Grid,0.0
UserD,h20_wi08,PV sys,0.0
UserD,h20_wi08,National Grid EE,0.0
UserD,h20_wi08,Storage EE,5.7
UserD,h20_wi08,Gas Boiler,0.0
UserD,h20_wi08,HP,0.0
UserD,h20_wi08,AC,0.0
UserD,h20_wi08,Storage HW,0.0
UserD,h20_wi08,Radiators,0.0
UserD,h20_wi08,Floor heating,0.0
UserD,h20_wi08,Induction stove,0.0
UserD,h20_wi08,Gas stove,0.0
UserD,h20_wi08,Gas National Grid,0.0
UserD,h21_wi08,PV sys,0.0
UserD,h21_wi08,National Grid EE,0.0
UserD,h21_wi08,Storage EE,5.7
UserD,h21_wi08,Gas Boiler,0.0
UserD,h21_wi08,HP,0.0
UserD,h21_wi08,AC,0.0
UserD,h21_wi08,Storage HW,0.0
UserD,h21_wi08,Radiators,0.0
UserD,h21_wi08,Floor heating,0.0
UserD,h21_wi08,Induction stove,0.0
UserD,h21_wi08,Gas stove,0.0
UserD,h21_wi08,Gas National Grid,0.0
UserD,h22_wi08,PV sys,0.0
UserD,h22_wi08,National Grid EE,0.0
UserD,h22_wi08,Storage EE,5.7
UserD,h22_wi08,Gas Boiler,0.0
UserD,h22_wi08,HP,0.0
UserD,h22_wi08,AC,0.0
UserD,h22_wi08,Storage HW,0.0
UserD,h22_wi08,Radiators,0.0
UserD,h22_wi08,Floor heating,0.0
UserD,h22_wi08,Induction stove,0.0
UserD,h22_wi08,Gas stove,0.0
UserD,h22_wi08,Gas National Grid,0.0
UserD,h23_wi08,PV sys,0.0
UserD,h23_wi08,National Grid EE,0.0
UserD,h23_wi08,Storage EE,5.7
UserD,h23_wi08,Gas Boiler,0.0
UserD,h23_wi08,HP,0.0
UserD,h23_wi08,AC,0.0
UserD,h23_wi08,Storage HW,0.0
UserD,h23_wi08,Radiators,0.0
UserD,h23_wi08,Floor heating,0.0
UserD,h23_wi08,Induction stove,0.0
UserD,h23_wi08,Gas stove,0.0
UserD,h23_wi08,Gas National Grid,0.0
UserD,h24_wi08,PV sys,0.0
UserD,h24_wi08,National Grid EE,0.0
UserD,h24_wi08,Storage EE,5.7
UserD,h24_wi08,Gas Boiler,0.0
UserD,h24_wi08,HP,0.0
UserD,h24_wi08,AC,0.0
UserD,h24_wi08,Storage HW,0.0
UserD,h24_wi08,Radiators,0.0
UserD,h24_wi08,Floor heating,0.0
UserD,h24_wi08,Induction stove,0.0
UserD,h24_wi08,Gas stove,0.0
UserD,h24_wi08,Gas National Grid,0.0
UserD,h01_wi09,PV sys,0.0
UserD,h01_wi09,National Grid EE,0.0
UserD,h01_wi09,Storage EE,5.370397566666665
UserD,h01_wi09,Gas Boiler,0.0
UserD,h01_wi09,HP,0.0
UserD,h01_wi09,AC,0.0
UserD,h01_wi09,Storage HW,0.0
UserD,h01_wi09,Radiators,0.0
UserD,h01_wi09,Floor heating,0.0
UserD,h01_wi09,Induction stove,0.0
UserD,h01_wi09,Gas stove,0.0
UserD,h01_wi09,Gas National Grid,0.0
UserD,h02_wi09,PV sys,0.0
UserD,h02_wi09,National Grid EE,0.0
UserD,h02_wi09,Storage EE,5.168963366666666
UserD,h02_wi09,Gas Boiler,0.0
UserD,h02_wi09,HP,0.0
UserD,h02_wi09,AC,0.0
UserD,h02_wi09,Storage HW,0.0
UserD,h02_wi09,Radiators,0.0
UserD,h02_wi09,Floor heating,0.0
UserD,h02_wi09,Induction stove,0.0
UserD,h02_wi09,Gas stove,0.0
UserD,h02_wi09,Gas National Grid,0.0
UserD,h03_wi09,PV sys,0.0
UserD,h03_wi09,National Grid EE,0.0
UserD,h03_wi09,Storage EE,4.960713366666665
UserD,h03_wi09,Gas Boiler,0.0
UserD,h03_wi09,HP,0.0
UserD,h03_wi09,AC,0.0
UserD,h03_wi09,Storage HW,0.0
UserD,h03_wi09,Radiators,0.0
UserD,h03_wi09,Floor heating,0.0
UserD,h03_wi09,Induction stove,0.0
UserD,h03_wi09,Gas stove,0.0
UserD,h03_wi09,Gas National Grid,0.0
UserD,h04_wi09,PV sys,0.0
UserD,h04_wi09,National Grid EE,0.0
UserD,h04_wi09,Storage EE,4.749463316666665
UserD,h04_wi09,Gas Boiler,0.0
UserD,h04_wi09,HP,0.0
UserD,h04_wi09,AC,0.0
UserD,h04_wi09,Storage HW,0.0
UserD,h04_wi09,Radiators,0.0
UserD,h04_wi09,Floor heating,0.0
UserD,h04_wi09,Induction stove,0.0
UserD,h04_wi09,Gas stove,0.0
UserD,h04_wi09,Gas National Grid,0.0
UserD,h05_wi09,PV sys,0.0
UserD,h05_wi09,National Grid EE,0.0
UserD,h05_wi09,Storage EE,4.518463316666665
UserD,h05_wi09,Gas Boiler,0.0
UserD,h05_wi09,HP,0.0
UserD,h05_wi09,AC,0.0
UserD,h05_wi09,Storage HW,0.0
UserD,h05_wi09,Radiators,0.0
UserD,h05_wi09,Floor heating,0.0
UserD,h05_wi09,Induction stove,0.0
UserD,h05_wi09,Gas stove,0.0
UserD,h05_wi09,Gas National Grid,0.0
UserD,h06_wi09,PV sys,0.0
UserD,h06_wi09,National Grid EE,0.0
UserD,h06_wi09,Storage EE,4.287463316666665
UserD,h06_wi09,Gas Boiler,0.0
UserD,h06_wi09,HP,0.0
UserD,h06_wi09,AC,0.0
UserD,h06_wi09,Storage HW,0.0
UserD,h06_wi09,Radiators,0.0
UserD,h06_wi09,Floor heating,0.0
UserD,h06_wi09,Induction stove,0.0
UserD,h06_wi09,Gas stove,0.0
UserD,h06_wi09,Gas National Grid,0.0
UserD,h07_wi09,PV sys,0.0
UserD,h07_wi09,National Grid EE,0.0
UserD,h07_wi09,Storage EE,4.287463316666665
UserD,h07_wi09,Gas Boiler,0.0
UserD,h07_wi09,HP,0.0
UserD,h07_wi09,AC,0.0
UserD,h07_wi09,Storage HW,0.0
UserD,h07_wi09,Radiators,0.0
UserD,h07_wi09,Floor heating,0.0
UserD,h07_wi09,Induction stove,0.0
UserD,h07_wi09,Gas stove,0.0
UserD,h07_wi09,Gas National Grid,0.0
UserD,h08_wi09,PV sys,0.0
UserD,h08_wi09,National Grid EE,0.0
UserD,h08_wi09,Storage EE,4.0281278999999985
UserD,h08_wi09,Gas Boiler,0.0
UserD,h08_wi09,HP,0.0
UserD,h08_wi09,AC,0.0
UserD,h08_wi09,Storage HW,0.0
UserD,h08_wi09,Radiators,0.0
UserD,h08_wi09,Floor heating,0.0
UserD,h08_wi09,Induction stove,0.0
UserD,h08_wi09,Gas stove,0.0
UserD,h08_wi09,Gas National Grid,0.0
UserD,h09_wi09,PV sys,0.0
UserD,h09_wi09,National Grid EE,0.0
UserD,h09_wi09,Storage EE,3.8407921333333315
UserD,h09_wi09,Gas Boiler,0.0
UserD,h09_wi09,HP,0.0
UserD,h09_wi09,AC,0.0
UserD,h09_wi09,Storage HW,0.0
UserD,h09_wi09,Radiators,0.0
UserD,h09_wi09,Floor heating,0.0
UserD,h09_wi09,Induction stove,0.0
UserD,h09_wi09,Gas stove,0.0
UserD,h09_wi09,Gas National Grid,0.0
UserD,h10_wi09,PV sys,0.0
UserD,h10_wi09,National Grid EE,0.0
UserD,h10_wi09,Storage EE,3.705728233333332
UserD,h10_wi09,Gas Boiler,0.0
UserD,h10_wi09,HP,0.0
UserD,h10_wi09,AC,0.0
UserD,h10_wi09,Storage HW,0.0
UserD,h10_wi09,Radiators,0.0
UserD,h10_wi09,Floor heating,0.0
UserD,h10_wi09,Induction stove,0.0
UserD,h10_wi09,Gas stove,0.0
UserD,h10_wi09,Gas National Grid,0.0
UserD,h11_wi09,PV sys,0.0
UserD,h11_wi09,National Grid EE,0.0
UserD,h11_wi09,Storage EE,3.662942766666665
UserD,h11_wi09,Gas Boiler,0.0
UserD,h11_wi09,HP,0.0
UserD,h11_wi09,AC,0.0
UserD,h11_wi09,Storage HW,0.0
UserD,h11_wi09,Radiators,0.0
UserD,h11_wi09,Floor heating,0.0
UserD,h11_wi09,Induction stove,0.0
UserD,h11_wi09,Gas stove,0.0
UserD,h11_wi09,Gas National Grid,0.0
UserD,h12_wi09,PV sys,0.0
UserD,h12_wi09,National Grid EE,0.0
UserD,h12_wi09,Storage EE,3.698991116666665
UserD,h12_wi09,Gas Boiler,0.0
UserD,h12_wi09,HP,0.0
UserD,h12_wi09,AC,0.0
UserD,h12_wi09,Storage HW,0.0
UserD,h12_wi09,Radiators,0.0
UserD,h12_wi09,Floor heating,0.0
UserD,h12_wi09,Induction stove,0.0
UserD,h12_wi09,Gas stove,0.0
UserD,h12_wi09,Gas National Grid,0.0
UserD,h13_wi09,PV sys,0.0
UserD,h13_wi09,National Grid EE,0.0
UserD,h13_wi09,Storage EE,3.5830546666666647
UserD,h13_wi09,Gas Boiler,0.0
UserD,h13_wi09,HP,0.0
UserD,h13_wi09,AC,0.0
UserD,h13_wi09,Storage HW,0.0
UserD,h13_wi09,Radiators,0.0
UserD,h13_wi09,Floor heating,0.0
UserD,h13_wi09,Induction stove,0.0
UserD,h13_wi09,Gas stove,0.0
UserD,h13_wi09,Gas National Grid,0.0
UserD,h14_wi09,PV sys,0.0
UserD,h14_wi09,National Grid EE,0.0
UserD,h14_wi09,Storage EE,2.578685183333334
UserD,h14_wi09,Gas Boiler,0.0
UserD,h14_wi09,HP,0.0
UserD,h14_wi09,AC,0.0
UserD,h14_wi09,Storage HW,0.0
UserD,h14_wi09,Radiators,0.0
UserD,h14_wi09,Floor heating,0.0
UserD,h14_wi09,Induction stove,0.0
UserD,h14_wi09,Gas stove,0.0
UserD,h14_wi09,Gas National Grid,0.0
UserD,h15_wi09,PV sys,0.0
UserD,h15_wi09,National Grid EE,0.0
UserD,h15_wi09,Storage EE,2.4952675000000006
UserD,h15_wi09,Gas Boiler,0.0
UserD,h15_wi09,HP,0.0
UserD,h15_wi09,AC,0.0
UserD,h15_wi09,Storage HW,0.0
UserD,h15_wi09,Radiators,0.0
UserD,h15_wi09,Floor heating,0.0
UserD,h15_wi09,Induction stove,0.0
UserD,h15_wi09,Gas stove,0.0
UserD,h15_wi09,Gas National Grid,0.0
UserD,h16_wi09,PV sys,0.0
UserD,h16_wi09,National Grid EE,0.0
UserD,h16_wi09,Storage EE,2.3348175000000007
UserD,h16_wi09,Gas Boiler,0.0
UserD,h16_wi09,HP,0.0
UserD,h16_wi09,AC,0.0
UserD,h16_wi09,Storage HW,0.0
UserD,h16_wi09,Radiators,0.0
UserD,h16_wi09,Floor heating,0.0
UserD,h16_wi09,Induction stove,0.0
UserD,h16_wi09,Gas stove,0.0
UserD,h16_wi09,Gas National Grid,0.0
UserD,h17_wi09,PV sys,0.0
UserD,h17_wi09,National Grid EE,0.0
UserD,h17_wi09,Storage EE,2.3348175000000007
UserD,h17_wi09,Gas Boiler,0.0
UserD,h17_wi09,HP,0.0
UserD,h17_wi09,AC,0.0
UserD,h17_wi09,Storage HW,0.0
UserD,h17_wi09,Radiators,0.0
UserD,h17_wi09,Floor heating,0.0
UserD,h17_wi09,Induction stove,0.0
UserD,h17_wi09,Gas stove,0.0
UserD,h17_wi09,Gas National Grid,0.0
UserD,h18_wi09,PV sys,0.0
UserD,h18_wi09,National Grid EE,0.0
UserD,h18_wi09,Storage EE,2.035650816666667
UserD,h18_wi09,Gas Boiler,0.0
UserD,h18_wi09,HP,0.0
UserD,h18_wi09,AC,0.0
UserD,h18_wi09,Storage HW,0.0
UserD,h18_wi09,Radiators,0.0
UserD,h18_wi09,Floor heating,0.0
UserD,h18_wi09,Induction stove,0.0
UserD,h18_wi09,Gas stove,0.0
UserD,h18_wi09,Gas National Grid,0.0
UserD,h19_wi09,PV sys,0.0
UserD,h19_wi09,National Grid EE,0.0
UserD,h19_wi09,Storage EE,1.7723155333333338
UserD,h19_wi09,Gas Boiler,0.0
UserD,h19_wi09,HP,0.0
UserD,h19_wi09,AC,0.0
UserD,h19_wi09,Storage HW,0.0
UserD,h19_wi09,Radiators,0.0
UserD,h19_wi09,Floor heating,0.0
UserD,h19_wi09,Induction stove,0.0
UserD,h19_wi09,Gas stove,0.0
UserD,h19_wi09,Gas National Grid,0.0
UserD,h20_wi09,PV sys,0.0
UserD,h20_wi09,National Grid EE,0.0
UserD,h20_wi09,Storage EE,1.7723155333333338
UserD,h20_wi09,Gas Boiler,0.0
UserD,h20_wi09,HP,0.0
UserD,h20_wi09,AC,0.0
UserD,h20_wi09,Storage HW,0.0
UserD,h20_wi09,Radiators,0.0
UserD,h20_wi09,Floor heating,0.0
UserD,h20_wi09,Induction stove,0.0
UserD,h20_wi09,Gas stove,0.0
UserD,h20_wi09,Gas National Grid,0.0
UserD,h21_wi09,PV sys,0.0
UserD,h21_wi09,National Grid EE,0.0
UserD,h21_wi09,Storage EE,0.6
UserD,h21_wi09,Gas Boiler,0.0
UserD,h21_wi09,HP,0.0
UserD,h21_wi09,AC,0.0
UserD,h21_wi09,Storage HW,0.0
UserD,h21_wi09,Radiators,0.0
UserD,h21_wi09,Floor heating,0.0
UserD,h21_wi09,Induction stove,0.0
UserD,h21_wi09,Gas stove,0.0
UserD,h21_wi09,Gas National Grid,0.0
UserD,h22_wi09,PV sys,0.0
UserD,h22_wi09,National Grid EE,0.0
UserD,h22_wi09,Storage EE,0.6
UserD,h22_wi09,Gas Boiler,0.0
UserD,h22_wi09,HP,0.0
UserD,h22_wi09,AC,0.0
UserD,h22_wi09,Storage HW,0.0
UserD,h22_wi09,Radiators,0.0
UserD,h22_wi09,Floor heating,0.0
UserD,h22_wi09,Induction stove,0.0
UserD,h22_wi09,Gas stove,0.0
UserD,h22_wi09,Gas National Grid,0.0
UserD,h23_wi09,PV sys,0.0
UserD,h23_wi09,National Grid EE,0.0
UserD,h23_wi09,Storage EE,0.6
UserD,h23_wi09,Gas Boiler,0.0
UserD,h23_wi09,HP,0.0
UserD,h23_wi09,AC,0.0
UserD,h23_wi09,Storage HW,0.0
UserD,h23_wi09,Radiators,0.0
UserD,h23_wi09,Floor heating,0.0
UserD,h23_wi09,Induction stove,0.0
UserD,h23_wi09,Gas stove,0.0
UserD,h23_wi09,Gas National Grid,0.0
UserD,h24_wi09,PV sys,0.0
UserD,h24_wi09,National Grid EE,0.0
UserD,h24_wi09,Storage EE,0.6
UserD,h24_wi09,Gas Boiler,0.0
UserD,h24_wi09,HP,0.0
UserD,h24_wi09,AC,0.0
UserD,h24_wi09,Storage HW,0.0
UserD,h24_wi09,Radiators,0.0
UserD,h24_wi09,Floor heating,0.0
UserD,h24_wi09,Induction stove,0.0
UserD,h24_wi09,Gas stove,0.0
UserD,h24_wi09,Gas National Grid,0.0
UserD,h01_wi10,PV sys,0.0
UserD,h01_wi10,National Grid EE,0.0
UserD,h01_wi10,Storage EE,0.6
UserD,h01_wi10,Gas Boiler,0.0
UserD,h01_wi10,HP,0.0
UserD,h01_wi10,AC,0.0
UserD,h01_wi10,Storage HW,0.0
UserD,h01_wi10,Radiators,0.0
UserD,h01_wi10,Floor heating,0.0
UserD,h01_wi10,Induction stove,0.0
UserD,h01_wi10,Gas stove,0.0
UserD,h01_wi10,Gas National Grid,0.0
UserD,h02_wi10,PV sys,0.0
UserD,h02_wi10,National Grid EE,0.0
UserD,h02_wi10,Storage EE,0.6
UserD,h02_wi10,Gas Boiler,0.0
UserD,h02_wi10,HP,0.0
UserD,h02_wi10,AC,0.0
UserD,h02_wi10,Storage HW,0.0
UserD,h02_wi10,Radiators,0.0
UserD,h02_wi10,Floor heating,0.0
UserD,h02_wi10,Induction stove,0.0
UserD,h02_wi10,Gas stove,0.0
UserD,h02_wi10,Gas National Grid,0.0
UserD,h03_wi10,PV sys,0.0
UserD,h03_wi10,National Grid EE,0.0
UserD,h03_wi10,Storage EE,0.6
UserD,h03_wi10,Gas Boiler,0.0
UserD,h03_wi10,HP,0.0
UserD,h03_wi10,AC,0.0
UserD,h03_wi10,Storage HW,0.0
UserD,h03_wi10,Radiators,0.0
UserD,h03_wi10,Floor heating,0.0
UserD,h03_wi10,Induction stove,0.0
UserD,h03_wi10,Gas stove,0.0
UserD,h03_wi10,Gas National Grid,0.0
UserD,h04_wi10,PV sys,0.0
UserD,h04_wi10,National Grid EE,0.0
UserD,h04_wi10,Storage EE,0.6
UserD,h04_wi10,Gas Boiler,0.0
UserD,h04_wi10,HP,0.0
UserD,h04_wi10,AC,0.0
UserD,h04_wi10,Storage HW,0.0
UserD,h04_wi10,Radiators,0.0
UserD,h04_wi10,Floor heating,0.0
UserD,h04_wi10,Induction stove,0.0
UserD,h04_wi10,Gas stove,0.0
UserD,h04_wi10,Gas National Grid,0.0
UserD,h05_wi10,PV sys,0.0
UserD,h05_wi10,National Grid EE,0.0
UserD,h05_wi10,Storage EE,0.6
UserD,h05_wi10,Gas Boiler,0.0
UserD,h05_wi10,HP,0.0
UserD,h05_wi10,AC,0.0
UserD,h05_wi10,Storage HW,0.0
UserD,h05_wi10,Radiators,0.0
UserD,h05_wi10,Floor heating,0.0
UserD,h05_wi10,Induction stove,0.0
UserD,h05_wi10,Gas stove,0.0
UserD,h05_wi10,Gas National Grid,0.0
UserD,h06_wi10,PV sys,0.0
UserD,h06_wi10,National Grid EE,0.0
UserD,h06_wi10,Storage EE,0.6
UserD,h06_wi10,Gas Boiler,0.0
UserD,h06_wi10,HP,0.0
UserD,h06_wi10,AC,0.0
UserD,h06_wi10,Storage HW,0.0
UserD,h06_wi10,Radiators,0.0
UserD,h06_wi10,Floor heating,0.0
UserD,h06_wi10,Induction stove,0.0
UserD,h06_wi10,Gas stove,0.0
UserD,h06_wi10,Gas National Grid,0.0
UserD,h07_wi10,PV sys,0.0
UserD,h07_wi10,National Grid EE,0.0
UserD,h07_wi10,Storage EE,0.6
UserD,h07_wi10,Gas Boiler,0.0
UserD,h07_wi10,HP,0.0
UserD,h07_wi10,AC,0.0
UserD,h07_wi10,Storage HW,0.0
UserD,h07_wi10,Radiators,0.0
UserD,h07_wi10,Floor heating,0.0
UserD,h07_wi10,Induction stove,0.0
UserD,h07_wi10,Gas stove,0.0
UserD,h07_wi10,Gas National Grid,0.0
UserD,h08_wi10,PV sys,0.0
UserD,h08_wi10,National Grid EE,0.0
UserD,h08_wi10,Storage EE,0.6
UserD,h08_wi10,Gas Boiler,0.0
UserD,h08_wi10,HP,0.0
UserD,h08_wi10,AC,0.0
UserD,h08_wi10,Storage HW,0.0
UserD,h08_wi10,Radiators,0.0
UserD,h08_wi10,Floor heating,0.0
UserD,h08_wi10,Induction stove,0.0
UserD,h08_wi10,Gas stove,0.0
UserD,h08_wi10,Gas National Grid,0.0
UserD,h09_wi10,PV sys,0.0
UserD,h09_wi10,National Grid EE,0.0
UserD,h09_wi10,Storage EE,0.6423999999999996
UserD,h09_wi10,Gas Boiler,0.0
UserD,h09_wi10,HP,0.0
UserD,h09_wi10,AC,0.0
UserD,h09_wi10,Storage HW,0.0
UserD,h09_wi10,Radiators,0.0
UserD,h09_wi10,Floor heating,0.0
UserD,h09_wi10,Induction stove,0.0
UserD,h09_wi10,Gas stove,0.0
UserD,h09_wi10,Gas National Grid,0.0
UserD,h10_wi10,PV sys,0.0
UserD,h10_wi10,National Grid EE,0.0
UserD,h10_wi10,Storage EE,0.7131499999999996
UserD,h10_wi10,Gas Boiler,0.0
UserD,h10_wi10,HP,0.0
UserD,h10_wi10,AC,0.0
UserD,h10_wi10,Storage HW,0.0
UserD,h10_wi10,Radiators,0.0
UserD,h10_wi10,Floor heating,0.0
UserD,h10_wi10,Induction stove,0.0
UserD,h10_wi10,Gas stove,0.0
UserD,h10_wi10,Gas National Grid,0.0
UserD,h11_wi10,PV sys,0.0
UserD,h11_wi10,National Grid EE,0.0
UserD,h11_wi10,Storage EE,0.8966999999999996
UserD,h11_wi10,Gas Boiler,0.0
UserD,h11_wi10,HP,0.0
UserD,h11_wi10,AC,0.0
UserD,h11_wi10,Storage HW,0.0
UserD,h11_wi10,Radiators,0.0
UserD,h11_wi10,Floor heating,0.0
UserD,h11_wi10,Induction stove,0.0
UserD,h11_wi10,Gas stove,0.0
UserD,h11_wi10,Gas National Grid,0.0
UserD,h12_wi10,PV sys,0.0
UserD,h12_wi10,National Grid EE,0.0
UserD,h12_wi10,Storage EE,0.9938999999999996
UserD,h12_wi10,Gas Boiler,0.0
UserD,h12_wi10,HP,0.0
UserD,h12_wi10,AC,0.0
UserD,h12_wi10,Storage HW,0.0
UserD,h12_wi10,Radiators,0.0
UserD,h12_wi10,Floor heating,0.0
UserD,h12_wi10,Induction stove,0.0
UserD,h12_wi10,Gas stove,0.0
UserD,h12_wi10,Gas National Grid,0.0
UserD,h13_wi10,PV sys,0.0
UserD,h13_wi10,National Grid EE,0.0
UserD,h13_wi10,Storage EE,1.0576499999999995
UserD,h13_wi10,Gas Boiler,0.0
UserD,h13_wi10,HP,0.0
UserD,h13_wi10,AC,0.0
UserD,h13_wi10,Storage HW,0.0
UserD,h13_wi10,Radiators,0.0
UserD,h13_wi10,Floor heating,0.0
UserD,h13_wi10,Induction stove,0.0
UserD,h13_wi10,Gas stove,0.0
UserD,h13_wi10,Gas National Grid,0.0
UserD,h14_wi10,PV sys,0.0
UserD,h14_wi10,National Grid EE,0.0
UserD,h14_wi10,Storage EE,1.1024999999999996
UserD,h14_wi10,Gas Boiler,0.0
UserD,h14_wi10,HP,0.0
UserD,h14_wi10,AC,0.0
UserD,h14_wi10,Storage HW,0.0
UserD,h14_wi10,Radiators,0.0
UserD,h14_wi10,Floor heating,0.0
UserD,h14_wi10,Induction stove,0.0
UserD,h14_wi10,Gas stove,0.0
UserD,h14_wi10,Gas National Grid,0.0
UserD,h15_wi10,PV sys,0.0
UserD,h15_wi10,National Grid EE,0.0
UserD,h15_wi10,Storage EE,1.1244499999999995
UserD,h15_wi10,Gas Boiler,0.0
UserD,h15_wi10,HP,0.0
UserD,h15_wi10,AC,0.0
UserD,h15_wi10,Storage HW,0.0
UserD,h15_wi10,Radiators,0.0
UserD,h15_wi10,Floor heating,0.0
UserD,h15_wi10,Induction stove,0.0
UserD,h15_wi10,Gas stove,0.0
UserD,h15_wi10,Gas National Grid,0.0
UserD,h16_wi10,PV sys,0.0
UserD,h16_wi10,National Grid EE,0.0
UserD,h16_wi10,Storage EE,1.1720999999999995
UserD,h16_wi10,Gas Boiler,0.0
UserD,h16_wi10,HP,0.0
UserD,h16_wi10,AC,0.0
UserD,h16_wi10,Storage HW,0.0
UserD,h16_wi10,Radiators,0.0
UserD,h16_wi10,Floor heating,0.0
UserD,h16_wi10,Induction stove,0.0
UserD,h16_wi10,Gas stove,0.0
UserD,h16_wi10,Gas National Grid,0.0
UserD,h17_wi10,PV sys,0.0
UserD,h17_wi10,National Grid EE,0.0
UserD,h17_wi10,Storage EE,1.1720999999999995
UserD,h17_wi10,Gas Boiler,0.0
UserD,h17_wi10,HP,0.0
UserD,h17_wi10,AC,0.0
UserD,h17_wi10,Storage HW,0.0
UserD,h17_wi10,Radiators,0.0
UserD,h17_wi10,Floor heating,0.0
UserD,h17_wi10,Induction stove,0.0
UserD,h17_wi10,Gas stove,0.0
UserD,h17_wi10,Gas National Grid,0.0
UserD,h18_wi10,PV sys,0.0
UserD,h18_wi10,National Grid EE,0.0
UserD,h18_wi10,Storage EE,1.1720999999999995
UserD,h18_wi10,Gas Boiler,0.0
UserD,h18_wi10,HP,0.0
UserD,h18_wi10,AC,0.0
UserD,h18_wi10,Storage HW,0.0
UserD,h18_wi10,Radiators,0.0
UserD,h18_wi10,Floor heating,0.0
UserD,h18_wi10,Induction stove,0.0
UserD,h18_wi10,Gas stove,0.0
UserD,h18_wi10,Gas National Grid,0.0
UserD,h19_wi10,PV sys,0.0
UserD,h19_wi10,National Grid EE,0.0
UserD,h19_wi10,Storage EE,1.1720999999999995
UserD,h19_wi10,Gas Boiler,0.0
UserD,h19_wi10,HP,0.0
UserD,h19_wi10,AC,0.0
UserD,h19_wi10,Storage HW,0.0
UserD,h19_wi10,Radiators,0.0
UserD,h19_wi10,Floor heating,0.0
UserD,h19_wi10,Induction stove,0.0
UserD,h19_wi10,Gas stove,0.0
UserD,h19_wi10,Gas National Grid,0.0
UserD,h20_wi10,PV sys,0.0
UserD,h20_wi10,National Grid EE,0.0
UserD,h20_wi10,Storage EE,1.1720999999999995
UserD,h20_wi10,Gas Boiler,0.0
UserD,h20_wi10,HP,0.0
UserD,h20_wi10,AC,0.0
UserD,h20_wi10,Storage HW,0.0
UserD,h20_wi10,Radiators,0.0
UserD,h20_wi10,Floor heating,0.0
UserD,h20_wi10,Induction stove,0.0
UserD,h20_wi10,Gas stove,0.0
UserD,h20_wi10,Gas National Grid,0.0
UserD,h21_wi10,PV sys,0.0
UserD,h21_wi10,National Grid EE,0.0
UserD,h21_wi10,Storage EE,1.1720999999999995
UserD,h21_wi10,Gas Boiler,0.0
UserD,h21_wi10,HP,0.0
UserD,h21_wi10,AC,0.0
UserD,h21_wi10,Storage HW,0.0
UserD,h21_wi10,Radiators,0.0
UserD,h21_wi10,Floor heating,0.0
UserD,h21_wi10,Induction stove,0.0
UserD,h21_wi10,Gas stove,0.0
UserD,h21_wi10,Gas National Grid,0.0
UserD,h22_wi10,PV sys,0.0
UserD,h22_wi10,National Grid EE,0.0
UserD,h22_wi10,Storage EE,1.1720999999999995
UserD,h22_wi10,Gas Boiler,0.0
UserD,h22_wi10,HP,0.0
UserD,h22_wi10,AC,0.0
UserD,h22_wi10,Storage HW,0.0
UserD,h22_wi10,Radiators,0.0
UserD,h22_wi10,Floor heating,0.0
UserD,h22_wi10,Induction stove,0.0
UserD,h22_wi10,Gas stove,0.0
UserD,h22_wi10,Gas National Grid,0.0
UserD,h23_wi10,PV sys,0.0
UserD,h23_wi10,National Grid EE,0.0
UserD,h23_wi10,Storage EE,1.1720999999999995
UserD,h23_wi10,Gas Boiler,0.0
UserD,h23_wi10,HP,0.0
UserD,h23_wi10,AC,0.0
UserD,h23_wi10,Storage HW,0.0
UserD,h23_wi10,Radiators,0.0
UserD,h23_wi10,Floor heating,0.0
UserD,h23_wi10,Induction stove,0.0
UserD,h23_wi10,Gas stove,0.0
UserD,h23_wi10,Gas National Grid,0.0
UserD,h24_wi10,PV sys,0.0
UserD,h24_wi10,National Grid EE,0.0
UserD,h24_wi10,Storage EE,1.1720999999999995
UserD,h24_wi10,Gas Boiler,0.0
UserD,h24_wi10,HP,0.0
UserD,h24_wi10,AC,0.0
UserD,h24_wi10,Storage HW,0.0
UserD,h24_wi10,Radiators,0.0
UserD,h24_wi10,Floor heating,0.0
UserD,h24_wi10,Induction stove,0.0
UserD,h24_wi10,Gas stove,0.0
UserD,h24_wi10,Gas National Grid,0.0
UserD,h01_wi11,PV sys,0.0
UserD,h01_wi11,National Grid EE,0.0
UserD,h01_wi11,Storage EE,0.8831887333333325
UserD,h01_wi11,Gas Boiler,0.0
UserD,h01_wi11,HP,0.0
UserD,h01_wi11,AC,0.0
UserD,h01_wi11,Storage HW,0.0
UserD,h01_wi11,Radiators,0.0
UserD,h01_wi11,Floor heating,0.0
UserD,h01_wi11,Induction stove,0.0
UserD,h01_wi11,Gas stove,0.0
UserD,h01_wi11,Gas National Grid,0.0
UserD,h02_wi11,PV sys,0.0
UserD,h02_wi11,National Grid EE,0.0
UserD,h02_wi11,Storage EE,0.6842552833333324
UserD,h02_wi11,Gas Boiler,0.0
UserD,h02_wi11,HP,0.0
UserD,h02_wi11,AC,0.0
UserD,h02_wi11,Storage HW,0.0
UserD,h02_wi11,Radiators,0.0
UserD,h02_wi11,Floor heating,0.0
UserD,h02_wi11,Induction stove,0.0
UserD,h02_wi11,Gas stove,0.0
UserD,h02_wi11,Gas National Grid,0.0
UserD,h03_wi11,PV sys,0.0
UserD,h03_wi11,National Grid EE,0.0
UserD,h03_wi11,Storage EE,0.6
UserD,h03_wi11,Gas Boiler,0.0
UserD,h03_wi11,HP,0.0
UserD,h03_wi11,AC,0.0
UserD,h03_wi11,Storage HW,0.0
UserD,h03_wi11,Radiators,0.0
UserD,h03_wi11,Floor heating,0.0
UserD,h03_wi11,Induction stove,0.0
UserD,h03_wi11,Gas stove,0.0
UserD,h03_wi11,Gas National Grid,0.0
UserD,h04_wi11,PV sys,0.0
UserD,h04_wi11,National Grid EE,0.0
UserD,h04_wi11,Storage EE,0.6
UserD,h04_wi11,Gas Boiler,0.0
UserD,h04_wi11,HP,0.0
UserD,h04_wi11,AC,0.0
UserD,h04_wi11,Storage HW,0.0
UserD,h04_wi11,Radiators,0.0
UserD,h04_wi11,Floor heating,0.0
UserD,h04_wi11,Induction stove,0.0
UserD,h04_wi11,Gas stove,0.0
UserD,h04_wi11,Gas National Grid,0.0
UserD,h05_wi11,PV sys,0.0
UserD,h05_wi11,National Grid EE,0.0
UserD,h05_wi11,Storage EE,0.6
UserD,h05_wi11,Gas Boiler,0.0
UserD,h05_wi11,HP,0.0
UserD,h05_wi11,AC,0.0
UserD,h05_wi11,Storage HW,0.0
UserD,h05_wi11,Radiators,0.0
UserD,h05_wi11,Floor heating,0.0
UserD,h05_wi11,Induction stove,0.0
UserD,h05_wi11,Gas stove,0.0
UserD,h05_wi11,Gas National Grid,0.0
UserD,h06_wi11,PV sys,0.0
UserD,h06_wi11,National Grid EE,0.0
UserD,h06_wi11,Storage EE,0.6
UserD,h06_wi11,Gas Boiler,0.0
UserD,h06_wi11,HP,0.0
UserD,h06_wi11,AC,0.0
UserD,h06_wi11,Storage HW,0.0
UserD,h06_wi11,Radiators,0.0
UserD,h06_wi11,Floor heating,0.0
UserD,h06_wi11,Induction stove,0.0
UserD,h06_wi11,Gas stove,0.0
UserD,h06_wi11,Gas National Grid,0.0
UserD,h07_wi11,PV sys,0.0
UserD,h07_wi11,National Grid EE,0.0
UserD,h07_wi11,Storage EE,0.6
UserD,h07_wi11,Gas Boiler,0.0
UserD,h07_wi11,HP,0.0
UserD,h07_wi11,AC,0.0
UserD,h07_wi11,Storage HW,0.0
UserD,h07_wi11,Radiators,0.0
UserD,h07_wi11,Floor heating,0.0
UserD,h07_wi11,Induction stove,0.0
UserD,h07_wi11,Gas stove,0.0
UserD,h07_wi11,Gas National Grid,0.0
UserD,h08_wi11,PV sys,0.0
UserD,h08_wi11,National Grid EE,0.0
UserD,h08_wi11,Storage EE,0.635025
UserD,h08_wi11,Gas Boiler,0.0
UserD,h08_wi11,HP,0.0
UserD,h08_wi11,AC,0.0
UserD,h08_wi11,Storage HW,0.0
UserD,h08_wi11,Radiators,0.0
UserD,h08_wi11,Floor heating,0.0
UserD,h08_wi11,Induction stove,0.0
UserD,h08_wi11,Gas stove,0.0
UserD,h08_wi11,Gas National Grid,0.0
UserD,h09_wi11,PV sys,0.0
UserD,h09_wi11,National Grid EE,0.0
UserD,h09_wi11,Storage EE,0.6
UserD,h09_wi11,Gas Boiler,0.0
UserD,h09_wi11,HP,0.0
UserD,h09_wi11,AC,0.0
UserD,h09_wi11,Storage HW,0.0
UserD,h09_wi11,Radiators,0.0
UserD,h09_wi11,Floor heating,0.0
UserD,h09_wi11,Induction stove,0.0
UserD,h09_wi11,Gas stove,0.0
UserD,h09_wi11,Gas National Grid,0.0
UserD,h10_wi11,PV sys,0.0
UserD,h10_wi11,National Grid EE,0.0
UserD,h10_wi11,Storage EE,0.6
UserD,h10_wi11,Gas Boiler,0.0
UserD,h10_wi11,HP,0.0
UserD,h10_wi11,AC,0.0
UserD,h10_wi11,Storage HW,0.0
UserD,h10_wi11,Radiators,0.0
UserD,h10_wi11,Floor heating,0.0
UserD,h10_wi11,Induction stove,0.0
UserD,h10_wi11,Gas stove,0.0
UserD,h10_wi11,Gas National Grid,0.0
UserD,h11_wi11,PV sys,0.0
UserD,h11_wi11,National Grid EE,0.0
UserD,h11_wi11,Storage EE,1.0610821833333335
UserD,h11_wi11,Gas Boiler,0.0
UserD,h11_wi11,HP,0.0
UserD,h11_wi11,AC,0.0
UserD,h11_wi11,Storage HW,0.0
UserD,h11_wi11,Radiators,0.0
UserD,h11_wi11,Floor heating,0.0
UserD,h11_wi11,Induction stove,0.0
UserD,h11_wi11,Gas stove,0.0
UserD,h11_wi11,Gas National Grid,0.0
UserD,h12_wi11,PV sys,0.0
UserD,h12_wi11,National Grid EE,0.0
UserD,h12_wi11,Storage EE,1.8727565666666668
UserD,h12_wi11,Gas Boiler,0.0
UserD,h12_wi11,HP,0.0
UserD,h12_wi11,AC,0.0
UserD,h12_wi11,Storage HW,0.0
UserD,h12_wi11,Radiators,0.0
UserD,h12_wi11,Floor heating,0.0
UserD,h12_wi11,Induction stove,0.0
UserD,h12_wi11,Gas stove,0.0
UserD,h12_wi11,Gas National Grid,0.0
UserD,h13_wi11,PV sys,0.0
UserD,h13_wi11,National Grid EE,0.0
UserD,h13_wi11,Storage EE,3.2253065666666663
UserD,h13_wi11,Gas Boiler,0.0
UserD,h13_wi11,HP,0.0
UserD,h13_wi11,AC,0.0
UserD,h13_wi11,Storage HW,0.0
UserD,h13_wi11,Radiators,0.0
UserD,h13_wi11,Floor heating,0.0
UserD,h13_wi11,Induction stove,0.0
UserD,h13_wi11,Gas stove,0.0
UserD,h13_wi11,Gas National Grid,0.0
UserD,h14_wi11,PV sys,0.0
UserD,h14_wi11,National Grid EE,0.0
UserD,h14_wi11,Storage EE,4.411992233333333
UserD,h14_wi11,Gas Boiler,0.0
UserD,h14_wi11,HP,0.0
UserD,h14_wi11,AC,0.0
UserD,h14_wi11,Storage HW,0.0
UserD,h14_wi11,Radiators,0.0
UserD,h14_wi11,Floor heating,0.0
UserD,h14_wi11,Induction stove,0.0
UserD,h14_wi11,Gas stove,0.0
UserD,h14_wi11,Gas National Grid,0.0
UserD,h15_wi11,PV sys,0.0
UserD,h15_wi11,National Grid EE,0.0
UserD,h15_wi11,Storage EE,5.352741733333332
UserD,h15_wi11,Gas Boiler,0.0
UserD,h15_wi11,HP,0.0
UserD,h15_wi11,AC,0.0
UserD,h15_wi11,Storage HW,0.0
UserD,h15_wi11,Radiators,0.0
UserD,h15_wi11,Floor heating,0.0
UserD,h15_wi11,Induction stove,0.0
UserD,h15_wi11,Gas stove,0.0
UserD,h15_wi11,Gas National Grid,0.0
UserD,h16_wi11,PV sys,0.0
UserD,h16_wi11,National Grid EE,0.0
UserD,h16_wi11,Storage EE,5.7
UserD,h16_wi11,Gas Boiler,0.0
UserD,h16_wi11,HP,0.0
UserD,h16_wi11,AC,0.0
UserD,h16_wi11,Storage HW,0.0
UserD,h16_wi11,Radiators,0.0
UserD,h16_wi11,Floor heating,0.0
UserD,h16_wi11,Induction stove,0.0
UserD,h16_wi11,Gas stove,0.0
UserD,h16_wi11,Gas National Grid,0.0
UserD,h17_wi11,PV sys,0.0
UserD,h17_wi11,National Grid EE,0.0
UserD,h17_wi11,Storage EE,5.7
UserD,h17_wi11,Gas Boiler,0.0
UserD,h17_wi11,HP,0.0
UserD,h17_wi11,AC,0.0
UserD,h17_wi11,Storage HW,0.0
UserD,h17_wi11,Radiators,0.0
UserD,h17_wi11,Floor heating,0.0
UserD,h17_wi11,Induction stove,0.0
UserD,h17_wi11,Gas stove,0.0
UserD,h17_wi11,Gas National Grid,0.0
UserD,h18_wi11,PV sys,0.0
UserD,h18_wi11,National Grid EE,0.0
UserD,h18_wi11,Storage EE,5.7
UserD,h18_wi11,Gas Boiler,0.0
UserD,h18_wi11,HP,0.0
UserD,h18_wi11,AC,0.0
UserD,h18_wi11,Storage HW,0.0
UserD,h18_wi11,Radiators,0.0
UserD,h18_wi11,Floor heating,0.0
UserD,h18_wi11,Induction stove,0.0
UserD,h18_wi11,Gas stove,0.0
UserD,h18_wi11,Gas National Grid,0.0
UserD,h19_wi11,PV sys,0.0
UserD,h19_wi11,National Grid EE,0.0
UserD,h19_wi11,Storage EE,5.7
UserD,h19_wi11,Gas Boiler,0.0
UserD,h19_wi11,HP,0.0
UserD,h19_wi11,AC,0.0
UserD,h19_wi11,Storage HW,0.0
UserD,h19_wi11,Radiators,0.0
UserD,h19_wi11,Floor heating,0.0
UserD,h19_wi11,Induction stove,0.0
UserD,h19_wi11,Gas stove,0.0
UserD,h19_wi11,Gas National Grid,0.0
UserD,h20_wi11,PV sys,0.0
UserD,h20_wi11,National Grid EE,0.0
UserD,h20_wi11,Storage EE,5.7
UserD,h20_wi11,Gas Boiler,0.0
UserD,h20_wi11,HP,0.0
UserD,h20_wi11,AC,0.0
UserD,h20_wi11,Storage HW,0.0
UserD,h20_wi11,Radiators,0.0
UserD,h20_wi11,Floor heating,0.0
UserD,h20_wi11,Induction stove,0.0
UserD,h20_wi11,Gas stove,0.0
UserD,h20_wi11,Gas National Grid,0.0
UserD,h21_wi11,PV sys,0.0
UserD,h21_wi11,National Grid EE,0.0
UserD,h21_wi11,Storage EE,5.7
UserD,h21_wi11,Gas Boiler,0.0
UserD,h21_wi11,HP,0.0
UserD,h21_wi11,AC,0.0
UserD,h21_wi11,Storage HW,0.0
UserD,h21_wi11,Radiators,0.0
UserD,h21_wi11,Floor heating,0.0
UserD,h21_wi11,Induction stove,0.0
UserD,h21_wi11,Gas stove,0.0
UserD,h21_wi11,Gas National Grid,0.0
UserD,h22_wi11,PV sys,0.0
UserD,h22_wi11,National Grid EE,0.0
UserD,h22_wi11,Storage EE,5.7
UserD,h22_wi11,Gas Boiler,0.0
UserD,h22_wi11,HP,0.0
UserD,h22_wi11,AC,0.0
UserD,h22_wi11,Storage HW,0.0
UserD,h22_wi11,Radiators,0.0
UserD,h22_wi11,Floor heating,0.0
UserD,h22_wi11,Induction stove,0.0
UserD,h22_wi11,Gas stove,0.0
UserD,h22_wi11,Gas National Grid,0.0
UserD,h23_wi11,PV sys,0.0
UserD,h23_wi11,National Grid EE,0.0
UserD,h23_wi11,Storage EE,5.7
UserD,h23_wi11,Gas Boiler,0.0
UserD,h23_wi11,HP,0.0
UserD,h23_wi11,AC,0.0
UserD,h23_wi11,Storage HW,0.0
UserD,h23_wi11,Radiators,0.0
UserD,h23_wi11,Floor heating,0.0
UserD,h23_wi11,Induction stove,0.0
UserD,h23_wi11,Gas stove,0.0
UserD,h23_wi11,Gas National Grid,0.0
UserD,h24_wi11,PV sys,0.0
UserD,h24_wi11,National Grid EE,0.0
UserD,h24_wi11,Storage EE,5.7
UserD,h24_wi11,Gas Boiler,0.0
UserD,h24_wi11,HP,0.0
UserD,h24_wi11,AC,0.0
UserD,h24_wi11,Storage HW,0.0
UserD,h24_wi11,Radiators,0.0
UserD,h24_wi11,Floor heating,0.0
UserD,h24_wi11,Induction stove,0.0
UserD,h24_wi11,Gas stove,0.0
UserD,h24_wi11,Gas National Grid,0.0
UserD,h01_wi12,PV sys,0.0
UserD,h01_wi12,National Grid EE,0.0
UserD,h01_wi12,Storage EE,4.040587288888889
UserD,h01_wi12,Gas Boiler,0.0
UserD,h01_wi12,HP,0.0
UserD,h01_wi12,AC,0.0
UserD,h01_wi12,Storage HW,0.0
UserD,h01_wi12,Radiators,0.0
UserD,h01_wi12,Floor heating,0.0
UserD,h01_wi12,Induction stove,0.0
UserD,h01_wi12,Gas stove,0.0
UserD,h01_wi12,Gas National Grid,0.0
UserD,h02_wi12,PV sys,0.0
UserD,h02_wi12,National Grid EE,0.0
UserD,h02_wi12,Storage EE,3.8666536055555554
UserD,h02_wi12,Gas Boiler,0.0
UserD,h02_wi12,HP,0.0
UserD,h02_wi12,AC,0.0
UserD,h02_wi12,Storage HW,0.0
UserD,h02_wi12,Radiators,0.0
UserD,h02_wi12,Floor heating,0.0
UserD,h02_wi12,Induction stove,0.0
UserD,h02_wi12,Gas stove,0.0
UserD,h02_wi12,Gas National Grid,0.0
UserD,h03_wi12,PV sys,0.0
UserD,h03_wi12,National Grid EE,0.0
UserD,h03_wi12,Storage EE,3.710652555555555
UserD,h03_wi12,Gas Boiler,0.0
UserD,h03_wi12,HP,0.0
UserD,h03_wi12,AC,0.0
UserD,h03_wi12,Storage HW,0.0
UserD,h03_wi12,Radiators,0.0
UserD,h03_wi12,Floor heating,0.0
UserD,h03_wi12,Induction stove,0.0
UserD,h03_wi12,Gas stove,0.0
UserD,h03_wi12,Gas National Grid,0.0
UserD,h04_wi12,PV sys,0.0
UserD,h04_wi12,National Grid EE,0.0
UserD,h04_wi12,Storage EE,3.554484872222221
UserD,h04_wi12,Gas Boiler,0.0
UserD,h04_wi12,HP,0.0
UserD,h04_wi12,AC,0.0
UserD,h04_wi12,Storage HW,0.0
UserD,h04_wi12,Radiators,0.0
UserD,h04_wi12,Floor heating,0.0
UserD,h04_wi12,Induction stove,0.0
UserD,h04_wi12,Gas stove,0.0
UserD,h04_wi12,Gas National Grid,0.0
UserD,h05_wi12,PV sys,0.0
UserD,h05_wi12,National Grid EE,0.0
UserD,h05_wi12,Storage EE,3.2363739722222196
UserD,h05_wi12,Gas Boiler,0.0
UserD,h05_wi12,HP,0.0
UserD,h05_wi12,AC,0.0
UserD,h05_wi12,Storage HW,0.0
UserD,h05_wi12,Radiators,0.0
UserD,h05_wi12,Floor heating,0.0
UserD,h05_wi12,Induction stove,0.0
UserD,h05_wi12,Gas stove,0.0
UserD,h05_wi12,Gas National Grid,0.0
UserD,h06_wi12,PV sys,0.0
UserD,h06_wi12,National Grid EE,0.0
UserD,h06_wi12,Storage EE,1.6546621611111094
UserD,h06_wi12,Gas Boiler,0.0
UserD,h06_wi12,HP,0.0
UserD,h06_wi12,AC,0.0
UserD,h06_wi12,Storage HW,0.0
UserD,h06_wi12,Radiators,0.0
UserD,h06_wi12,Floor heating,0.0
UserD,h06_wi12,Induction stove,0.0
UserD,h06_wi12,Gas stove,0.0
UserD,h06_wi12,Gas National Grid,0.0
UserD,h07_wi12,PV sys,0.0
UserD,h07_wi12,National Grid EE,0.0
UserD,h07_wi12,Storage EE,1.4431119611111098
UserD,h07_wi12,Gas Boiler,0.0
UserD,h07_wi12,HP,0.0
UserD,h07_wi12,AC,0.0
UserD,h07_wi12,Storage HW,0.0
UserD,h07_wi12,Radiators,0.0
UserD,h07_wi12,Floor heating,0.0
UserD,h07_wi12,Induction stove,0.0
UserD,h07_wi12,Gas stove,0.0
UserD,h07_wi12,Gas National Grid,0.0
UserD,h08_wi12,PV sys,0.0
UserD,h08_wi12,National Grid EE,0.0
UserD,h08_wi12,Storage EE,0.6
UserD,h08_wi12,Gas Boiler,0.0
UserD,h08_wi12,HP,0.0
UserD,h08_wi12,AC,0.0
UserD,h08_wi12,Storage HW,0.0
UserD,h08_wi12,Radiators,0.0
UserD,h08_wi12,Floor heating,0.0
UserD,h08_wi12,Induction stove,0.0
UserD,h08_wi12,Gas stove,0.0
UserD,h08_wi12,Gas National Grid,0.0
UserD,h09_wi12,PV sys,0.0
UserD,h09_wi12,National Grid EE,0.0
UserD,h09_wi12,Storage EE,0.6
UserD,h09_wi12,Gas Boiler,0.0
UserD,h09_wi12,HP,0.0
UserD,h09_wi12,AC,0.0
UserD,h09_wi12,Storage HW,0.0
UserD,h09_wi12,Radiators,0.0
UserD,h09_wi12,Floor heating,0.0
UserD,h09_wi12,Induction stove,0.0
UserD,h09_wi12,Gas stove,0.0
UserD,h09_wi12,Gas National Grid,0.0
UserD,h10_wi12,PV sys,0.0
UserD,h10_wi12,National Grid EE,0.0
UserD,h10_wi12,Storage EE,0.6
UserD,h10_wi12,Gas Boiler,0.0
UserD,h10_wi12,HP,0.0
UserD,h10_wi12,AC,0.0
UserD,h10_wi12,Storage HW,0.0
UserD,h10_wi12,Radiators,0.0
UserD,h10_wi12,Floor heating,0.0
UserD,h10_wi12,Induction stove,0.0
UserD,h10_wi12,Gas stove,0.0
UserD,h10_wi12,Gas National Grid,0.0
UserD,h11_wi12,PV sys,0.0
UserD,h11_wi12,National Grid EE,0.0
UserD,h11_wi12,Storage EE,2.388124772222219
UserD,h11_wi12,Gas Boiler,0.0
UserD,h11_wi12,HP,0.0
UserD,h11_wi12,AC,0.0
UserD,h11_wi12,Storage HW,0.0
UserD,h11_wi12,Radiators,0.0
UserD,h11_wi12,Floor heating,0.0
UserD,h11_wi12,Induction stove,0.0
UserD,h11_wi12,Gas stove,0.0
UserD,h11_wi12,Gas National Grid,0.0
UserD,h12_wi12,PV sys,0.0
UserD,h12_wi12,National Grid EE,0.0
UserD,h12_wi12,Storage EE,4.564696527777775
UserD,h12_wi12,Gas Boiler,0.0
UserD,h12_wi12,HP,0.0
UserD,h12_wi12,AC,0.0
UserD,h12_wi12,Storage HW,0.0
UserD,h12_wi12,Radiators,0.0
UserD,h12_wi12,Floor heating,0.0
UserD,h12_wi12,Induction stove,0.0
UserD,h12_wi12,Gas stove,0.0
UserD,h12_wi12,Gas National Grid,0.0
UserD,h13_wi12,PV sys,0.0
UserD,h13_wi12,National Grid EE,0.0
UserD,h13_wi12,Storage EE,5.7
UserD,h13_wi12,Gas Boiler,0.0
UserD,h13_wi12,HP,0.0
UserD,h13_wi12,AC,0.0
UserD,h13_wi12,Storage HW,0.0
UserD,h13_wi12,Radiators,0.0
UserD,h13_wi12,Floor heating,0.0
UserD,h13_wi12,Induction stove,0.0
UserD,h13_wi12,Gas stove,0.0
UserD,h13_wi12,Gas National Grid,0.0
UserD,h14_wi12,PV sys,0.0
UserD,h14_wi12,National Grid EE,0.0
UserD,h14_wi12,Storage EE,5.7
UserD,h14_wi12,Gas Boiler,0.0
UserD,h14_wi12,HP,0.0
UserD,h14_wi12,AC,0.0
UserD,h14_wi12,Storage HW,0.0
UserD,h14_wi12,Radiators,0.0
UserD,h14_wi12,Floor heating,0.0
UserD,h14_wi12,Induction stove,0.0
UserD,h14_wi12,Gas stove,0.0
UserD,h14_wi12,Gas National Grid,0.0
UserD,h15_wi12,PV sys,0.0
UserD,h15_wi12,National Grid EE,0.0
UserD,h15_wi12,Storage EE,5.2511111111111095
UserD,h15_wi12,Gas Boiler,0.0
UserD,h15_wi12,HP,0.0
UserD,h15_wi12,AC,0.0
UserD,h15_wi12,Storage HW,0.0
UserD,h15_wi12,Radiators,0.0
UserD,h15_wi12,Floor heating,0.0
UserD,h15_wi12,Induction stove,0.0
UserD,h15_wi12,Gas stove,0.0
UserD,h15_wi12,Gas National Grid,0.0
UserD,h16_wi12,PV sys,0.0
UserD,h16_wi12,National Grid EE,0.0
UserD,h16_wi12,Storage EE,5.7
UserD,h16_wi12,Gas Boiler,0.0
UserD,h16_wi12,HP,0.0
UserD,h16_wi12,AC,0.0
UserD,h16_wi12,Storage HW,0.0
UserD,h16_wi12,Radiators,0.0
UserD,h16_wi12,Floor heating,0.0
UserD,h16_wi12,Induction stove,0.0
UserD,h16_wi12,Gas stove,0.0
UserD,h16_wi12,Gas National Grid,0.0
UserD,h17_wi12,PV sys,0.0
UserD,h17_wi12,National Grid EE,0.0
UserD,h17_wi12,Storage EE,5.7
UserD,h17_wi12,Gas Boiler,0.0
UserD,h17_wi12,HP,0.0
UserD,h17_wi12,AC,0.0
UserD,h17_wi12,Storage HW,0.0
UserD,h17_wi12,Radiators,0.0
UserD,h17_wi12,Floor heating,0.0
UserD,h17_wi12,Induction stove,0.0
UserD,h17_wi12,Gas stove,0.0
UserD,h17_wi12,Gas National Grid,0.0
UserD,h18_wi12,PV sys,0.0
UserD,h18_wi12,National Grid EE,0.0
UserD,h18_wi12,Storage EE,5.7
UserD,h18_wi12,Gas Boiler,0.0
UserD,h18_wi12,HP,0.0
UserD,h18_wi12,AC,0.0
UserD,h18_wi12,Storage HW,0.0
UserD,h18_wi12,Radiators,0.0
UserD,h18_wi12,Floor heating,0.0
UserD,h18_wi12,Induction stove,0.0
UserD,h18_wi12,Gas stove,0.0
UserD,h18_wi12,Gas National Grid,0.0
UserD,h19_wi12,PV sys,0.0
UserD,h19_wi12,National Grid EE,0.0
UserD,h19_wi12,Storage EE,5.7
UserD,h19_wi12,Gas Boiler,0.0
UserD,h19_wi12,HP,0.0
UserD,h19_wi12,AC,0.0
UserD,h19_wi12,Storage HW,0.0
UserD,h19_wi12,Radiators,0.0
UserD,h19_wi12,Floor heating,0.0
UserD,h19_wi12,Induction stove,0.0
UserD,h19_wi12,Gas stove,0.0
UserD,h19_wi12,Gas National Grid,0.0
UserD,h20_wi12,PV sys,0.0
UserD,h20_wi12,National Grid EE,0.0
UserD,h20_wi12,Storage EE,5.7
UserD,h20_wi12,Gas Boiler,0.0
UserD,h20_wi12,HP,0.0
UserD,h20_wi12,AC,0.0
UserD,h20_wi12,Storage HW,0.0
UserD,h20_wi12,Radiators,0.0
UserD,h20_wi12,Floor heating,0.0
UserD,h20_wi12,Induction stove,0.0
UserD,h20_wi12,Gas stove,0.0
UserD,h20_wi12,Gas National Grid,0.0
UserD,h21_wi12,PV sys,0.0
UserD,h21_wi12,National Grid EE,0.0
UserD,h21_wi12,Storage EE,5.7
UserD,h21_wi12,Gas Boiler,0.0
UserD,h21_wi12,HP,0.0
UserD,h21_wi12,AC,0.0
UserD,h21_wi12,Storage HW,0.0
UserD,h21_wi12,Radiators,0.0
UserD,h21_wi12,Floor heating,0.0
UserD,h21_wi12,Induction stove,0.0
UserD,h21_wi12,Gas stove,0.0
UserD,h21_wi12,Gas National Grid,0.0
UserD,h22_wi12,PV sys,0.0
UserD,h22_wi12,National Grid EE,0.0
UserD,h22_wi12,Storage EE,5.7
UserD,h22_wi12,Gas Boiler,0.0
UserD,h22_wi12,HP,0.0
UserD,h22_wi12,AC,0.0
UserD,h22_wi12,Storage HW,0.0
UserD,h22_wi12,Radiators,0.0
UserD,h22_wi12,Floor heating,0.0
UserD,h22_wi12,Induction stove,0.0
UserD,h22_wi12,Gas stove,0.0
UserD,h22_wi12,Gas National Grid,0.0
UserD,h23_wi12,PV sys,0.0
UserD,h23_wi12,National Grid EE,0.0
UserD,h23_wi12,Storage EE,5.7
UserD,h23_wi12,Gas Boiler,0.0
UserD,h23_wi12,HP,0.0
UserD,h23_wi12,AC,0.0
UserD,h23_wi12,Storage HW,0.0
UserD,h23_wi12,Radiators,0.0
UserD,h23_wi12,Floor heating,0.0
UserD,h23_wi12,Induction stove,0.0
UserD,h23_wi12,Gas stove,0.0
UserD,h23_wi12,Gas National Grid,0.0
UserD,h24_wi12,PV sys,0.0
UserD,h24_wi12,National Grid EE,0.0
UserD,h24_wi12,Storage EE,5.7
UserD,h24_wi12,Gas Boiler,0.0
UserD,h24_wi12,HP,0.0
UserD,h24_wi12,AC,0.0
UserD,h24_wi12,Storage HW,0.0
UserD,h24_wi12,Radiators,0.0
UserD,h24_wi12,Floor heating,0.0
UserD,h24_wi12,Induction stove,0.0
UserD,h24_wi12,Gas stove,0.0
UserD,h24_wi12,Gas National Grid,0.0
UserD,h01_wi13,PV sys,0.0
UserD,h01_wi13,National Grid EE,0.0
UserD,h01_wi13,Storage EE,5.454442416666666
UserD,h01_wi13,Gas Boiler,0.0
UserD,h01_wi13,HP,0.0
UserD,h01_wi13,AC,0.0
UserD,h01_wi13,Storage HW,0.0
UserD,h01_wi13,Radiators,0.0
UserD,h01_wi13,Floor heating,0.0
UserD,h01_wi13,Induction stove,0.0
UserD,h01_wi13,Gas stove,0.0
UserD,h01_wi13,Gas National Grid,0.0
UserD,h02_wi13,PV sys,0.0
UserD,h02_wi13,National Grid EE,0.0
UserD,h02_wi13,Storage EE,5.255942133333333
UserD,h02_wi13,Gas Boiler,0.0
UserD,h02_wi13,HP,0.0
UserD,h02_wi13,AC,0.0
UserD,h02_wi13,Storage HW,0.0
UserD,h02_wi13,Radiators,0.0
UserD,h02_wi13,Floor heating,0.0
UserD,h02_wi13,Induction stove,0.0
UserD,h02_wi13,Gas stove,0.0
UserD,h02_wi13,Gas National Grid,0.0
UserD,h03_wi13,PV sys,0.0
UserD,h03_wi13,National Grid EE,0.0
UserD,h03_wi13,Storage EE,5.062641933333333
UserD,h03_wi13,Gas Boiler,0.0
UserD,h03_wi13,HP,0.0
UserD,h03_wi13,AC,0.0
UserD,h03_wi13,Storage HW,0.0
UserD,h03_wi13,Radiators,0.0
UserD,h03_wi13,Floor heating,0.0
UserD,h03_wi13,Induction stove,0.0
UserD,h03_wi13,Gas stove,0.0
UserD,h03_wi13,Gas National Grid,0.0
UserD,h04_wi13,PV sys,0.0
UserD,h04_wi13,National Grid EE,0.0
UserD,h04_wi13,Storage EE,4.870208366666666
UserD,h04_wi13,Gas Boiler,0.0
UserD,h04_wi13,HP,0.0
UserD,h04_wi13,AC,0.0
UserD,h04_wi13,Storage HW,0.0
UserD,h04_wi13,Radiators,0.0
UserD,h04_wi13,Floor heating,0.0
UserD,h04_wi13,Induction stove,0.0
UserD,h04_wi13,Gas stove,0.0
UserD,h04_wi13,Gas National Grid,0.0
UserD,h05_wi13,PV sys,0.0
UserD,h05_wi13,National Grid EE,0.0
UserD,h05_wi13,Storage EE,4.689858316666665
UserD,h05_wi13,Gas Boiler,0.0
UserD,h05_wi13,HP,0.0
UserD,h05_wi13,AC,0.0
UserD,h05_wi13,Storage HW,0.0
UserD,h05_wi13,Radiators,0.0
UserD,h05_wi13,Floor heating,0.0
UserD,h05_wi13,Induction stove,0.0
UserD,h05_wi13,Gas stove,0.0
UserD,h05_wi13,Gas National Grid,0.0
UserD,h06_wi13,PV sys,0.0
UserD,h06_wi13,National Grid EE,0.0
UserD,h06_wi13,Storage EE,3.997775972222221
UserD,h06_wi13,Gas Boiler,0.0
UserD,h06_wi13,HP,0.0
UserD,h06_wi13,AC,0.0
UserD,h06_wi13,Storage HW,0.0
UserD,h06_wi13,Radiators,0.0
UserD,h06_wi13,Floor heating,0.0
UserD,h06_wi13,Induction stove,0.0
UserD,h06_wi13,Gas stove,0.0
UserD,h06_wi13,Gas National Grid,0.0
UserD,h07_wi13,PV sys,0.0
UserD,h07_wi13,National Grid EE,0.0
UserD,h07_wi13,Storage EE,2.4219140111111104
UserD,h07_wi13,Gas Boiler,0.0
UserD,h07_wi13,HP,0.0
UserD,h07_wi13,AC,0.0
UserD,h07_wi13,Storage HW,0.0
UserD,h07_wi13,Radiators,0.0
UserD,h07_wi13,Floor heating,0.0
UserD,h07_wi13,Induction stove,0.0
UserD,h07_wi13,Gas stove,0.0
UserD,h07_wi13,Gas National Grid,0.0
UserD,h08_wi13,PV sys,0.0
UserD,h08_wi13,National Grid EE,0.0
UserD,h08_wi13,Storage EE,0.6
UserD,h08_wi13,Gas Boiler,0.0
UserD,h08_wi13,HP,0.0
UserD,h08_wi13,AC,0.0
UserD,h08_wi13,Storage HW,0.0
UserD,h08_wi13,Radiators,0.0
UserD,h08_wi13,Floor heating,0.0
UserD,h08_wi13,Induction stove,0.0
UserD,h08_wi13,Gas stove,0.0
UserD,h08_wi13,Gas National Grid,0.0
UserD,h09_wi13,PV sys,0.0
UserD,h09_wi13,National Grid EE,0.0
UserD,h09_wi13,Storage EE,0.6083929888888897
UserD,h09_wi13,Gas Boiler,0.0
UserD,h09_wi13,HP,0.0
UserD,h09_wi13,AC,0.0
UserD,h09_wi13,Storage HW,0.0
UserD,h09_wi13,Radiators,0.0
UserD,h09_wi13,Floor heating,0.0
UserD,h09_wi13,Induction stove,0.0
UserD,h09_wi13,Gas stove,0.0
UserD,h09_wi13,Gas National Grid,0.0
UserD,h10_wi13,PV sys,0.0
UserD,h10_wi13,National Grid EE,0.0
UserD,h10_wi13,Storage EE,0.6
UserD,h10_wi13,Gas Boiler,0.0
UserD,h10_wi13,HP,0.0
UserD,h10_wi13,AC,0.0
UserD,h10_wi13,Storage HW,0.0
UserD,h10_wi13,Radiators,0.0
UserD,h10_wi13,Floor heating,0.0
UserD,h10_wi13,Induction stove,0.0
UserD,h10_wi13,Gas stove,0.0
UserD,h10_wi13,Gas National Grid,0.0
UserD,h11_wi13,PV sys,0.0
UserD,h11_wi13,National Grid EE,0.0
UserD,h11_wi13,Storage EE,1.3034049444444418
UserD,h11_wi13,Gas Boiler,0.0
UserD,h11_wi13,HP,0.0
UserD,h11_wi13,AC,0.0
UserD,h11_wi13,Storage HW,0.0
UserD,h11_wi13,Radiators,0.0
UserD,h11_wi13,Floor heating,0.0
UserD,h11_wi13,Induction stove,0.0
UserD,h11_wi13,Gas stove,0.0
UserD,h11_wi13,Gas National Grid,0.0
UserD,h12_wi13,PV sys,0.0
UserD,h12_wi13,National Grid EE,0.0
UserD,h12_wi13,Storage EE,2.315807799999998
UserD,h12_wi13,Gas Boiler,0.0
UserD,h12_wi13,HP,0.0
UserD,h12_wi13,AC,0.0
UserD,h12_wi13,Storage HW,0.0
UserD,h12_wi13,Radiators,0.0
UserD,h12_wi13,Floor heating,0.0
UserD,h12_wi13,Induction stove,0.0
UserD,h12_wi13,Gas stove,0.0
UserD,h12_wi13,Gas National Grid,0.0
UserD,h13_wi13,PV sys,0.0
UserD,h13_wi13,National Grid EE,0.0
UserD,h13_wi13,Storage EE,3.90394222222222
UserD,h13_wi13,Gas Boiler,0.0
UserD,h13_wi13,HP,0.0
UserD,h13_wi13,AC,0.0
UserD,h13_wi13,Storage HW,0.0
UserD,h13_wi13,Radiators,0.0
UserD,h13_wi13,Floor heating,0.0
UserD,h13_wi13,Induction stove,0.0
UserD,h13_wi13,Gas stove,0.0
UserD,h13_wi13,Gas National Grid,0.0
UserD,h14_wi13,PV sys,0.0
UserD,h14_wi13,National Grid EE,0.0
UserD,h14_wi13,Storage EE,5.076153177777776
UserD,h14_wi13,Gas Boiler,0.0
UserD,h14_wi13,HP,0.0
UserD,h14_wi13,AC,0.0
UserD,h14_wi13,Storage HW,0.0
UserD,h14_wi13,Radiators,0.0
UserD,h14_wi13,Floor heating,0.0
UserD,h14_wi13,Induction stove,0.0
UserD,h14_wi13,Gas stove,0.0
UserD,h14_wi13,Gas National Grid,0.0
UserD,h15_wi13,PV sys,0.0
UserD,h15_wi13,National Grid EE,0.0
UserD,h15_wi13,Storage EE,5.7
UserD,h15_wi13,Gas Boiler,0.0
UserD,h15_wi13,HP,0.0
UserD,h15_wi13,AC,0.0
UserD,h15_wi13,Storage HW,0.0
UserD,h15_wi13,Radiators,0.0
UserD,h15_wi13,Floor heating,0.0
UserD,h15_wi13,Induction stove,0.0
UserD,h15_wi13,Gas stove,0.0
UserD,h15_wi13,Gas National Grid,0.0
UserD,h16_wi13,PV sys,0.0
UserD,h16_wi13,National Grid EE,0.0
UserD,h16_wi13,Storage EE,5.7
UserD,h16_wi13,Gas Boiler,0.0
UserD,h16_wi13,HP,0.0
UserD,h16_wi13,AC,0.0
UserD,h16_wi13,Storage HW,0.0
UserD,h16_wi13,Radiators,0.0
UserD,h16_wi13,Floor heating,0.0
UserD,h16_wi13,Induction stove,0.0
UserD,h16_wi13,Gas stove,0.0
UserD,h16_wi13,Gas National Grid,0.0
UserD,h17_wi13,PV sys,0.0
UserD,h17_wi13,National Grid EE,0.0
UserD,h17_wi13,Storage EE,5.7
UserD,h17_wi13,Gas Boiler,0.0
UserD,h17_wi13,HP,0.0
UserD,h17_wi13,AC,0.0
UserD,h17_wi13,Storage HW,0.0
UserD,h17_wi13,Radiators,0.0
UserD,h17_wi13,Floor heating,0.0
UserD,h17_wi13,Induction stove,0.0
UserD,h17_wi13,Gas stove,0.0
UserD,h17_wi13,Gas National Grid,0.0
UserD,h18_wi13,PV sys,0.0
UserD,h18_wi13,National Grid EE,0.0
UserD,h18_wi13,Storage EE,5.7
UserD,h18_wi13,Gas Boiler,0.0
UserD,h18_wi13,HP,0.0
UserD,h18_wi13,AC,0.0
UserD,h18_wi13,Storage HW,0.0
UserD,h18_wi13,Radiators,0.0
UserD,h18_wi13,Floor heating,0.0
UserD,h18_wi13,Induction stove,0.0
UserD,h18_wi13,Gas stove,0.0
UserD,h18_wi13,Gas National Grid,0.0
UserD,h19_wi13,PV sys,0.0
UserD,h19_wi13,National Grid EE,0.0
UserD,h19_wi13,Storage EE,5.7
UserD,h19_wi13,Gas Boiler,0.0
UserD,h19_wi13,HP,0.0
UserD,h19_wi13,AC,0.0
UserD,h19_wi13,Storage HW,0.0
UserD,h19_wi13,Radiators,0.0
UserD,h19_wi13,Floor heating,0.0
UserD,h19_wi13,Induction stove,0.0
UserD,h19_wi13,Gas stove,0.0
UserD,h19_wi13,Gas National Grid,0.0
UserD,h20_wi13,PV sys,0.0
UserD,h20_wi13,National Grid EE,0.0
UserD,h20_wi13,Storage EE,5.7
UserD,h20_wi13,Gas Boiler,0.0
UserD,h20_wi13,HP,0.0
UserD,h20_wi13,AC,0.0
UserD,h20_wi13,Storage HW,0.0
UserD,h20_wi13,Radiators,0.0
UserD,h20_wi13,Floor heating,0.0
UserD,h20_wi13,Induction stove,0.0
UserD,h20_wi13,Gas stove,0.0
UserD,h20_wi13,Gas National Grid,0.0
UserD,h21_wi13,PV sys,0.0
UserD,h21_wi13,National Grid EE,0.0
UserD,h21_wi13,Storage EE,5.7
UserD,h21_wi13,Gas Boiler,0.0
UserD,h21_wi13,HP,0.0
UserD,h21_wi13,AC,0.0
UserD,h21_wi13,Storage HW,0.0
UserD,h21_wi13,Radiators,0.0
UserD,h21_wi13,Floor heating,0.0
UserD,h21_wi13,Induction stove,0.0
UserD,h21_wi13,Gas stove,0.0
UserD,h21_wi13,Gas National Grid,0.0
UserD,h22_wi13,PV sys,0.0
UserD,h22_wi13,National Grid EE,0.0
UserD,h22_wi13,Storage EE,5.7
UserD,h22_wi13,Gas Boiler,0.0
UserD,h22_wi13,HP,0.0
UserD,h22_wi13,AC,0.0
UserD,h22_wi13,Storage HW,0.0
UserD,h22_wi13,Radiators,0.0
UserD,h22_wi13,Floor heating,0.0
UserD,h22_wi13,Induction stove,0.0
UserD,h22_wi13,Gas stove,0.0
UserD,h22_wi13,Gas National Grid,0.0
UserD,h23_wi13,PV sys,0.0
UserD,h23_wi13,National Grid EE,0.0
UserD,h23_wi13,Storage EE,5.7
UserD,h23_wi13,Gas Boiler,0.0
UserD,h23_wi13,HP,0.0
UserD,h23_wi13,AC,0.0
UserD,h23_wi13,Storage HW,0.0
UserD,h23_wi13,Radiators,0.0
UserD,h23_wi13,Floor heating,0.0
UserD,h23_wi13,Induction stove,0.0
UserD,h23_wi13,Gas stove,0.0
UserD,h23_wi13,Gas National Grid,0.0
UserD,h24_wi13,PV sys,0.0
UserD,h24_wi13,National Grid EE,0.0
UserD,h24_wi13,Storage EE,5.7
UserD,h24_wi13,Gas Boiler,0.0
UserD,h24_wi13,HP,0.0
UserD,h24_wi13,AC,0.0
UserD,h24_wi13,Storage HW,0.0
UserD,h24_wi13,Radiators,0.0
UserD,h24_wi13,Floor heating,0.0
UserD,h24_wi13,Induction stove,0.0
UserD,h24_wi13,Gas stove,0.0
UserD,h24_wi13,Gas National Grid,0.0
UserD,h01_wi14,PV sys,0.0
UserD,h01_wi14,National Grid EE,0.0
UserD,h01_wi14,Storage EE,5.5324195666666665
UserD,h01_wi14,Gas Boiler,0.0
UserD,h01_wi14,HP,0.0
UserD,h01_wi14,AC,0.0
UserD,h01_wi14,Storage HW,0.0
UserD,h01_wi14,Radiators,0.0
UserD,h01_wi14,Floor heating,0.0
UserD,h01_wi14,Induction stove,0.0
UserD,h01_wi14,Gas stove,0.0
UserD,h01_wi14,Gas National Grid,0.0
UserD,h02_wi14,PV sys,0.0
UserD,h02_wi14,National Grid EE,0.0
UserD,h02_wi14,Storage EE,5.5324195666666665
UserD,h02_wi14,Gas Boiler,0.0
UserD,h02_wi14,HP,0.0
UserD,h02_wi14,AC,0.0
UserD,h02_wi14,Storage HW,0.0
UserD,h02_wi14,Radiators,0.0
UserD,h02_wi14,Floor heating,0.0
UserD,h02_wi14,Induction stove,0.0
UserD,h02_wi14,Gas stove,0.0
UserD,h02_wi14,Gas National Grid,0.0
UserD,h03_wi14,PV sys,0.0
UserD,h03_wi14,National Grid EE,0.0
UserD,h03_wi14,Storage EE,5.5324195666666665
UserD,h03_wi14,Gas Boiler,0.0
UserD,h03_wi14,HP,0.0
UserD,h03_wi14,AC,0.0
UserD,h03_wi14,Storage HW,0.0
UserD,h03_wi14,Radiators,0.0
UserD,h03_wi14,Floor heating,0.0
UserD,h03_wi14,Induction stove,0.0
UserD,h03_wi14,Gas stove,0.0
UserD,h03_wi14,Gas National Grid,0.0
UserD,h04_wi14,PV sys,0.0
UserD,h04_wi14,National Grid EE,0.0
UserD,h04_wi14,Storage EE,5.404968933333333
UserD,h04_wi14,Gas Boiler,0.0
UserD,h04_wi14,HP,0.0
UserD,h04_wi14,AC,0.0
UserD,h04_wi14,Storage HW,0.0
UserD,h04_wi14,Radiators,0.0
UserD,h04_wi14,Floor heating,0.0
UserD,h04_wi14,Induction stove,0.0
UserD,h04_wi14,Gas stove,0.0
UserD,h04_wi14,Gas National Grid,0.0
UserD,h05_wi14,PV sys,0.0
UserD,h05_wi14,National Grid EE,0.0
UserD,h05_wi14,Storage EE,5.25451875
UserD,h05_wi14,Gas Boiler,0.0
UserD,h05_wi14,HP,0.0
UserD,h05_wi14,AC,0.0
UserD,h05_wi14,Storage HW,0.0
UserD,h05_wi14,Radiators,0.0
UserD,h05_wi14,Floor heating,0.0
UserD,h05_wi14,Induction stove,0.0
UserD,h05_wi14,Gas stove,0.0
UserD,h05_wi14,Gas National Grid,0.0
UserD,h06_wi14,PV sys,0.0
UserD,h06_wi14,National Grid EE,0.0
UserD,h06_wi14,Storage EE,5.052768749999999
UserD,h06_wi14,Gas Boiler,0.0
UserD,h06_wi14,HP,0.0
UserD,h06_wi14,AC,0.0
UserD,h06_wi14,Storage HW,0.0
UserD,h06_wi14,Radiators,0.0
UserD,h06_wi14,Floor heating,0.0
UserD,h06_wi14,Induction stove,0.0
UserD,h06_wi14,Gas stove,0.0
UserD,h06_wi14,Gas National Grid,0.0
UserD,h07_wi14,PV sys,0.0
UserD,h07_wi14,National Grid EE,0.0
UserD,h07_wi14,Storage EE,4.8120182
UserD,h07_wi14,Gas Boiler,0.0
UserD,h07_wi14,HP,0.0
UserD,h07_wi14,AC,0.0
UserD,h07_wi14,Storage HW,0.0
UserD,h07_wi14,Radiators,0.0
UserD,h07_wi14,Floor heating,0.0
UserD,h07_wi14,Induction stove,0.0
UserD,h07_wi14,Gas stove,0.0
UserD,h07_wi14,Gas National Grid,0.0
UserD,h08_wi14,PV sys,0.0
UserD,h08_wi14,National Grid EE,0.0
UserD,h08_wi14,Storage EE,4.574517183333333
UserD,h08_wi14,Gas Boiler,0.0
UserD,h08_wi14,HP,0.0
UserD,h08_wi14,AC,0.0
UserD,h08_wi14,Storage HW,0.0
UserD,h08_wi14,Radiators,0.0
UserD,h08_wi14,Floor heating,0.0
UserD,h08_wi14,Induction stove,0.0
UserD,h08_wi14,Gas stove,0.0
UserD,h08_wi14,Gas National Grid,0.0
UserD,h09_wi14,PV sys,0.0
UserD,h09_wi14,National Grid EE,0.0
UserD,h09_wi14,Storage EE,4.170515199999999
UserD,h09_wi14,Gas Boiler,0.0
UserD,h09_wi14,HP,0.0
UserD,h09_wi14,AC,0.0
UserD,h09_wi14,Storage HW,0.0
UserD,h09_wi14,Radiators,0.0
UserD,h09_wi14,Floor heating,0.0
UserD,h09_wi14,Induction stove,0.0
UserD,h09_wi14,Gas stove,0.0
UserD,h09_wi14,Gas National Grid,0.0
UserD,h10_wi14,PV sys,0.0
UserD,h10_wi14,National Grid EE,0.0
UserD,h10_wi14,Storage EE,4.160962249999999
UserD,h10_wi14,Gas Boiler,0.0
UserD,h10_wi14,HP,0.0
UserD,h10_wi14,AC,0.0
UserD,h10_wi14,Storage HW,0.0
UserD,h10_wi14,Radiators,0.0
UserD,h10_wi14,Floor heating,0.0
UserD,h10_wi14,Induction stove,0.0
UserD,h10_wi14,Gas stove,0.0
UserD,h10_wi14,Gas National Grid,0.0
UserD,h11_wi14,PV sys,0.0
UserD,h11_wi14,National Grid EE,0.0
UserD,h11_wi14,Storage EE,4.111093616666666
UserD,h11_wi14,Gas Boiler,0.0
UserD,h11_wi14,HP,0.0
UserD,h11_wi14,AC,0.0
UserD,h11_wi14,Storage HW,0.0
UserD,h11_wi14,Radiators,0.0
UserD,h11_wi14,Floor heating,0.0
UserD,h11_wi14,Induction stove,0.0
UserD,h11_wi14,Gas stove,0.0
UserD,h11_wi14,Gas National Grid,0.0
UserD,h12_wi14,PV sys,0.0
UserD,h12_wi14,National Grid EE,0.0
UserD,h12_wi14,Storage EE,4.163224833333332
UserD,h12_wi14,Gas Boiler,0.0
UserD,h12_wi14,HP,0.0
UserD,h12_wi14,AC,0.0
UserD,h12_wi14,Storage HW,0.0
UserD,h12_wi14,Radiators,0.0
UserD,h12_wi14,Floor heating,0.0
UserD,h12_wi14,Induction stove,0.0
UserD,h12_wi14,Gas stove,0.0
UserD,h12_wi14,Gas National Grid,0.0
UserD,h13_wi14,PV sys,0.0
UserD,h13_wi14,National Grid EE,0.0
UserD,h13_wi14,Storage EE,4.129871549999998
UserD,h13_wi14,Gas Boiler,0.0
UserD,h13_wi14,HP,0.0
UserD,h13_wi14,AC,0.0
UserD,h13_wi14,Storage HW,0.0
UserD,h13_wi14,Radiators,0.0
UserD,h13_wi14,Floor heating,0.0
UserD,h13_wi14,Induction stove,0.0
UserD,h13_wi14,Gas stove,0.0
UserD,h13_wi14,Gas National Grid,0.0
UserD,h14_wi14,PV sys,0.0
UserD,h14_wi14,National Grid EE,0.0
UserD,h14_wi14,Storage EE,4.124669433333332
UserD,h14_wi14,Gas Boiler,0.0
UserD,h14_wi14,HP,0.0
UserD,h14_wi14,AC,0.0
UserD,h14_wi14,Storage HW,0.0
UserD,h14_wi14,Radiators,0.0
UserD,h14_wi14,Floor heating,0.0
UserD,h14_wi14,Induction stove,0.0
UserD,h14_wi14,Gas stove,0.0
UserD,h14_wi14,Gas National Grid,0.0
UserD,h15_wi14,PV sys,0.0
UserD,h15_wi14,National Grid EE,0.0
UserD,h15_wi14,Storage EE,4.073752749999998
UserD,h15_wi14,Gas Boiler,0.0
UserD,h15_wi14,HP,0.0
UserD,h15_wi14,AC,0.0
UserD,h15_wi14,Storage HW,0.0
UserD,h15_wi14,Radiators,0.0
UserD,h15_wi14,Floor heating,0.0
UserD,h15_wi14,Induction stove,0.0
UserD,h15_wi14,Gas stove,0.0
UserD,h15_wi14,Gas National Grid,0.0
UserD,h16_wi14,PV sys,0.0
UserD,h16_wi14,National Grid EE,0.0
UserD,h16_wi14,Storage EE,3.9296360666666645
UserD,h16_wi14,Gas Boiler,0.0
UserD,h16_wi14,HP,0.0
UserD,h16_wi14,AC,0.0
UserD,h16_wi14,Storage HW,0.0
UserD,h16_wi14,Radiators,0.0
UserD,h16_wi14,Floor heating,0.0
UserD,h16_wi14,Induction stove,0.0
UserD,h16_wi14,Gas stove,0.0
UserD,h16_wi14,Gas National Grid,0.0
UserD,h17_wi14,PV sys,0.0
UserD,h17_wi14,National Grid EE,0.0
UserD,h17_wi14,Storage EE,3.659636066666665
UserD,h17_wi14,Gas Boiler,0.0
UserD,h17_wi14,HP,0.0
UserD,h17_wi14,AC,0.0
UserD,h17_wi14,Storage HW,0.0
UserD,h17_wi14,Radiators,0.0
UserD,h17_wi14,Floor heating,0.0
UserD,h17_wi14,Induction stove,0.0
UserD,h17_wi14,Gas stove,0.0
UserD,h17_wi14,Gas National Grid,0.0
UserD,h18_wi14,PV sys,0.0
UserD,h18_wi14,National Grid EE,0.0
UserD,h18_wi14,Storage EE,3.3593015666666646
UserD,h18_wi14,Gas Boiler,0.0
UserD,h18_wi14,HP,0.0
UserD,h18_wi14,AC,0.0
UserD,h18_wi14,Storage HW,0.0
UserD,h18_wi14,Radiators,0.0
UserD,h18_wi14,Floor heating,0.0
UserD,h18_wi14,Induction stove,0.0
UserD,h18_wi14,Gas stove,0.0
UserD,h18_wi14,Gas National Grid,0.0
UserD,h19_wi14,PV sys,0.0
UserD,h19_wi14,National Grid EE,0.0
UserD,h19_wi14,Storage EE,2.976048899999997
UserD,h19_wi14,Gas Boiler,0.0
UserD,h19_wi14,HP,0.0
UserD,h19_wi14,AC,0.0
UserD,h19_wi14,Storage HW,0.0
UserD,h19_wi14,Radiators,0.0
UserD,h19_wi14,Floor heating,0.0
UserD,h19_wi14,Induction stove,0.0
UserD,h19_wi14,Gas stove,0.0
UserD,h19_wi14,Gas National Grid,0.0
UserD,h20_wi14,PV sys,0.0
UserD,h20_wi14,National Grid EE,0.0
UserD,h20_wi14,Storage EE,2.3747223666666635
UserD,h20_wi14,Gas Boiler,0.0
UserD,h20_wi14,HP,0.0
UserD,h20_wi14,AC,0.0
UserD,h20_wi14,Storage HW,0.0
UserD,h20_wi14,Radiators,0.0
UserD,h20_wi14,Floor heating,0.0
UserD,h20_wi14,Induction stove,0.0
UserD,h20_wi14,Gas stove,0.0
UserD,h20_wi14,Gas National Grid,0.0
UserD,h21_wi14,PV sys,0.0
UserD,h21_wi14,National Grid EE,0.0
UserD,h21_wi14,Storage EE,1.1841480166666656
UserD,h21_wi14,Gas Boiler,0.0
UserD,h21_wi14,HP,0.0
UserD,h21_wi14,AC,0.0
UserD,h21_wi14,Storage HW,0.0
UserD,h21_wi14,Radiators,0.0
UserD,h21_wi14,Floor heating,0.0
UserD,h21_wi14,Induction stove,0.0
UserD,h21_wi14,Gas stove,0.0
UserD,h21_wi14,Gas National Grid,0.0
UserD,h22_wi14,PV sys,0.0
UserD,h22_wi14,National Grid EE,0.0
UserD,h22_wi14,Storage EE,1.1841480166666656
UserD,h22_wi14,Gas Boiler,0.0
UserD,h22_wi14,HP,0.0
UserD,h22_wi14,AC,0.0
UserD,h22_wi14,Storage HW,0.0
UserD,h22_wi14,Radiators,0.0
UserD,h22_wi14,Floor heating,0.0
UserD,h22_wi14,Induction stove,0.0
UserD,h22_wi14,Gas stove,0.0
UserD,h22_wi14,Gas National Grid,0.0
UserD,h23_wi14,PV sys,0.0
UserD,h23_wi14,National Grid EE,0.0
UserD,h23_wi14,Storage EE,1.1841480166666656
UserD,h23_wi14,Gas Boiler,0.0
UserD,h23_wi14,HP,0.0
UserD,h23_wi14,AC,0.0
UserD,h23_wi14,Storage HW,0.0
UserD,h23_wi14,Radiators,0.0
UserD,h23_wi14,Floor heating,0.0
UserD,h23_wi14,Induction stove,0.0
UserD,h23_wi14,Gas stove,0.0
UserD,h23_wi14,Gas National Grid,0.0
UserD,h24_wi14,PV sys,0.0
UserD,h24_wi14,National Grid EE,0.0
UserD,h24_wi14,Storage EE,0.6
UserD,h24_wi14,Gas Boiler,0.0
UserD,h24_wi14,HP,0.0
UserD,h24_wi14,AC,0.0
UserD,h24_wi14,Storage HW,0.0
UserD,h24_wi14,Radiators,0.0
UserD,h24_wi14,Floor heating,0.0
UserD,h24_wi14,Induction stove,0.0
UserD,h24_wi14,Gas stove,0.0
UserD,h24_wi14,Gas National Grid,0.0
UserD,h01_mc01,PV sys,0.0
UserD,h01_mc01,National Grid EE,0.0
UserD,h01_mc01,Storage EE,0.6
UserD,h01_mc01,Gas Boiler,0.0
UserD,h01_mc01,HP,0.0
UserD,h01_mc01,AC,0.0
UserD,h01_mc01,Storage HW,0.0
UserD,h01_mc01,Radiators,0.0
UserD,h01_mc01,Floor heating,0.0
UserD,h01_mc01,Induction stove,0.0
UserD,h01_mc01,Gas stove,0.0
UserD,h01_mc01,Gas National Grid,0.0
UserD,h02_mc01,PV sys,0.0
UserD,h02_mc01,National Grid EE,0.0
UserD,h02_mc01,Storage EE,0.6
UserD,h02_mc01,Gas Boiler,0.0
UserD,h02_mc01,HP,0.0
UserD,h02_mc01,AC,0.0
UserD,h02_mc01,Storage HW,0.0
UserD,h02_mc01,Radiators,0.0
UserD,h02_mc01,Floor heating,0.0
UserD,h02_mc01,Induction stove,0.0
UserD,h02_mc01,Gas stove,0.0
UserD,h02_mc01,Gas National Grid,0.0
UserD,h03_mc01,PV sys,0.0
UserD,h03_mc01,National Grid EE,0.0
UserD,h03_mc01,Storage EE,0.6
UserD,h03_mc01,Gas Boiler,0.0
UserD,h03_mc01,HP,0.0
UserD,h03_mc01,AC,0.0
UserD,h03_mc01,Storage HW,0.0
UserD,h03_mc01,Radiators,0.0
UserD,h03_mc01,Floor heating,0.0
UserD,h03_mc01,Induction stove,0.0
UserD,h03_mc01,Gas stove,0.0
UserD,h03_mc01,Gas National Grid,0.0
UserD,h04_mc01,PV sys,0.0
UserD,h04_mc01,National Grid EE,0.0
UserD,h04_mc01,Storage EE,0.6
UserD,h04_mc01,Gas Boiler,0.0
UserD,h04_mc01,HP,0.0
UserD,h04_mc01,AC,0.0
UserD,h04_mc01,Storage HW,0.0
UserD,h04_mc01,Radiators,0.0
UserD,h04_mc01,Floor heating,0.0
UserD,h04_mc01,Induction stove,0.0
UserD,h04_mc01,Gas stove,0.0
UserD,h04_mc01,Gas National Grid,0.0
UserD,h05_mc01,PV sys,0.0
UserD,h05_mc01,National Grid EE,0.0
UserD,h05_mc01,Storage EE,0.6
UserD,h05_mc01,Gas Boiler,0.0
UserD,h05_mc01,HP,0.0
UserD,h05_mc01,AC,0.0
UserD,h05_mc01,Storage HW,0.0
UserD,h05_mc01,Radiators,0.0
UserD,h05_mc01,Floor heating,0.0
UserD,h05_mc01,Induction stove,0.0
UserD,h05_mc01,Gas stove,0.0
UserD,h05_mc01,Gas National Grid,0.0
UserD,h06_mc01,PV sys,0.0
UserD,h06_mc01,National Grid EE,0.0
UserD,h06_mc01,Storage EE,0.6
UserD,h06_mc01,Gas Boiler,0.0
UserD,h06_mc01,HP,0.0
UserD,h06_mc01,AC,0.0
UserD,h06_mc01,Storage HW,0.0
UserD,h06_mc01,Radiators,0.0
UserD,h06_mc01,Floor heating,0.0
UserD,h06_mc01,Induction stove,0.0
UserD,h06_mc01,Gas stove,0.0
UserD,h06_mc01,Gas National Grid,0.0
UserD,h07_mc01,PV sys,0.0
UserD,h07_mc01,National Grid EE,0.0
UserD,h07_mc01,Storage EE,0.6
UserD,h07_mc01,Gas Boiler,0.0
UserD,h07_mc01,HP,0.0
UserD,h07_mc01,AC,0.0
UserD,h07_mc01,Storage HW,0.0
UserD,h07_mc01,Radiators,0.0
UserD,h07_mc01,Floor heating,0.0
UserD,h07_mc01,Induction stove,0.0
UserD,h07_mc01,Gas stove,0.0
UserD,h07_mc01,Gas National Grid,0.0
UserD,h08_mc01,PV sys,0.0
UserD,h08_mc01,National Grid EE,0.0
UserD,h08_mc01,Storage EE,0.6
UserD,h08_mc01,Gas Boiler,0.0
UserD,h08_mc01,HP,0.0
UserD,h08_mc01,AC,0.0
UserD,h08_mc01,Storage HW,0.0
UserD,h08_mc01,Radiators,0.0
UserD,h08_mc01,Floor heating,0.0
UserD,h08_mc01,Induction stove,0.0
UserD,h08_mc01,Gas stove,0.0
UserD,h08_mc01,Gas National Grid,0.0
UserD,h09_mc01,PV sys,0.0
UserD,h09_mc01,National Grid EE,0.0
UserD,h09_mc01,Storage EE,0.7241003944444451
UserD,h09_mc01,Gas Boiler,0.0
UserD,h09_mc01,HP,0.0
UserD,h09_mc01,AC,0.0
UserD,h09_mc01,Storage HW,0.0
UserD,h09_mc01,Radiators,0.0
UserD,h09_mc01,Floor heating,0.0
UserD,h09_mc01,Induction stove,0.0
UserD,h09_mc01,Gas stove,0.0
UserD,h09_mc01,Gas National Grid,0.0
UserD,h10_mc01,PV sys,0.0
UserD,h10_mc01,National Grid EE,0.0
UserD,h10_mc01,Storage EE,1.8258084722222232
UserD,h10_mc01,Gas Boiler,0.0
UserD,h10_mc01,HP,0.0
UserD,h10_mc01,AC,0.0
UserD,h10_mc01,Storage HW,0.0
UserD,h10_mc01,Radiators,0.0
UserD,h10_mc01,Floor heating,0.0
UserD,h10_mc01,Induction stove,0.0
UserD,h10_mc01,Gas stove,0.0
UserD,h10_mc01,Gas National Grid,0.0
UserD,h11_mc01,PV sys,0.0
UserD,h11_mc01,National Grid EE,0.0
UserD,h11_mc01,Storage EE,3.1800756666666676
UserD,h11_mc01,Gas Boiler,0.0
UserD,h11_mc01,HP,0.0
UserD,h11_mc01,AC,0.0
UserD,h11_mc01,Storage HW,0.0
UserD,h11_mc01,Radiators,0.0
UserD,h11_mc01,Floor heating,0.0
UserD,h11_mc01,Induction stove,0.0
UserD,h11_mc01,Gas stove,0.0
UserD,h11_mc01,Gas National Grid,0.0
UserD,h12_mc01,PV sys,0.0
UserD,h12_mc01,National Grid EE,0.0
UserD,h12_mc01,Storage EE,4.4571583555555545
UserD,h12_mc01,Gas Boiler,0.0
UserD,h12_mc01,HP,0.0
UserD,h12_mc01,AC,0.0
UserD,h12_mc01,Storage HW,0.0
UserD,h12_mc01,Radiators,0.0
UserD,h12_mc01,Floor heating,0.0
UserD,h12_mc01,Induction stove,0.0
UserD,h12_mc01,Gas stove,0.0
UserD,h12_mc01,Gas National Grid,0.0
UserD,h13_mc01,PV sys,0.0
UserD,h13_mc01,National Grid EE,0.0
UserD,h13_mc01,Storage EE,5.7
UserD,h13_mc01,Gas Boiler,0.0
UserD,h13_mc01,HP,0.0
UserD,h13_mc01,AC,0.0
UserD,h13_mc01,Storage HW,0.0
UserD,h13_mc01,Radiators,0.0
UserD,h13_mc01,Floor heating,0.0
UserD,h13_mc01,Induction stove,0.0
UserD,h13_mc01,Gas stove,0.0
UserD,h13_mc01,Gas National Grid,0.0
UserD,h14_mc01,PV sys,0.0
UserD,h14_mc01,National Grid EE,0.0
UserD,h14_mc01,Storage EE,5.43655647222222
UserD,h14_mc01,Gas Boiler,0.0
UserD,h14_mc01,HP,0.0
UserD,h14_mc01,AC,0.0
UserD,h14_mc01,Storage HW,0.0
UserD,h14_mc01,Radiators,0.0
UserD,h14_mc01,Floor heating,0.0
UserD,h14_mc01,Induction stove,0.0
UserD,h14_mc01,Gas stove,0.0
UserD,h14_mc01,Gas National Grid,0.0
UserD,h15_mc01,PV sys,0.0
UserD,h15_mc01,National Grid EE,0.0
UserD,h15_mc01,Storage EE,5.7
UserD,h15_mc01,Gas Boiler,0.0
UserD,h15_mc01,HP,0.0
UserD,h15_mc01,AC,0.0
UserD,h15_mc01,Storage HW,0.0
UserD,h15_mc01,Radiators,0.0
UserD,h15_mc01,Floor heating,0.0
UserD,h15_mc01,Induction stove,0.0
UserD,h15_mc01,Gas stove,0.0
UserD,h15_mc01,Gas National Grid,0.0
UserD,h16_mc01,PV sys,0.0
UserD,h16_mc01,National Grid EE,0.0
UserD,h16_mc01,Storage EE,5.7
UserD,h16_mc01,Gas Boiler,0.0
UserD,h16_mc01,HP,0.0
UserD,h16_mc01,AC,0.0
UserD,h16_mc01,Storage HW,0.0
UserD,h16_mc01,Radiators,0.0
UserD,h16_mc01,Floor heating,0.0
UserD,h16_mc01,Induction stove,0.0
UserD,h16_mc01,Gas stove,0.0
UserD,h16_mc01,Gas National Grid,0.0
UserD,h17_mc01,PV sys,0.0
UserD,h17_mc01,National Grid EE,0.0
UserD,h17_mc01,Storage EE,5.423583316666667
UserD,h17_mc01,Gas Boiler,0.0
UserD,h17_mc01,HP,0.0
UserD,h17_mc01,AC,0.0
UserD,h17_mc01,Storage HW,0.0
UserD,h17_mc01,Radiators,0.0
UserD,h17_mc01,Floor heating,0.0
UserD,h17_mc01,Induction stove,0.0
UserD,h17_mc01,Gas stove,0.0
UserD,h17_mc01,Gas National Grid,0.0
UserD,h18_mc01,PV sys,0.0
UserD,h18_mc01,National Grid EE,0.0
UserD,h18_mc01,Storage EE,5.153582849999999
UserD,h18_mc01,Gas Boiler,0.0
UserD,h18_mc01,HP,0.0
UserD,h18_mc01,AC,0.0
UserD,h18_mc01,Storage HW,0.0
UserD,h18_mc01,Radiators,0.0
UserD,h18_mc01,Floor heating,0.0
UserD,h18_mc01,Induction stove,0.0
UserD,h18_mc01,Gas stove,0.0
UserD,h18_mc01,Gas National Grid,0.0
UserD,h19_mc01,PV sys,0.0
UserD,h19_mc01,National Grid EE,0.0
UserD,h19_mc01,Storage EE,4.913565233333333
UserD,h19_mc01,Gas Boiler,0.0
UserD,h19_mc01,HP,0.0
UserD,h19_mc01,AC,0.0
UserD,h19_mc01,Storage HW,0.0
UserD,h19_mc01,Radiators,0.0
UserD,h19_mc01,Floor heating,0.0
UserD,h19_mc01,Induction stove,0.0
UserD,h19_mc01,Gas stove,0.0
UserD,h19_mc01,Gas National Grid,0.0
UserD,h20_mc01,PV sys,0.0
UserD,h20_mc01,National Grid EE,0.0
UserD,h20_mc01,Storage EE,4.214743049999999
UserD,h20_mc01,Gas Boiler,0.0
UserD,h20_mc01,HP,0.0
UserD,h20_mc01,AC,0.0
UserD,h20_mc01,Storage HW,0.0
UserD,h20_mc01,Radiators,0.0
UserD,h20_mc01,Floor heating,0.0
UserD,h20_mc01,Induction stove,0.0
UserD,h20_mc01,Gas stove,0.0
UserD,h20_mc01,Gas National Grid,0.0
UserD,h21_mc01,PV sys,0.0
UserD,h21_mc01,National Grid EE,0.0
UserD,h21_mc01,Storage EE,3.179284333318723
UserD,h21_mc01,Gas Boiler,0.0
UserD,h21_mc01,HP,0.0
UserD,h21_mc01,AC,0.0
UserD,h21_mc01,Storage HW,0.0
UserD,h21_mc01,Radiators,0.0
UserD,h21_mc01,Floor heating,0.0
UserD,h21_mc01,Induction stove,0.0
UserD,h21_mc01,Gas stove,0.0
UserD,h21_mc01,Gas National Grid,0.0
UserD,h22_mc01,PV sys,0.0
UserD,h22_mc01,National Grid EE,0.0
UserD,h22_mc01,Storage EE,2.12188014997213
UserD,h22_mc01,Gas Boiler,0.0
UserD,h22_mc01,HP,0.0
UserD,h22_mc01,AC,0.0
UserD,h22_mc01,Storage HW,0.0
UserD,h22_mc01,Radiators,0.0
UserD,h22_mc01,Floor heating,0.0
UserD,h22_mc01,Induction stove,0.0
UserD,h22_mc01,Gas stove,0.0
UserD,h22_mc01,Gas National Grid,0.0
UserD,h23_mc01,PV sys,0.0
UserD,h23_mc01,National Grid EE,0.0
UserD,h23_mc01,Storage EE,0.6
UserD,h23_mc01,Gas Boiler,0.0
UserD,h23_mc01,HP,0.0
UserD,h23_mc01,AC,0.0
UserD,h23_mc01,Storage HW,0.0
UserD,h23_mc01,Radiators,0.0
UserD,h23_mc01,Floor heating,0.0
UserD,h23_mc01,Induction stove,0.0
UserD,h23_mc01,Gas stove,0.0
UserD,h23_mc01,Gas National Grid,0.0
UserD,h24_mc01,PV sys,0.0
UserD,h24_mc01,National Grid EE,0.0
UserD,h24_mc01,Storage EE,0.6
UserD,h24_mc01,Gas Boiler,0.0
UserD,h24_mc01,HP,0.0
UserD,h24_mc01,AC,0.0
UserD,h24_mc01,Storage HW,0.0
UserD,h24_mc01,Radiators,0.0
UserD,h24_mc01,Floor heating,0.0
UserD,h24_mc01,Induction stove,0.0
UserD,h24_mc01,Gas stove,0.0
UserD,h24_mc01,Gas National Grid,0.0
UserD,h01_mc02,PV sys,0.0
UserD,h01_mc02,National Grid EE,0.0
UserD,h01_mc02,Storage EE,0.6
UserD,h01_mc02,Gas Boiler,0.0
UserD,h01_mc02,HP,0.0
UserD,h01_mc02,AC,0.0
UserD,h01_mc02,Storage HW,0.0
UserD,h01_mc02,Radiators,0.0
UserD,h01_mc02,Floor heating,0.0
UserD,h01_mc02,Induction stove,0.0
UserD,h01_mc02,Gas stove,0.0
UserD,h01_mc02,Gas National Grid,0.0
UserD,h02_mc02,PV sys,0.0
UserD,h02_mc02,National Grid EE,0.0
UserD,h02_mc02,Storage EE,0.6
UserD,h02_mc02,Gas Boiler,0.0
UserD,h02_mc02,HP,0.0
UserD,h02_mc02,AC,0.0
UserD,h02_mc02,Storage HW,0.0
UserD,h02_mc02,Radiators,0.0
UserD,h02_mc02,Floor heating,0.0
UserD,h02_mc02,Induction stove,0.0
UserD,h02_mc02,Gas stove,0.0
UserD,h02_mc02,Gas National Grid,0.0
UserD,h03_mc02,PV sys,0.0
UserD,h03_mc02,National Grid EE,0.0
UserD,h03_mc02,Storage EE,0.6
UserD,h03_mc02,Gas Boiler,0.0
UserD,h03_mc02,HP,0.0
UserD,h03_mc02,AC,0.0
UserD,h03_mc02,Storage HW,0.0
UserD,h03_mc02,Radiators,0.0
UserD,h03_mc02,Floor heating,0.0
UserD,h03_mc02,Induction stove,0.0
UserD,h03_mc02,Gas stove,0.0
UserD,h03_mc02,Gas National Grid,0.0
UserD,h04_mc02,PV sys,0.0
UserD,h04_mc02,National Grid EE,0.0
UserD,h04_mc02,Storage EE,0.6
UserD,h04_mc02,Gas Boiler,0.0
UserD,h04_mc02,HP,0.0
UserD,h04_mc02,AC,0.0
UserD,h04_mc02,Storage HW,0.0
UserD,h04_mc02,Radiators,0.0
UserD,h04_mc02,Floor heating,0.0
UserD,h04_mc02,Induction stove,0.0
UserD,h04_mc02,Gas stove,0.0
UserD,h04_mc02,Gas National Grid,0.0
UserD,h05_mc02,PV sys,0.0
UserD,h05_mc02,National Grid EE,0.0
UserD,h05_mc02,Storage EE,0.6
UserD,h05_mc02,Gas Boiler,0.0
UserD,h05_mc02,HP,0.0
UserD,h05_mc02,AC,0.0
UserD,h05_mc02,Storage HW,0.0
UserD,h05_mc02,Radiators,0.0
UserD,h05_mc02,Floor heating,0.0
UserD,h05_mc02,Induction stove,0.0
UserD,h05_mc02,Gas stove,0.0
UserD,h05_mc02,Gas National Grid,0.0
UserD,h06_mc02,PV sys,0.0
UserD,h06_mc02,National Grid EE,0.0
UserD,h06_mc02,Storage EE,0.6
UserD,h06_mc02,Gas Boiler,0.0
UserD,h06_mc02,HP,0.0
UserD,h06_mc02,AC,0.0
UserD,h06_mc02,Storage HW,0.0
UserD,h06_mc02,Radiators,0.0
UserD,h06_mc02,Floor heating,0.0
UserD,h06_mc02,Induction stove,0.0
UserD,h06_mc02,Gas stove,0.0
UserD,h06_mc02,Gas National Grid,0.0
UserD,h07_mc02,PV sys,0.0
UserD,h07_mc02,National Grid EE,0.0
UserD,h07_mc02,Storage EE,0.6
UserD,h07_mc02,Gas Boiler,0.0
UserD,h07_mc02,HP,0.0
UserD,h07_mc02,AC,0.0
UserD,h07_mc02,Storage HW,0.0
UserD,h07_mc02,Radiators,0.0
UserD,h07_mc02,Floor heating,0.0
UserD,h07_mc02,Induction stove,0.0
UserD,h07_mc02,Gas stove,0.0
UserD,h07_mc02,Gas National Grid,0.0
UserD,h08_mc02,PV sys,0.0
UserD,h08_mc02,National Grid EE,0.0
UserD,h08_mc02,Storage EE,0.7065000000000001
UserD,h08_mc02,Gas Boiler,0.0
UserD,h08_mc02,HP,0.0
UserD,h08_mc02,AC,0.0
UserD,h08_mc02,Storage HW,0.0
UserD,h08_mc02,Radiators,0.0
UserD,h08_mc02,Floor heating,0.0
UserD,h08_mc02,Induction stove,0.0
UserD,h08_mc02,Gas stove,0.0
UserD,h08_mc02,Gas National Grid,0.0
UserD,h09_mc02,PV sys,0.0
UserD,h09_mc02,National Grid EE,0.0
UserD,h09_mc02,Storage EE,0.7695000000000003
UserD,h09_mc02,Gas Boiler,0.0
UserD,h09_mc02,HP,0.0
UserD,h09_mc02,AC,0.0
UserD,h09_mc02,Storage HW,0.0
UserD,h09_mc02,Radiators,0.0
UserD,h09_mc02,Floor heating,0.0
UserD,h09_mc02,Induction stove,0.0
UserD,h09_mc02,Gas stove,0.0
UserD,h09_mc02,Gas National Grid,0.0
UserD,h10_mc02,PV sys,0.0
UserD,h10_mc02,National Grid EE,0.0
UserD,h10_mc02,Storage EE,0.9822500000000001
UserD,h10_mc02,Gas Boiler,0.0
UserD,h10_mc02,HP,0.0
UserD,h10_mc02,AC,0.0
UserD,h10_mc02,Storage HW,0.0
UserD,h10_mc02,Radiators,0.0
UserD,h10_mc02,Floor heating,0.0
UserD,h10_mc02,Induction stove,0.0
UserD,h10_mc02,Gas stove,0.0
UserD,h10_mc02,Gas National Grid,0.0
UserD,h11_mc02,PV sys,0.0
UserD,h11_mc02,National Grid EE,0.0
UserD,h11_mc02,Storage EE,1.1224500000000002
UserD,h11_mc02,Gas Boiler,0.0
UserD,h11_mc02,HP,0.0
UserD,h11_mc02,AC,0.0
UserD,h11_mc02,Storage HW,0.0
UserD,h11_mc02,Radiators,0.0
UserD,h11_mc02,Floor heating,0.0
UserD,h11_mc02,Induction stove,0.0
UserD,h11_mc02,Gas stove,0.0
UserD,h11_mc02,Gas National Grid,0.0
UserD,h12_mc02,PV sys,0.0
UserD,h12_mc02,National Grid EE,0.0
UserD,h12_mc02,Storage EE,1.2730000000000001
UserD,h12_mc02,Gas Boiler,0.0
UserD,h12_mc02,HP,0.0
UserD,h12_mc02,AC,0.0
UserD,h12_mc02,Storage HW,0.0
UserD,h12_mc02,Radiators,0.0
UserD,h12_mc02,Floor heating,0.0
UserD,h12_mc02,Induction stove,0.0
UserD,h12_mc02,Gas stove,0.0
UserD,h12_mc02,Gas National Grid,0.0
UserD,h13_mc02,PV sys,0.0
UserD,h13_mc02,National Grid EE,0.0
UserD,h13_mc02,Storage EE,1.4232
UserD,h13_mc02,Gas Boiler,0.0
UserD,h13_mc02,HP,0.0
UserD,h13_mc02,AC,0.0
UserD,h13_mc02,Storage HW,0.0
UserD,h13_mc02,Radiators,0.0
UserD,h13_mc02,Floor heating,0.0
UserD,h13_mc02,Induction stove,0.0
UserD,h13_mc02,Gas stove,0.0
UserD,h13_mc02,Gas National Grid,0.0
UserD,h14_mc02,PV sys,0.0
UserD,h14_mc02,National Grid EE,0.0
UserD,h14_mc02,Storage EE,1.59145
UserD,h14_mc02,Gas Boiler,0.0
UserD,h14_mc02,HP,0.0
UserD,h14_mc02,AC,0.0
UserD,h14_mc02,Storage HW,0.0
UserD,h14_mc02,Radiators,0.0
UserD,h14_mc02,Floor heating,0.0
UserD,h14_mc02,Induction stove,0.0
UserD,h14_mc02,Gas stove,0.0
UserD,h14_mc02,Gas National Grid,0.0
UserD,h15_mc02,PV sys,0.0
UserD,h15_mc02,National Grid EE,0.0
UserD,h15_mc02,Storage EE,1.70365
UserD,h15_mc02,Gas Boiler,0.0
UserD,h15_mc02,HP,0.0
UserD,h15_mc02,AC,0.0
UserD,h15_mc02,Storage HW,0.0
UserD,h15_mc02,Radiators,0.0
UserD,h15_mc02,Floor heating,0.0
UserD,h15_mc02,Induction stove,0.0
UserD,h15_mc02,Gas stove,0.0
UserD,h15_mc02,Gas National Grid,0.0
UserD,h16_mc02,PV sys,0.0
UserD,h16_mc02,National Grid EE,0.0
UserD,h16_mc02,Storage EE,1.8135
UserD,h16_mc02,Gas Boiler,0.0
UserD,h16_mc02,HP,0.0
UserD,h16_mc02,AC,0.0
UserD,h16_mc02,Storage HW,0.0
UserD,h16_mc02,Radiators,0.0
UserD,h16_mc02,Floor heating,0.0
UserD,h16_mc02,Induction stove,0.0
UserD,h16_mc02,Gas stove,0.0
UserD,h16_mc02,Gas National Grid,0.0
UserD,h17_mc02,PV sys,0.0
UserD,h17_mc02,National Grid EE,0.0
UserD,h17_mc02,Storage EE,1.8135
UserD,h17_mc02,Gas Boiler,0.0
UserD,h17_mc02,HP,0.0
UserD,h17_mc02,AC,0.0
UserD,h17_mc02,Storage HW,0.0
UserD,h17_mc02,Radiators,0.0
UserD,h17_mc02,Floor heating,0.0
UserD,h17_mc02,Induction stove,0.0
UserD,h17_mc02,Gas stove,0.0
UserD,h17_mc02,Gas National Grid,0.0
UserD,h18_mc02,PV sys,0.0
UserD,h18_mc02,National Grid EE,0.0
UserD,h18_mc02,Storage EE,1.8135
UserD,h18_mc02,Gas Boiler,0.0
UserD,h18_mc02,HP,0.0
UserD,h18_mc02,AC,0.0
UserD,h18_mc02,Storage HW,0.0
UserD,h18_mc02,Radiators,0.0
UserD,h18_mc02,Floor heating,0.0
UserD,h18_mc02,Induction stove,0.0
UserD,h18_mc02,Gas stove,0.0
UserD,h18_mc02,Gas National Grid,0.0
UserD,h19_mc02,PV sys,0.0
UserD,h19_mc02,National Grid EE,0.0
UserD,h19_mc02,Storage EE,1.8135
UserD,h19_mc02,Gas Boiler,0.0
UserD,h19_mc02,HP,0.0
UserD,h19_mc02,AC,0.0
UserD,h19_mc02,Storage HW,0.0
UserD,h19_mc02,Radiators,0.0
UserD,h19_mc02,Floor heating,0.0
UserD,h19_mc02,Induction stove,0.0
UserD,h19_mc02,Gas stove,0.0
UserD,h19_mc02,Gas National Grid,0.0
UserD,h20_mc02,PV sys,0.0
UserD,h20_mc02,National Grid EE,0.0
UserD,h20_mc02,Storage EE,1.8135
UserD,h20_mc02,Gas Boiler,0.0
UserD,h20_mc02,HP,0.0
UserD,h20_mc02,AC,0.0
UserD,h20_mc02,Storage HW,0.0
UserD,h20_mc02,Radiators,0.0
UserD,h20_mc02,Floor heating,0.0
UserD,h20_mc02,Induction stove,0.0
UserD,h20_mc02,Gas stove,0.0
UserD,h20_mc02,Gas National Grid,0.0
UserD,h21_mc02,PV sys,0.0
UserD,h21_mc02,National Grid EE,0.0
UserD,h21_mc02,Storage EE,1.8135
UserD,h21_mc02,Gas Boiler,0.0
UserD,h21_mc02,HP,0.0
UserD,h21_mc02,AC,0.0
UserD,h21_mc02,Storage HW,0.0
UserD,h21_mc02,Radiators,0.0
UserD,h21_mc02,Floor heating,0.0
UserD,h21_mc02,Induction stove,0.0
UserD,h21_mc02,Gas stove,0.0
UserD,h21_mc02,Gas National Grid,0.0
UserD,h22_mc02,PV sys,0.0
UserD,h22_mc02,National Grid EE,0.0
UserD,h22_mc02,Storage EE,1.8135
UserD,h22_mc02,Gas Boiler,0.0
UserD,h22_mc02,HP,0.0
UserD,h22_mc02,AC,0.0
UserD,h22_mc02,Storage HW,0.0
UserD,h22_mc02,Radiators,0.0
UserD,h22_mc02,Floor heating,0.0
UserD,h22_mc02,Induction stove,0.0
UserD,h22_mc02,Gas stove,0.0
UserD,h22_mc02,Gas National Grid,0.0
UserD,h23_mc02,PV sys,0.0
UserD,h23_mc02,National Grid EE,0.0
UserD,h23_mc02,Storage EE,1.8135
UserD,h23_mc02,Gas Boiler,0.0
UserD,h23_mc02,HP,0.0
UserD,h23_mc02,AC,0.0
UserD,h23_mc02,Storage HW,0.0
UserD,h23_mc02,Radiators,0.0
UserD,h23_mc02,Floor heating,0.0
UserD,h23_mc02,Induction stove,0.0
UserD,h23_mc02,Gas stove,0.0
UserD,h23_mc02,Gas National Grid,0.0
UserD,h24_mc02,PV sys,0.0
UserD,h24_mc02,National Grid EE,0.0
UserD,h24_mc02,Storage EE,1.8135
UserD,h24_mc02,Gas Boiler,0.0
UserD,h24_mc02,HP,0.0
UserD,h24_mc02,AC,0.0
UserD,h24_mc02,Storage HW,0.0
UserD,h24_mc02,Radiators,0.0
UserD,h24_mc02,Floor heating,0.0
UserD,h24_mc02,Induction stove,0.0
UserD,h24_mc02,Gas stove,0.0
UserD,h24_mc02,Gas National Grid,0.0
UserD,h01_mc03,PV sys,0.0
UserD,h01_mc03,National Grid EE,0.0
UserD,h01_mc03,Storage EE,1.5471309166666665
UserD,h01_mc03,Gas Boiler,0.0
UserD,h01_mc03,HP,0.0
UserD,h01_mc03,AC,0.0
UserD,h01_mc03,Storage HW,0.0
UserD,h01_mc03,Radiators,0.0
UserD,h01_mc03,Floor heating,0.0
UserD,h01_mc03,Induction stove,0.0
UserD,h01_mc03,Gas stove,0.0
UserD,h01_mc03,Gas National Grid,0.0
UserD,h02_mc03,PV sys,0.0
UserD,h02_mc03,National Grid EE,0.0
UserD,h02_mc03,Storage EE,1.4064770666666662
UserD,h02_mc03,Gas Boiler,0.0
UserD,h02_mc03,HP,0.0
UserD,h02_mc03,AC,0.0
UserD,h02_mc03,Storage HW,0.0
UserD,h02_mc03,Radiators,0.0
UserD,h02_mc03,Floor heating,0.0
UserD,h02_mc03,Induction stove,0.0
UserD,h02_mc03,Gas stove,0.0
UserD,h02_mc03,Gas National Grid,0.0
UserD,h03_mc03,PV sys,0.0
UserD,h03_mc03,National Grid EE,0.0
UserD,h03_mc03,Storage EE,1.2504765166666663
UserD,h03_mc03,Gas Boiler,0.0
UserD,h03_mc03,HP,0.0
UserD,h03_mc03,AC,0.0
UserD,h03_mc03,Storage HW,0.0
UserD,h03_mc03,Radiators,0.0
UserD,h03_mc03,Floor heating,0.0
UserD,h03_mc03,Induction stove,0.0
UserD,h03_mc03,Gas stove,0.0
UserD,h03_mc03,Gas National Grid,0.0
UserD,h04_mc03,PV sys,0.0
UserD,h04_mc03,National Grid EE,0.0
UserD,h04_mc03,Storage EE,1.0391431499999997
UserD,h04_mc03,Gas Boiler,0.0
UserD,h04_mc03,HP,0.0
UserD,h04_mc03,AC,0.0
UserD,h04_mc03,Storage HW,0.0
UserD,h04_mc03,Radiators,0.0
UserD,h04_mc03,Floor heating,0.0
UserD,h04_mc03,Induction stove,0.0
UserD,h04_mc03,Gas stove,0.0
UserD,h04_mc03,Gas National Grid,0.0
UserD,h05_mc03,PV sys,0.0
UserD,h05_mc03,National Grid EE,0.0
UserD,h05_mc03,Storage EE,0.8074930499999997
UserD,h05_mc03,Gas Boiler,0.0
UserD,h05_mc03,HP,0.0
UserD,h05_mc03,AC,0.0
UserD,h05_mc03,Storage HW,0.0
UserD,h05_mc03,Radiators,0.0
UserD,h05_mc03,Floor heating,0.0
UserD,h05_mc03,Induction stove,0.0
UserD,h05_mc03,Gas stove,0.0
UserD,h05_mc03,Gas National Grid,0.0
UserD,h06_mc03,PV sys,0.0
UserD,h06_mc03,National Grid EE,0.0
UserD,h06_mc03,Storage EE,0.6122430333333331
UserD,h06_mc03,Gas Boiler,0.0
UserD,h06_mc03,HP,0.0
UserD,h06_mc03,AC,0.0
UserD,h06_mc03,Storage HW,0.0
UserD,h06_mc03,Radiators,0.0
UserD,h06_mc03,Floor heating,0.0
UserD,h06_mc03,Induction stove,0.0
UserD,h06_mc03,Gas stove,0.0
UserD,h06_mc03,Gas National Grid,0.0
UserD,h07_mc03,PV sys,0.0
UserD,h07_mc03,National Grid EE,0.0
UserD,h07_mc03,Storage EE,0.787309183333333
UserD,h07_mc03,Gas Boiler,0.0
UserD,h07_mc03,HP,0.0
UserD,h07_mc03,AC,0.0
UserD,h07_mc03,Storage HW,0.0
UserD,h07_mc03,Radiators,0.0
UserD,h07_mc03,Floor heating,0.0
UserD,h07_mc03,Induction stove,0.0
UserD,h07_mc03,Gas stove,0.0
UserD,h07_mc03,Gas National Grid,0.0
UserD,h08_mc03,PV sys,0.0
UserD,h08_mc03,National Grid EE,0.0
UserD,h08_mc03,Storage EE,0.6
UserD,h08_mc03,Gas Boiler,0.0
UserD,h08_mc03,HP,0.0
UserD,h08_mc03,AC,0.0
UserD,h08_mc03,Storage HW,0.0
UserD,h08_mc03,Radiators,0.0
UserD,h08_mc03,Floor heating,0.0
UserD,h08_mc03,Induction stove,0.0
UserD,h08_mc03,Gas stove,0.0
UserD,h08_mc03,Gas National Grid,0.0
UserD,h09_mc03,PV sys,0.0
UserD,h09_mc03,National Grid EE,0.0
UserD,h09_mc03,Storage EE,0.8587560444444469
UserD,h09_mc03,Gas Boiler,0.0
UserD,h09_mc03,HP,0.0
UserD,h09_mc03,AC,0.0
UserD,h09_mc03,Storage HW,0.0
UserD,h09_mc03,Radiators,0.0
UserD,h09_mc03,Floor heating,0.0
UserD,h09_mc03,Induction stove,0.0
UserD,h09_mc03,Gas stove,0.0
UserD,h09_mc03,Gas National Grid,0.0
UserD,h10_mc03,PV sys,0.0
UserD,h10_mc03,National Grid EE,0.0
UserD,h10_mc03,Storage EE,1.6445955388888935
UserD,h10_mc03,Gas Boiler,0.0
UserD,h10_mc03,HP,0.0
UserD,h10_mc03,AC,0.0
UserD,h10_mc03,Storage HW,0.0
UserD,h10_mc03,Radiators,0.0
UserD,h10_mc03,Floor heating,0.0
UserD,h10_mc03,Induction stove,0.0
UserD,h10_mc03,Gas stove,0.0
UserD,h10_mc03,Gas National Grid,0.0
UserD,h11_mc03,PV sys,0.0
UserD,h11_mc03,National Grid EE,0.0
UserD,h11_mc03,Storage EE,3.0400022000000053
UserD,h11_mc03,Gas Boiler,0.0
UserD,h11_mc03,HP,0.0
UserD,h11_mc03,AC,0.0
UserD,h11_mc03,Storage HW,0.0
UserD,h11_mc03,Radiators,0.0
UserD,h11_mc03,Floor heating,0.0
UserD,h11_mc03,Induction stove,0.0
UserD,h11_mc03,Gas stove,0.0
UserD,h11_mc03,Gas National Grid,0.0
UserD,h12_mc03,PV sys,0.0
UserD,h12_mc03,National Grid EE,0.0
UserD,h12_mc03,Storage EE,5.074543711111116
UserD,h12_mc03,Gas Boiler,0.0
UserD,h12_mc03,HP,0.0
UserD,h12_mc03,AC,0.0
UserD,h12_mc03,Storage HW,0.0
UserD,h12_mc03,Radiators,0.0
UserD,h12_mc03,Floor heating,0.0
UserD,h12_mc03,Induction stove,0.0
UserD,h12_mc03,Gas stove,0.0
UserD,h12_mc03,Gas National Grid,0.0
UserD,h13_mc03,PV sys,0.0
UserD,h13_mc03,National Grid EE,0.0
UserD,h13_mc03,Storage EE,5.7
UserD,h13_mc03,Gas Boiler,0.0
UserD,h13_mc03,HP,0.0
UserD,h13_mc03,AC,0.0
UserD,h13_mc03,Storage HW,0.0
UserD,h13_mc03,Radiators,0.0
UserD,h13_mc03,Floor heating,0.0
UserD,h13_mc03,Induction stove,0.0
UserD,h13_mc03,Gas stove,0.0
UserD,h13_mc03,Gas National Grid,0.0
UserD,h14_mc03,PV sys,0.0
UserD,h14_mc03,National Grid EE,0.0
UserD,h14_mc03,Storage EE,4.112061111111109
UserD,h14_mc03,Gas Boiler,0.0
UserD,h14_mc03,HP,0.0
UserD,h14_mc03,AC,0.0
UserD,h14_mc03,Storage HW,0.0
UserD,h14_mc03,Radiators,0.0
UserD,h14_mc03,Floor heating,0.0
UserD,h14_mc03,Induction stove,0.0
UserD,h14_mc03,Gas stove,0.0
UserD,h14_mc03,Gas National Grid,0.0
UserD,h15_mc03,PV sys,0.0
UserD,h15_mc03,National Grid EE,0.0
UserD,h15_mc03,Storage EE,5.318205555555554
UserD,h15_mc03,Gas Boiler,0.0
UserD,h15_mc03,HP,0.0
UserD,h15_mc03,AC,0.0
UserD,h15_mc03,Storage HW,0.0
UserD,h15_mc03,Radiators,0.0
UserD,h15_mc03,Floor heating,0.0
UserD,h15_mc03,Induction stove,0.0
UserD,h15_mc03,Gas stove,0.0
UserD,h15_mc03,Gas National Grid,0.0
UserD,h16_mc03,PV sys,0.0
UserD,h16_mc03,National Grid EE,0.0
UserD,h16_mc03,Storage EE,5.7
UserD,h16_mc03,Gas Boiler,0.0
UserD,h16_mc03,HP,0.0
UserD,h16_mc03,AC,0.0
UserD,h16_mc03,Storage HW,0.0
UserD,h16_mc03,Radiators,0.0
UserD,h16_mc03,Floor heating,0.0
UserD,h16_mc03,Induction stove,0.0
UserD,h16_mc03,Gas stove,0.0
UserD,h16_mc03,Gas National Grid,0.0
UserD,h17_mc03,PV sys,0.0
UserD,h17_mc03,National Grid EE,0.0
UserD,h17_mc03,Storage EE,5.7
UserD,h17_mc03,Gas Boiler,0.0
UserD,h17_mc03,HP,0.0
UserD,h17_mc03,AC,0.0
UserD,h17_mc03,Storage HW,0.0
UserD,h17_mc03,Radiators,0.0
UserD,h17_mc03,Floor heating,0.0
UserD,h17_mc03,Induction stove,0.0
UserD,h17_mc03,Gas stove,0.0
UserD,h17_mc03,Gas National Grid,0.0
UserD,h18_mc03,PV sys,0.0
UserD,h18_mc03,National Grid EE,0.0
UserD,h18_mc03,Storage EE,5.597007266666667
UserD,h18_mc03,Gas Boiler,0.0
UserD,h18_mc03,HP,0.0
UserD,h18_mc03,AC,0.0
UserD,h18_mc03,Storage HW,0.0
UserD,h18_mc03,Radiators,0.0
UserD,h18_mc03,Floor heating,0.0
UserD,h18_mc03,Induction stove,0.0
UserD,h18_mc03,Gas stove,0.0
UserD,h18_mc03,Gas National Grid,0.0
UserD,h19_mc03,PV sys,0.0
UserD,h19_mc03,National Grid EE,0.0
UserD,h19_mc03,Storage EE,5.325594733333333
UserD,h19_mc03,Gas Boiler,0.0
UserD,h19_mc03,HP,0.0
UserD,h19_mc03,AC,0.0
UserD,h19_mc03,Storage HW,0.0
UserD,h19_mc03,Radiators,0.0
UserD,h19_mc03,Floor heating,0.0
UserD,h19_mc03,Induction stove,0.0
UserD,h19_mc03,Gas stove,0.0
UserD,h19_mc03,Gas National Grid,0.0
UserD,h20_mc03,PV sys,0.0
UserD,h20_mc03,National Grid EE,0.0
UserD,h20_mc03,Storage EE,4.549443383333335
UserD,h20_mc03,Gas Boiler,0.0
UserD,h20_mc03,HP,0.0
UserD,h20_mc03,AC,0.0
UserD,h20_mc03,Storage HW,0.0
UserD,h20_mc03,Radiators,0.0
UserD,h20_mc03,Floor heating,0.0
UserD,h20_mc03,Induction stove,0.0
UserD,h20_mc03,Gas stove,0.0
UserD,h20_mc03,Gas National Grid,0.0
UserD,h21_mc03,PV sys,0.0
UserD,h21_mc03,National Grid EE,0.0
UserD,h21_mc03,Storage EE,3.5731491333333416
UserD,h21_mc03,Gas Boiler,0.0
UserD,h21_mc03,HP,0.0
UserD,h21_mc03,AC,0.0
UserD,h21_mc03,Storage HW,0.0
UserD,h21_mc03,Radiators,0.0
UserD,h21_mc03,Floor heating,0.0
UserD,h21_mc03,Induction stove,0.0
UserD,h21_mc03,Gas stove,0.0
UserD,h21_mc03,Gas National Grid,0.0
UserD,h22_mc03,PV sys,0.0
UserD,h22_mc03,National Grid EE,0.0
UserD,h22_mc03,Storage EE,2.953600850000007
UserD,h22_mc03,Gas Boiler,0.0
UserD,h22_mc03,HP,0.0
UserD,h22_mc03,AC,0.0
UserD,h22_mc03,Storage HW,0.0
UserD,h22_mc03,Radiators,0.0
UserD,h22_mc03,Floor heating,0.0
UserD,h22_mc03,Induction stove,0.0
UserD,h22_mc03,Gas stove,0.0
UserD,h22_mc03,Gas National Grid,0.0
UserD,h23_mc03,PV sys,0.0
UserD,h23_mc03,National Grid EE,0.0
UserD,h23_mc03,Storage EE,2.329588433333333
UserD,h23_mc03,Gas Boiler,0.0
UserD,h23_mc03,HP,0.0
UserD,h23_mc03,AC,0.0
UserD,h23_mc03,Storage HW,0.0
UserD,h23_mc03,Radiators,0.0
UserD,h23_mc03,Floor heating,0.0
UserD,h23_mc03,Induction stove,0.0
UserD,h23_mc03,Gas stove,0.0
UserD,h23_mc03,Gas National Grid,0.0
UserD,h24_mc03,PV sys,0.0
UserD,h24_mc03,National Grid EE,0.0
UserD,h24_mc03,Storage EE,0.6
UserD,h24_mc03,Gas Boiler,0.0
UserD,h24_mc03,HP,0.0
UserD,h24_mc03,AC,0.0
UserD,h24_mc03,Storage HW,0.0
UserD,h24_mc03,Radiators,0.0
UserD,h24_mc03,Floor heating,0.0
UserD,h24_mc03,Induction stove,0.0
UserD,h24_mc03,Gas stove,0.0
UserD,h24_mc03,Gas National Grid,0.0
UserD,h01_mc04,PV sys,0.0
UserD,h01_mc04,National Grid EE,0.0
UserD,h01_mc04,Storage EE,0.6
UserD,h01_mc04,Gas Boiler,0.0
UserD,h01_mc04,HP,0.0
UserD,h01_mc04,AC,0.0
UserD,h01_mc04,Storage HW,0.0
UserD,h01_mc04,Radiators,0.0
UserD,h01_mc04,Floor heating,0.0
UserD,h01_mc04,Induction stove,0.0
UserD,h01_mc04,Gas stove,0.0
UserD,h01_mc04,Gas National Grid,0.0
UserD,h02_mc04,PV sys,0.0
UserD,h02_mc04,National Grid EE,0.0
UserD,h02_mc04,Storage EE,0.6
UserD,h02_mc04,Gas Boiler,0.0
UserD,h02_mc04,HP,0.0
UserD,h02_mc04,AC,0.0
UserD,h02_mc04,Storage HW,0.0
UserD,h02_mc04,Radiators,0.0
UserD,h02_mc04,Floor heating,0.0
UserD,h02_mc04,Induction stove,0.0
UserD,h02_mc04,Gas stove,0.0
UserD,h02_mc04,Gas National Grid,0.0
UserD,h03_mc04,PV sys,0.0
UserD,h03_mc04,National Grid EE,0.0
UserD,h03_mc04,Storage EE,0.6
UserD,h03_mc04,Gas Boiler,0.0
UserD,h03_mc04,HP,0.0
UserD,h03_mc04,AC,0.0
UserD,h03_mc04,Storage HW,0.0
UserD,h03_mc04,Radiators,0.0
UserD,h03_mc04,Floor heating,0.0
UserD,h03_mc04,Induction stove,0.0
UserD,h03_mc04,Gas stove,0.0
UserD,h03_mc04,Gas National Grid,0.0
UserD,h04_mc04,PV sys,0.0
UserD,h04_mc04,National Grid EE,0.0
UserD,h04_mc04,Storage EE,0.6
UserD,h04_mc04,Gas Boiler,0.0
UserD,h04_mc04,HP,0.0
UserD,h04_mc04,AC,0.0
UserD,h04_mc04,Storage HW,0.0
UserD,h04_mc04,Radiators,0.0
UserD,h04_mc04,Floor heating,0.0
UserD,h04_mc04,Induction stove,0.0
UserD,h04_mc04,Gas stove,0.0
UserD,h04_mc04,Gas National Grid,0.0
UserD,h05_mc04,PV sys,0.0
UserD,h05_mc04,National Grid EE,0.0
UserD,h05_mc04,Storage EE,0.6
UserD,h05_mc04,Gas Boiler,0.0
UserD,h05_mc04,HP,0.0
UserD,h05_mc04,AC,0.0
UserD,h05_mc04,Storage HW,0.0
UserD,h05_mc04,Radiators,0.0
UserD,h05_mc04,Floor heating,0.0
UserD,h05_mc04,Induction stove,0.0
UserD,h05_mc04,Gas stove,0.0
UserD,h05_mc04,Gas National Grid,0.0
UserD,h06_mc04,PV sys,0.0
UserD,h06_mc04,National Grid EE,0.0
UserD,h06_mc04,Storage EE,0.6
UserD,h06_mc04,Gas Boiler,0.0
UserD,h06_mc04,HP,0.0
UserD,h06_mc04,AC,0.0
UserD,h06_mc04,Storage HW,0.0
UserD,h06_mc04,Radiators,0.0
UserD,h06_mc04,Floor heating,0.0
UserD,h06_mc04,Induction stove,0.0
UserD,h06_mc04,Gas stove,0.0
UserD,h06_mc04,Gas National Grid,0.0
UserD,h07_mc04,PV sys,0.0
UserD,h07_mc04,National Grid EE,0.0
UserD,h07_mc04,Storage EE,0.6
UserD,h07_mc04,Gas Boiler,0.0
UserD,h07_mc04,HP,0.0
UserD,h07_mc04,AC,0.0
UserD,h07_mc04,Storage HW,0.0
UserD,h07_mc04,Radiators,0.0
UserD,h07_mc04,Floor heating,0.0
UserD,h07_mc04,Induction stove,0.0
UserD,h07_mc04,Gas stove,0.0
UserD,h07_mc04,Gas National Grid,0.0
UserD,h08_mc04,PV sys,0.0
UserD,h08_mc04,National Grid EE,0.0
UserD,h08_mc04,Storage EE,0.6752486833333331
UserD,h08_mc04,Gas Boiler,0.0
UserD,h08_mc04,HP,0.0
UserD,h08_mc04,AC,0.0
UserD,h08_mc04,Storage HW,0.0
UserD,h08_mc04,Radiators,0.0
UserD,h08_mc04,Floor heating,0.0
UserD,h08_mc04,Induction stove,0.0
UserD,h08_mc04,Gas stove,0.0
UserD,h08_mc04,Gas National Grid,0.0
UserD,h09_mc04,PV sys,0.0
UserD,h09_mc04,National Grid EE,0.0
UserD,h09_mc04,Storage EE,0.6
UserD,h09_mc04,Gas Boiler,0.0
UserD,h09_mc04,HP,0.0
UserD,h09_mc04,AC,0.0
UserD,h09_mc04,Storage HW,0.0
UserD,h09_mc04,Radiators,0.0
UserD,h09_mc04,Floor heating,0.0
UserD,h09_mc04,Induction stove,0.0
UserD,h09_mc04,Gas stove,0.0
UserD,h09_mc04,Gas National Grid,0.0
UserD,h10_mc04,PV sys,0.0
UserD,h10_mc04,National Grid EE,0.0
UserD,h10_mc04,Storage EE,0.9955046999999999
UserD,h10_mc04,Gas Boiler,0.0
UserD,h10_mc04,HP,0.0
UserD,h10_mc04,AC,0.0
UserD,h10_mc04,Storage HW,0.0
UserD,h10_mc04,Radiators,0.0
UserD,h10_mc04,Floor heating,0.0
UserD,h10_mc04,Induction stove,0.0
UserD,h10_mc04,Gas stove,0.0
UserD,h10_mc04,Gas National Grid,0.0
UserD,h11_mc04,PV sys,0.0
UserD,h11_mc04,National Grid EE,0.0
UserD,h11_mc04,Storage EE,1.7568849
UserD,h11_mc04,Gas Boiler,0.0
UserD,h11_mc04,HP,0.0
UserD,h11_mc04,AC,0.0
UserD,h11_mc04,Storage HW,0.0
UserD,h11_mc04,Radiators,0.0
UserD,h11_mc04,Floor heating,0.0
UserD,h11_mc04,Induction stove,0.0
UserD,h11_mc04,Gas stove,0.0
UserD,h11_mc04,Gas National Grid,0.0
UserD,h12_mc04,PV sys,0.0
UserD,h12_mc04,National Grid EE,0.0
UserD,h12_mc04,Storage EE,1.5666994833333356
UserD,h12_mc04,Gas Boiler,0.0
UserD,h12_mc04,HP,0.0
UserD,h12_mc04,AC,0.0
UserD,h12_mc04,Storage HW,0.0
UserD,h12_mc04,Radiators,0.0
UserD,h12_mc04,Floor heating,0.0
UserD,h12_mc04,Induction stove,0.0
UserD,h12_mc04,Gas stove,0.0
UserD,h12_mc04,Gas National Grid,0.0
UserD,h13_mc04,PV sys,0.0
UserD,h13_mc04,National Grid EE,0.0
UserD,h13_mc04,Storage EE,0.7715996277777826
UserD,h13_mc04,Gas Boiler,0.0
UserD,h13_mc04,HP,0.0
UserD,h13_mc04,AC,0.0
UserD,h13_mc04,Storage HW,0.0
UserD,h13_mc04,Radiators,0.0
UserD,h13_mc04,Floor heating,0.0
UserD,h13_mc04,Induction stove,0.0
UserD,h13_mc04,Gas stove,0.0
UserD,h13_mc04,Gas National Grid,0.0
UserD,h14_mc04,PV sys,0.0
UserD,h14_mc04,National Grid EE,0.0
UserD,h14_mc04,Storage EE,2.9990228777777825
UserD,h14_mc04,Gas Boiler,0.0
UserD,h14_mc04,HP,0.0
UserD,h14_mc04,AC,0.0
UserD,h14_mc04,Storage HW,0.0
UserD,h14_mc04,Radiators,0.0
UserD,h14_mc04,Floor heating,0.0
UserD,h14_mc04,Induction stove,0.0
UserD,h14_mc04,Gas stove,0.0
UserD,h14_mc04,Gas National Grid,0.0
UserD,h15_mc04,PV sys,0.0
UserD,h15_mc04,National Grid EE,0.0
UserD,h15_mc04,Storage EE,4.6733971944444495
UserD,h15_mc04,Gas Boiler,0.0
UserD,h15_mc04,HP,0.0
UserD,h15_mc04,AC,0.0
UserD,h15_mc04,Storage HW,0.0
UserD,h15_mc04,Radiators,0.0
UserD,h15_mc04,Floor heating,0.0
UserD,h15_mc04,Induction stove,0.0
UserD,h15_mc04,Gas stove,0.0
UserD,h15_mc04,Gas National Grid,0.0
UserD,h16_mc04,PV sys,0.0
UserD,h16_mc04,National Grid EE,0.0
UserD,h16_mc04,Storage EE,5.4513471444444495
UserD,h16_mc04,Gas Boiler,0.0
UserD,h16_mc04,HP,0.0
UserD,h16_mc04,AC,0.0
UserD,h16_mc04,Storage HW,0.0
UserD,h16_mc04,Radiators,0.0
UserD,h16_mc04,Floor heating,0.0
UserD,h16_mc04,Induction stove,0.0
UserD,h16_mc04,Gas stove,0.0
UserD,h16_mc04,Gas National Grid,0.0
UserD,h17_mc04,PV sys,0.0
UserD,h17_mc04,National Grid EE,0.0
UserD,h17_mc04,Storage EE,5.217180461111116
UserD,h17_mc04,Gas Boiler,0.0
UserD,h17_mc04,HP,0.0
UserD,h17_mc04,AC,0.0
UserD,h17_mc04,Storage HW,0.0
UserD,h17_mc04,Radiators,0.0
UserD,h17_mc04,Floor heating,0.0
UserD,h17_mc04,Induction stove,0.0
UserD,h17_mc04,Gas stove,0.0
UserD,h17_mc04,Gas National Grid,0.0
UserD,h18_mc04,PV sys,0.0
UserD,h18_mc04,National Grid EE,0.0
UserD,h18_mc04,Storage EE,5.058013727777783
UserD,h18_mc04,Gas Boiler,0.0
UserD,h18_mc04,HP,0.0
UserD,h18_mc04,AC,0.0
UserD,h18_mc04,Storage HW,0.0
UserD,h18_mc04,Radiators,0.0
UserD,h18_mc04,Floor heating,0.0
UserD,h18_mc04,Induction stove,0.0
UserD,h18_mc04,Gas stove,0.0
UserD,h18_mc04,Gas National Grid,0.0
UserD,h19_mc04,PV sys,0.0
UserD,h19_mc04,National Grid EE,0.0
UserD,h19_mc04,Storage EE,4.668411277777782
UserD,h19_mc04,Gas Boiler,0.0
UserD,h19_mc04,HP,0.0
UserD,h19_mc04,AC,0.0
UserD,h19_mc04,Storage HW,0.0
UserD,h19_mc04,Radiators,0.0
UserD,h19_mc04,Floor heating,0.0
UserD,h19_mc04,Induction stove,0.0
UserD,h19_mc04,Gas stove,0.0
UserD,h19_mc04,Gas National Grid,0.0
UserD,h20_mc04,PV sys,0.0
UserD,h20_mc04,National Grid EE,0.0
UserD,h20_mc04,Storage EE,3.2476651666574607
UserD,h20_mc04,Gas Boiler,0.0
UserD,h20_mc04,HP,0.0
UserD,h20_mc04,AC,0.0
UserD,h20_mc04,Storage HW,0.0
UserD,h20_mc04,Radiators,0.0
UserD,h20_mc04,Floor heating,0.0
UserD,h20_mc04,Induction stove,0.0
UserD,h20_mc04,Gas stove,0.0
UserD,h20_mc04,Gas National Grid,0.0
UserD,h21_mc04,PV sys,0.0
UserD,h21_mc04,National Grid EE,0.0
UserD,h21_mc04,Storage EE,2.684919249990795
UserD,h21_mc04,Gas Boiler,0.0
UserD,h21_mc04,HP,0.0
UserD,h21_mc04,AC,0.0
UserD,h21_mc04,Storage HW,0.0
UserD,h21_mc04,Radiators,0.0
UserD,h21_mc04,Floor heating,0.0
UserD,h21_mc04,Induction stove,0.0
UserD,h21_mc04,Gas stove,0.0
UserD,h21_mc04,Gas National Grid,0.0
UserD,h22_mc04,PV sys,0.0
UserD,h22_mc04,National Grid EE,0.0
UserD,h22_mc04,Storage EE,1.742983633324132
UserD,h22_mc04,Gas Boiler,0.0
UserD,h22_mc04,HP,0.0
UserD,h22_mc04,AC,0.0
UserD,h22_mc04,Storage HW,0.0
UserD,h22_mc04,Radiators,0.0
UserD,h22_mc04,Floor heating,0.0
UserD,h22_mc04,Induction stove,0.0
UserD,h22_mc04,Gas stove,0.0
UserD,h22_mc04,Gas National Grid,0.0
UserD,h23_mc04,PV sys,0.0
UserD,h23_mc04,National Grid EE,0.0
UserD,h23_mc04,Storage EE,1.0165250666574654
UserD,h23_mc04,Gas Boiler,0.0
UserD,h23_mc04,HP,0.0
UserD,h23_mc04,AC,0.0
UserD,h23_mc04,Storage HW,0.0
UserD,h23_mc04,Radiators,0.0
UserD,h23_mc04,Floor heating,0.0
UserD,h23_mc04,Induction stove,0.0
UserD,h23_mc04,Gas stove,0.0
UserD,h23_mc04,Gas National Grid,0.0
UserD,h24_mc04,PV sys,0.0
UserD,h24_mc04,National Grid EE,0.0
UserD,h24_mc04,Storage EE,0.6
UserD,h24_mc04,Gas Boiler,0.0
UserD,h24_mc04,HP,0.0
UserD,h24_mc04,AC,0.0
UserD,h24_mc04,Storage HW,0.0
UserD,h24_mc04,Radiators,0.0
UserD,h24_mc04,Floor heating,0.0
UserD,h24_mc04,Induction stove,0.0
UserD,h24_mc04,Gas stove,0.0
UserD,h24_mc04,Gas National Grid,0.0
UserD,h01_mc05,PV sys,0.0
UserD,h01_mc05,National Grid EE,0.0
UserD,h01_mc05,Storage EE,0.6
UserD,h01_mc05,Gas Boiler,0.0
UserD,h01_mc05,HP,0.0
UserD,h01_mc05,AC,0.0
UserD,h01_mc05,Storage HW,0.0
UserD,h01_mc05,Radiators,0.0
UserD,h01_mc05,Floor heating,0.0
UserD,h01_mc05,Induction stove,0.0
UserD,h01_mc05,Gas stove,0.0
UserD,h01_mc05,Gas National Grid,0.0
UserD,h02_mc05,PV sys,0.0
UserD,h02_mc05,National Grid EE,0.0
UserD,h02_mc05,Storage EE,0.6
UserD,h02_mc05,Gas Boiler,0.0
UserD,h02_mc05,HP,0.0
UserD,h02_mc05,AC,0.0
UserD,h02_mc05,Storage HW,0.0
UserD,h02_mc05,Radiators,0.0
UserD,h02_mc05,Floor heating,0.0
UserD,h02_mc05,Induction stove,0.0
UserD,h02_mc05,Gas stove,0.0
UserD,h02_mc05,Gas National Grid,0.0
UserD,h03_mc05,PV sys,0.0
UserD,h03_mc05,National Grid EE,0.0
UserD,h03_mc05,Storage EE,0.6
UserD,h03_mc05,Gas Boiler,0.0
UserD,h03_mc05,HP,0.0
UserD,h03_mc05,AC,0.0
UserD,h03_mc05,Storage HW,0.0
UserD,h03_mc05,Radiators,0.0
UserD,h03_mc05,Floor heating,0.0
UserD,h03_mc05,Induction stove,0.0
UserD,h03_mc05,Gas stove,0.0
UserD,h03_mc05,Gas National Grid,0.0
UserD,h04_mc05,PV sys,0.0
UserD,h04_mc05,National Grid EE,0.0
UserD,h04_mc05,Storage EE,0.6
UserD,h04_mc05,Gas Boiler,0.0
UserD,h04_mc05,HP,0.0
UserD,h04_mc05,AC,0.0
UserD,h04_mc05,Storage HW,0.0
UserD,h04_mc05,Radiators,0.0
UserD,h04_mc05,Floor heating,0.0
UserD,h04_mc05,Induction stove,0.0
UserD,h04_mc05,Gas stove,0.0
UserD,h04_mc05,Gas National Grid,0.0
UserD,h05_mc05,PV sys,0.0
UserD,h05_mc05,National Grid EE,0.0
UserD,h05_mc05,Storage EE,0.6
UserD,h05_mc05,Gas Boiler,0.0
UserD,h05_mc05,HP,0.0
UserD,h05_mc05,AC,0.0
UserD,h05_mc05,Storage HW,0.0
UserD,h05_mc05,Radiators,0.0
UserD,h05_mc05,Floor heating,0.0
UserD,h05_mc05,Induction stove,0.0
UserD,h05_mc05,Gas stove,0.0
UserD,h05_mc05,Gas National Grid,0.0
UserD,h06_mc05,PV sys,0.0
UserD,h06_mc05,National Grid EE,0.0
UserD,h06_mc05,Storage EE,0.6
UserD,h06_mc05,Gas Boiler,0.0
UserD,h06_mc05,HP,0.0
UserD,h06_mc05,AC,0.0
UserD,h06_mc05,Storage HW,0.0
UserD,h06_mc05,Radiators,0.0
UserD,h06_mc05,Floor heating,0.0
UserD,h06_mc05,Induction stove,0.0
UserD,h06_mc05,Gas stove,0.0
UserD,h06_mc05,Gas National Grid,0.0
UserD,h07_mc05,PV sys,0.0
UserD,h07_mc05,National Grid EE,0.0
UserD,h07_mc05,Storage EE,0.6456249500000001
UserD,h07_mc05,Gas Boiler,0.0
UserD,h07_mc05,HP,0.0
UserD,h07_mc05,AC,0.0
UserD,h07_mc05,Storage HW,0.0
UserD,h07_mc05,Radiators,0.0
UserD,h07_mc05,Floor heating,0.0
UserD,h07_mc05,Induction stove,0.0
UserD,h07_mc05,Gas stove,0.0
UserD,h07_mc05,Gas National Grid,0.0
UserD,h08_mc05,PV sys,0.0
UserD,h08_mc05,National Grid EE,0.0
UserD,h08_mc05,Storage EE,1.3498144666666667
UserD,h08_mc05,Gas Boiler,0.0
UserD,h08_mc05,HP,0.0
UserD,h08_mc05,AC,0.0
UserD,h08_mc05,Storage HW,0.0
UserD,h08_mc05,Radiators,0.0
UserD,h08_mc05,Floor heating,0.0
UserD,h08_mc05,Induction stove,0.0
UserD,h08_mc05,Gas stove,0.0
UserD,h08_mc05,Gas National Grid,0.0
UserD,h09_mc05,PV sys,0.0
UserD,h09_mc05,National Grid EE,0.0
UserD,h09_mc05,Storage EE,0.7651650777777778
UserD,h09_mc05,Gas Boiler,0.0
UserD,h09_mc05,HP,0.0
UserD,h09_mc05,AC,0.0
UserD,h09_mc05,Storage HW,0.0
UserD,h09_mc05,Radiators,0.0
UserD,h09_mc05,Floor heating,0.0
UserD,h09_mc05,Induction stove,0.0
UserD,h09_mc05,Gas stove,0.0
UserD,h09_mc05,Gas National Grid,0.0
UserD,h10_mc05,PV sys,0.0
UserD,h10_mc05,National Grid EE,0.0
UserD,h10_mc05,Storage EE,0.625649405555556
UserD,h10_mc05,Gas Boiler,0.0
UserD,h10_mc05,HP,0.0
UserD,h10_mc05,AC,0.0
UserD,h10_mc05,Storage HW,0.0
UserD,h10_mc05,Radiators,0.0
UserD,h10_mc05,Floor heating,0.0
UserD,h10_mc05,Induction stove,0.0
UserD,h10_mc05,Gas stove,0.0
UserD,h10_mc05,Gas National Grid,0.0
UserD,h11_mc05,PV sys,0.0
UserD,h11_mc05,National Grid EE,0.0
UserD,h11_mc05,Storage EE,2.3879051388888897
UserD,h11_mc05,Gas Boiler,0.0
UserD,h11_mc05,HP,0.0
UserD,h11_mc05,AC,0.0
UserD,h11_mc05,Storage HW,0.0
UserD,h11_mc05,Radiators,0.0
UserD,h11_mc05,Floor heating,0.0
UserD,h11_mc05,Induction stove,0.0
UserD,h11_mc05,Gas stove,0.0
UserD,h11_mc05,Gas National Grid,0.0
UserD,h12_mc05,PV sys,0.0
UserD,h12_mc05,National Grid EE,0.0
UserD,h12_mc05,Storage EE,3.9578943722222215
UserD,h12_mc05,Gas Boiler,0.0
UserD,h12_mc05,HP,0.0
UserD,h12_mc05,AC,0.0
UserD,h12_mc05,Storage HW,0.0
UserD,h12_mc05,Radiators,0.0
UserD,h12_mc05,Floor heating,0.0
UserD,h12_mc05,Induction stove,0.0
UserD,h12_mc05,Gas stove,0.0
UserD,h12_mc05,Gas National Grid,0.0
UserD,h13_mc05,PV sys,0.0
UserD,h13_mc05,National Grid EE,0.0
UserD,h13_mc05,Storage EE,4.840402999999999
UserD,h13_mc05,Gas Boiler,0.0
UserD,h13_mc05,HP,0.0
UserD,h13_mc05,AC,0.0
UserD,h13_mc05,Storage HW,0.0
UserD,h13_mc05,Radiators,0.0
UserD,h13_mc05,Floor heating,0.0
UserD,h13_mc05,Induction stove,0.0
UserD,h13_mc05,Gas stove,0.0
UserD,h13_mc05,Gas National Grid,0.0
UserD,h14_mc05,PV sys,0.0
UserD,h14_mc05,National Grid EE,0.0
UserD,h14_mc05,Storage EE,5.7
UserD,h14_mc05,Gas Boiler,0.0
UserD,h14_mc05,HP,0.0
UserD,h14_mc05,AC,0.0
UserD,h14_mc05,Storage HW,0.0
UserD,h14_mc05,Radiators,0.0
UserD,h14_mc05,Floor heating,0.0
UserD,h14_mc05,Induction stove,0.0
UserD,h14_mc05,Gas stove,0.0
UserD,h14_mc05,Gas National Grid,0.0
UserD,h15_mc05,PV sys,0.0
UserD,h15_mc05,National Grid EE,0.0
UserD,h15_mc05,Storage EE,5.5091416833333335
UserD,h15_mc05,Gas Boiler,0.0
UserD,h15_mc05,HP,0.0
UserD,h15_mc05,AC,0.0
UserD,h15_mc05,Storage HW,0.0
UserD,h15_mc05,Radiators,0.0
UserD,h15_mc05,Floor heating,0.0
UserD,h15_mc05,Induction stove,0.0
UserD,h15_mc05,Gas stove,0.0
UserD,h15_mc05,Gas National Grid,0.0
UserD,h16_mc05,PV sys,0.0
UserD,h16_mc05,National Grid EE,0.0
UserD,h16_mc05,Storage EE,5.692541683333332
UserD,h16_mc05,Gas Boiler,0.0
UserD,h16_mc05,HP,0.0
UserD,h16_mc05,AC,0.0
UserD,h16_mc05,Storage HW,0.0
UserD,h16_mc05,Radiators,0.0
UserD,h16_mc05,Floor heating,0.0
UserD,h16_mc05,Induction stove,0.0
UserD,h16_mc05,Gas stove,0.0
UserD,h16_mc05,Gas National Grid,0.0
UserD,h17_mc05,PV sys,0.0
UserD,h17_mc05,National Grid EE,0.0
UserD,h17_mc05,Storage EE,5.7
UserD,h17_mc05,Gas Boiler,0.0
UserD,h17_mc05,HP,0.0
UserD,h17_mc05,AC,0.0
UserD,h17_mc05,Storage HW,0.0
UserD,h17_mc05,Radiators,0.0
UserD,h17_mc05,Floor heating,0.0
UserD,h17_mc05,Induction stove,0.0
UserD,h17_mc05,Gas stove,0.0
UserD,h17_mc05,Gas National Grid,0.0
UserD,h18_mc05,PV sys,0.0
UserD,h18_mc05,National Grid EE,0.0
UserD,h18_mc05,Storage EE,5.7
UserD,h18_mc05,Gas Boiler,0.0
UserD,h18_mc05,HP,0.0
UserD,h18_mc05,AC,0.0
UserD,h18_mc05,Storage HW,0.0
UserD,h18_mc05,Radiators,0.0
UserD,h18_mc05,Floor heating,0.0
UserD,h18_mc05,Induction stove,0.0
UserD,h18_mc05,Gas stove,0.0
UserD,h18_mc05,Gas National Grid,0.0
UserD,h19_mc05,PV sys,0.0
UserD,h19_mc05,National Grid EE,0.0
UserD,h19_mc05,Storage EE,5.7
UserD,h19_mc05,Gas Boiler,0.0
UserD,h19_mc05,HP,0.0
UserD,h19_mc05,AC,0.0
UserD,h19_mc05,Storage HW,0.0
UserD,h19_mc05,Radiators,0.0
UserD,h19_mc05,Floor heating,0.0
UserD,h19_mc05,Induction stove,0.0
UserD,h19_mc05,Gas stove,0.0
UserD,h19_mc05,Gas National Grid,0.0
UserD,h20_mc05,PV sys,0.0
UserD,h20_mc05,National Grid EE,0.0
UserD,h20_mc05,Storage EE,5.7
UserD,h20_mc05,Gas Boiler,0.0
UserD,h20_mc05,HP,0.0
UserD,h20_mc05,AC,0.0
UserD,h20_mc05,Storage HW,0.0
UserD,h20_mc05,Radiators,0.0
UserD,h20_mc05,Floor heating,0.0
UserD,h20_mc05,Induction stove,0.0
UserD,h20_mc05,Gas stove,0.0
UserD,h20_mc05,Gas National Grid,0.0
UserD,h21_mc05,PV sys,0.0
UserD,h21_mc05,National Grid EE,0.0
UserD,h21_mc05,Storage EE,5.7
UserD,h21_mc05,Gas Boiler,0.0
UserD,h21_mc05,HP,0.0
UserD,h21_mc05,AC,0.0
UserD,h21_mc05,Storage HW,0.0
UserD,h21_mc05,Radiators,0.0
UserD,h21_mc05,Floor heating,0.0
UserD,h21_mc05,Induction stove,0.0
UserD,h21_mc05,Gas stove,0.0
UserD,h21_mc05,Gas National Grid,0.0
UserD,h22_mc05,PV sys,0.0
UserD,h22_mc05,National Grid EE,0.0
UserD,h22_mc05,Storage EE,5.7
UserD,h22_mc05,Gas Boiler,0.0
UserD,h22_mc05,HP,0.0
UserD,h22_mc05,AC,0.0
UserD,h22_mc05,Storage HW,0.0
UserD,h22_mc05,Radiators,0.0
UserD,h22_mc05,Floor heating,0.0
UserD,h22_mc05,Induction stove,0.0
UserD,h22_mc05,Gas stove,0.0
UserD,h22_mc05,Gas National Grid,0.0
UserD,h23_mc05,PV sys,0.0
UserD,h23_mc05,National Grid EE,0.0
UserD,h23_mc05,Storage EE,5.7
UserD,h23_mc05,Gas Boiler,0.0
UserD,h23_mc05,HP,0.0
UserD,h23_mc05,AC,0.0
UserD,h23_mc05,Storage HW,0.0
UserD,h23_mc05,Radiators,0.0
UserD,h23_mc05,Floor heating,0.0
UserD,h23_mc05,Induction stove,0.0
UserD,h23_mc05,Gas stove,0.0
UserD,h23_mc05,Gas National Grid,0.0
UserD,h24_mc05,PV sys,0.0
UserD,h24_mc05,National Grid EE,0.0
UserD,h24_mc05,Storage EE,5.7
UserD,h24_mc05,Gas Boiler,0.0
UserD,h24_mc05,HP,0.0
UserD,h24_mc05,AC,0.0
UserD,h24_mc05,Storage HW,0.0
UserD,h24_mc05,Radiators,0.0
UserD,h24_mc05,Floor heating,0.0
UserD,h24_mc05,Induction stove,0.0
UserD,h24_mc05,Gas stove,0.0
UserD,h24_mc05,Gas National Grid,0.0
UserD,h01_mc06,PV sys,0.0
UserD,h01_mc06,National Grid EE,0.0
UserD,h01_mc06,Storage EE,5.336082033333334
UserD,h01_mc06,Gas Boiler,0.0
UserD,h01_mc06,HP,0.0
UserD,h01_mc06,AC,0.0
UserD,h01_mc06,Storage HW,0.0
UserD,h01_mc06,Radiators,0.0
UserD,h01_mc06,Floor heating,0.0
UserD,h01_mc06,Induction stove,0.0
UserD,h01_mc06,Gas stove,0.0
UserD,h01_mc06,Gas National Grid,0.0
UserD,h02_mc06,PV sys,0.0
UserD,h02_mc06,National Grid EE,0.0
UserD,h02_mc06,Storage EE,5.112181783333334
UserD,h02_mc06,Gas Boiler,0.0
UserD,h02_mc06,HP,0.0
UserD,h02_mc06,AC,0.0
UserD,h02_mc06,Storage HW,0.0
UserD,h02_mc06,Radiators,0.0
UserD,h02_mc06,Floor heating,0.0
UserD,h02_mc06,Induction stove,0.0
UserD,h02_mc06,Gas stove,0.0
UserD,h02_mc06,Gas National Grid,0.0
UserD,h03_mc06,PV sys,0.0
UserD,h03_mc06,National Grid EE,0.0
UserD,h03_mc06,Storage EE,4.8845151
UserD,h03_mc06,Gas Boiler,0.0
UserD,h03_mc06,HP,0.0
UserD,h03_mc06,AC,0.0
UserD,h03_mc06,Storage HW,0.0
UserD,h03_mc06,Radiators,0.0
UserD,h03_mc06,Floor heating,0.0
UserD,h03_mc06,Induction stove,0.0
UserD,h03_mc06,Gas stove,0.0
UserD,h03_mc06,Gas National Grid,0.0
UserD,h04_mc06,PV sys,0.0
UserD,h04_mc06,National Grid EE,0.0
UserD,h04_mc06,Storage EE,4.6892651
UserD,h04_mc06,Gas Boiler,0.0
UserD,h04_mc06,HP,0.0
UserD,h04_mc06,AC,0.0
UserD,h04_mc06,Storage HW,0.0
UserD,h04_mc06,Radiators,0.0
UserD,h04_mc06,Floor heating,0.0
UserD,h04_mc06,Induction stove,0.0
UserD,h04_mc06,Gas stove,0.0
UserD,h04_mc06,Gas National Grid,0.0
UserD,h05_mc06,PV sys,0.0
UserD,h05_mc06,National Grid EE,0.0
UserD,h05_mc06,Storage EE,3.1591140944444427
UserD,h05_mc06,Gas Boiler,0.0
UserD,h05_mc06,HP,0.0
UserD,h05_mc06,AC,0.0
UserD,h05_mc06,Storage HW,0.0
UserD,h05_mc06,Radiators,0.0
UserD,h05_mc06,Floor heating,0.0
UserD,h05_mc06,Induction stove,0.0
UserD,h05_mc06,Gas stove,0.0
UserD,h05_mc06,Gas National Grid,0.0
UserD,h06_mc06,PV sys,0.0
UserD,h06_mc06,National Grid EE,0.0
UserD,h06_mc06,Storage EE,1.4397246555555547
UserD,h06_mc06,Gas Boiler,0.0
UserD,h06_mc06,HP,0.0
UserD,h06_mc06,AC,0.0
UserD,h06_mc06,Storage HW,0.0
UserD,h06_mc06,Radiators,0.0
UserD,h06_mc06,Floor heating,0.0
UserD,h06_mc06,Induction stove,0.0
UserD,h06_mc06,Gas stove,0.0
UserD,h06_mc06,Gas National Grid,0.0
UserD,h07_mc06,PV sys,0.0
UserD,h07_mc06,National Grid EE,0.0
UserD,h07_mc06,Storage EE,1.2802244222222212
UserD,h07_mc06,Gas Boiler,0.0
UserD,h07_mc06,HP,0.0
UserD,h07_mc06,AC,0.0
UserD,h07_mc06,Storage HW,0.0
UserD,h07_mc06,Radiators,0.0
UserD,h07_mc06,Floor heating,0.0
UserD,h07_mc06,Induction stove,0.0
UserD,h07_mc06,Gas stove,0.0
UserD,h07_mc06,Gas National Grid,0.0
UserD,h08_mc06,PV sys,0.0
UserD,h08_mc06,National Grid EE,0.0
UserD,h08_mc06,Storage EE,0.6
UserD,h08_mc06,Gas Boiler,0.0
UserD,h08_mc06,HP,0.0
UserD,h08_mc06,AC,0.0
UserD,h08_mc06,Storage HW,0.0
UserD,h08_mc06,Radiators,0.0
UserD,h08_mc06,Floor heating,0.0
UserD,h08_mc06,Induction stove,0.0
UserD,h08_mc06,Gas stove,0.0
UserD,h08_mc06,Gas National Grid,0.0
UserD,h09_mc06,PV sys,0.0
UserD,h09_mc06,National Grid EE,0.0
UserD,h09_mc06,Storage EE,0.7195174277777783
UserD,h09_mc06,Gas Boiler,0.0
UserD,h09_mc06,HP,0.0
UserD,h09_mc06,AC,0.0
UserD,h09_mc06,Storage HW,0.0
UserD,h09_mc06,Radiators,0.0
UserD,h09_mc06,Floor heating,0.0
UserD,h09_mc06,Induction stove,0.0
UserD,h09_mc06,Gas stove,0.0
UserD,h09_mc06,Gas National Grid,0.0
UserD,h10_mc06,PV sys,0.0
UserD,h10_mc06,National Grid EE,0.0
UserD,h10_mc06,Storage EE,1.6408930722222221
UserD,h10_mc06,Gas Boiler,0.0
UserD,h10_mc06,HP,0.0
UserD,h10_mc06,AC,0.0
UserD,h10_mc06,Storage HW,0.0
UserD,h10_mc06,Radiators,0.0
UserD,h10_mc06,Floor heating,0.0
UserD,h10_mc06,Induction stove,0.0
UserD,h10_mc06,Gas stove,0.0
UserD,h10_mc06,Gas National Grid,0.0
UserD,h11_mc06,PV sys,0.0
UserD,h11_mc06,National Grid EE,0.0
UserD,h11_mc06,Storage EE,2.395345588888883
UserD,h11_mc06,Gas Boiler,0.0
UserD,h11_mc06,HP,0.0
UserD,h11_mc06,AC,0.0
UserD,h11_mc06,Storage HW,0.0
UserD,h11_mc06,Radiators,0.0
UserD,h11_mc06,Floor heating,0.0
UserD,h11_mc06,Induction stove,0.0
UserD,h11_mc06,Gas stove,0.0
UserD,h11_mc06,Gas National Grid,0.0
UserD,h12_mc06,PV sys,0.0
UserD,h12_mc06,National Grid EE,0.0
UserD,h12_mc06,Storage EE,4.071714316666662
UserD,h12_mc06,Gas Boiler,0.0
UserD,h12_mc06,HP,0.0
UserD,h12_mc06,AC,0.0
UserD,h12_mc06,Storage HW,0.0
UserD,h12_mc06,Radiators,0.0
UserD,h12_mc06,Floor heating,0.0
UserD,h12_mc06,Induction stove,0.0
UserD,h12_mc06,Gas stove,0.0
UserD,h12_mc06,Gas National Grid,0.0
UserD,h13_mc06,PV sys,0.0
UserD,h13_mc06,National Grid EE,0.0
UserD,h13_mc06,Storage EE,5.420055811111105
UserD,h13_mc06,Gas Boiler,0.0
UserD,h13_mc06,HP,0.0
UserD,h13_mc06,AC,0.0
UserD,h13_mc06,Storage HW,0.0
UserD,h13_mc06,Radiators,0.0
UserD,h13_mc06,Floor heating,0.0
UserD,h13_mc06,Induction stove,0.0
UserD,h13_mc06,Gas stove,0.0
UserD,h13_mc06,Gas National Grid,0.0
UserD,h14_mc06,PV sys,0.0
UserD,h14_mc06,National Grid EE,0.0
UserD,h14_mc06,Storage EE,5.404889605555551
UserD,h14_mc06,Gas Boiler,0.0
UserD,h14_mc06,HP,0.0
UserD,h14_mc06,AC,0.0
UserD,h14_mc06,Storage HW,0.0
UserD,h14_mc06,Radiators,0.0
UserD,h14_mc06,Floor heating,0.0
UserD,h14_mc06,Induction stove,0.0
UserD,h14_mc06,Gas stove,0.0
UserD,h14_mc06,Gas National Grid,0.0
UserD,h15_mc06,PV sys,0.0
UserD,h15_mc06,National Grid EE,0.0
UserD,h15_mc06,Storage EE,5.7
UserD,h15_mc06,Gas Boiler,0.0
UserD,h15_mc06,HP,0.0
UserD,h15_mc06,AC,0.0
UserD,h15_mc06,Storage HW,0.0
UserD,h15_mc06,Radiators,0.0
UserD,h15_mc06,Floor heating,0.0
UserD,h15_mc06,Induction stove,0.0
UserD,h15_mc06,Gas stove,0.0
UserD,h15_mc06,Gas National Grid,0.0
UserD,h16_mc06,PV sys,0.0
UserD,h16_mc06,National Grid EE,0.0
UserD,h16_mc06,Storage EE,5.7
UserD,h16_mc06,Gas Boiler,0.0
UserD,h16_mc06,HP,0.0
UserD,h16_mc06,AC,0.0
UserD,h16_mc06,Storage HW,0.0
UserD,h16_mc06,Radiators,0.0
UserD,h16_mc06,Floor heating,0.0
UserD,h16_mc06,Induction stove,0.0
UserD,h16_mc06,Gas stove,0.0
UserD,h16_mc06,Gas National Grid,0.0
UserD,h17_mc06,PV sys,0.0
UserD,h17_mc06,National Grid EE,0.0
UserD,h17_mc06,Storage EE,5.433333333333334
UserD,h17_mc06,Gas Boiler,0.0
UserD,h17_mc06,HP,0.0
UserD,h17_mc06,AC,0.0
UserD,h17_mc06,Storage HW,0.0
UserD,h17_mc06,Radiators,0.0
UserD,h17_mc06,Floor heating,0.0
UserD,h17_mc06,Induction stove,0.0
UserD,h17_mc06,Gas stove,0.0
UserD,h17_mc06,Gas National Grid,0.0
UserD,h18_mc06,PV sys,0.0
UserD,h18_mc06,National Grid EE,0.0
UserD,h18_mc06,Storage EE,5.159083249999999
UserD,h18_mc06,Gas Boiler,0.0
UserD,h18_mc06,HP,0.0
UserD,h18_mc06,AC,0.0
UserD,h18_mc06,Storage HW,0.0
UserD,h18_mc06,Radiators,0.0
UserD,h18_mc06,Floor heating,0.0
UserD,h18_mc06,Induction stove,0.0
UserD,h18_mc06,Gas stove,0.0
UserD,h18_mc06,Gas National Grid,0.0
UserD,h19_mc06,PV sys,0.0
UserD,h19_mc06,National Grid EE,0.0
UserD,h19_mc06,Storage EE,4.6560323666666665
UserD,h19_mc06,Gas Boiler,0.0
UserD,h19_mc06,HP,0.0
UserD,h19_mc06,AC,0.0
UserD,h19_mc06,Storage HW,0.0
UserD,h19_mc06,Radiators,0.0
UserD,h19_mc06,Floor heating,0.0
UserD,h19_mc06,Induction stove,0.0
UserD,h19_mc06,Gas stove,0.0
UserD,h19_mc06,Gas National Grid,0.0
UserD,h20_mc06,PV sys,0.0
UserD,h20_mc06,National Grid EE,0.0
UserD,h20_mc06,Storage EE,3.944850583333332
UserD,h20_mc06,Gas Boiler,0.0
UserD,h20_mc06,HP,0.0
UserD,h20_mc06,AC,0.0
UserD,h20_mc06,Storage HW,0.0
UserD,h20_mc06,Radiators,0.0
UserD,h20_mc06,Floor heating,0.0
UserD,h20_mc06,Induction stove,0.0
UserD,h20_mc06,Gas stove,0.0
UserD,h20_mc06,Gas National Grid,0.0
UserD,h21_mc06,PV sys,0.0
UserD,h21_mc06,National Grid EE,0.0
UserD,h21_mc06,Storage EE,3.127590133333332
UserD,h21_mc06,Gas Boiler,0.0
UserD,h21_mc06,HP,0.0
UserD,h21_mc06,AC,0.0
UserD,h21_mc06,Storage HW,0.0
UserD,h21_mc06,Radiators,0.0
UserD,h21_mc06,Floor heating,0.0
UserD,h21_mc06,Induction stove,0.0
UserD,h21_mc06,Gas stove,0.0
UserD,h21_mc06,Gas National Grid,0.0
UserD,h22_mc06,PV sys,0.0
UserD,h22_mc06,National Grid EE,0.0
UserD,h22_mc06,Storage EE,2.1391292333333323
UserD,h22_mc06,Gas Boiler,0.0
UserD,h22_mc06,HP,0.0
UserD,h22_mc06,AC,0.0
UserD,h22_mc06,Storage HW,0.0
UserD,h22_mc06,Radiators,0.0
UserD,h22_mc06,Floor heating,0.0
UserD,h22_mc06,Induction stove,0.0
UserD,h22_mc06,Gas stove,0.0
UserD,h22_mc06,Gas National Grid,0.0
UserD,h23_mc06,PV sys,0.0
UserD,h23_mc06,National Grid EE,0.0
UserD,h23_mc06,Storage EE,0.6
UserD,h23_mc06,Gas Boiler,0.0
UserD,h23_mc06,HP,0.0
UserD,h23_mc06,AC,0.0
UserD,h23_mc06,Storage HW,0.0
UserD,h23_mc06,Radiators,0.0
UserD,h23_mc06,Floor heating,0.0
UserD,h23_mc06,Induction stove,0.0
UserD,h23_mc06,Gas stove,0.0
UserD,h23_mc06,Gas National Grid,0.0
UserD,h24_mc06,PV sys,0.0
UserD,h24_mc06,National Grid EE,0.0
UserD,h24_mc06,Storage EE,0.6
UserD,h24_mc06,Gas Boiler,0.0
UserD,h24_mc06,HP,0.0
UserD,h24_mc06,AC,0.0
UserD,h24_mc06,Storage HW,0.0
UserD,h24_mc06,Radiators,0.0
UserD,h24_mc06,Floor heating,0.0
UserD,h24_mc06,Induction stove,0.0
UserD,h24_mc06,Gas stove,0.0
UserD,h24_mc06,Gas National Grid,0.0
UserD,h01_mc07,PV sys,0.0
UserD,h01_mc07,National Grid EE,0.0
UserD,h01_mc07,Storage EE,0.6
UserD,h01_mc07,Gas Boiler,0.0
UserD,h01_mc07,HP,0.0
UserD,h01_mc07,AC,0.0
UserD,h01_mc07,Storage HW,0.0
UserD,h01_mc07,Radiators,0.0
UserD,h01_mc07,Floor heating,0.0
UserD,h01_mc07,Induction stove,0.0
UserD,h01_mc07,Gas stove,0.0
UserD,h01_mc07,Gas National Grid,0.0
UserD,h02_mc07,PV sys,0.0
UserD,h02_mc07,National Grid EE,0.0
UserD,h02_mc07,Storage EE,0.6
UserD,h02_mc07,Gas Boiler,0.0
UserD,h02_mc07,HP,0.0
UserD,h02_mc07,AC,0.0
UserD,h02_mc07,Storage HW,0.0
UserD,h02_mc07,Radiators,0.0
UserD,h02_mc07,Floor heating,0.0
UserD,h02_mc07,Induction stove,0.0
UserD,h02_mc07,Gas stove,0.0
UserD,h02_mc07,Gas National Grid,0.0
UserD,h03_mc07,PV sys,0.0
UserD,h03_mc07,National Grid EE,0.0
UserD,h03_mc07,Storage EE,0.6
UserD,h03_mc07,Gas Boiler,0.0
UserD,h03_mc07,HP,0.0
UserD,h03_mc07,AC,0.0
UserD,h03_mc07,Storage HW,0.0
UserD,h03_mc07,Radiators,0.0
UserD,h03_mc07,Floor heating,0.0
UserD,h03_mc07,Induction stove,0.0
UserD,h03_mc07,Gas stove,0.0
UserD,h03_mc07,Gas National Grid,0.0
UserD,h04_mc07,PV sys,0.0
UserD,h04_mc07,National Grid EE,0.0
UserD,h04_mc07,Storage EE,0.6
UserD,h04_mc07,Gas Boiler,0.0
UserD,h04_mc07,HP,0.0
UserD,h04_mc07,AC,0.0
UserD,h04_mc07,Storage HW,0.0
UserD,h04_mc07,Radiators,0.0
UserD,h04_mc07,Floor heating,0.0
UserD,h04_mc07,Induction stove,0.0
UserD,h04_mc07,Gas stove,0.0
UserD,h04_mc07,Gas National Grid,0.0
UserD,h05_mc07,PV sys,0.0
UserD,h05_mc07,National Grid EE,0.0
UserD,h05_mc07,Storage EE,0.6
UserD,h05_mc07,Gas Boiler,0.0
UserD,h05_mc07,HP,0.0
UserD,h05_mc07,AC,0.0
UserD,h05_mc07,Storage HW,0.0
UserD,h05_mc07,Radiators,0.0
UserD,h05_mc07,Floor heating,0.0
UserD,h05_mc07,Induction stove,0.0
UserD,h05_mc07,Gas stove,0.0
UserD,h05_mc07,Gas National Grid,0.0
UserD,h06_mc07,PV sys,0.0
UserD,h06_mc07,National Grid EE,0.0
UserD,h06_mc07,Storage EE,0.6
UserD,h06_mc07,Gas Boiler,0.0
UserD,h06_mc07,HP,0.0
UserD,h06_mc07,AC,0.0
UserD,h06_mc07,Storage HW,0.0
UserD,h06_mc07,Radiators,0.0
UserD,h06_mc07,Floor heating,0.0
UserD,h06_mc07,Induction stove,0.0
UserD,h06_mc07,Gas stove,0.0
UserD,h06_mc07,Gas National Grid,0.0
UserD,h07_mc07,PV sys,0.0
UserD,h07_mc07,National Grid EE,0.0
UserD,h07_mc07,Storage EE,0.6
UserD,h07_mc07,Gas Boiler,0.0
UserD,h07_mc07,HP,0.0
UserD,h07_mc07,AC,0.0
UserD,h07_mc07,Storage HW,0.0
UserD,h07_mc07,Radiators,0.0
UserD,h07_mc07,Floor heating,0.0
UserD,h07_mc07,Induction stove,0.0
UserD,h07_mc07,Gas stove,0.0
UserD,h07_mc07,Gas National Grid,0.0
UserD,h08_mc07,PV sys,0.0
UserD,h08_mc07,National Grid EE,0.0
UserD,h08_mc07,Storage EE,0.6449146499999996
UserD,h08_mc07,Gas Boiler,0.0
UserD,h08_mc07,HP,0.0
UserD,h08_mc07,AC,0.0
UserD,h08_mc07,Storage HW,0.0
UserD,h08_mc07,Radiators,0.0
UserD,h08_mc07,Floor heating,0.0
UserD,h08_mc07,Induction stove,0.0
UserD,h08_mc07,Gas stove,0.0
UserD,h08_mc07,Gas National Grid,0.0
UserD,h09_mc07,PV sys,0.0
UserD,h09_mc07,National Grid EE,0.0
UserD,h09_mc07,Storage EE,0.6
UserD,h09_mc07,Gas Boiler,0.0
UserD,h09_mc07,HP,0.0
UserD,h09_mc07,AC,0.0
UserD,h09_mc07,Storage HW,0.0
UserD,h09_mc07,Radiators,0.0
UserD,h09_mc07,Floor heating,0.0
UserD,h09_mc07,Induction stove,0.0
UserD,h09_mc07,Gas stove,0.0
UserD,h09_mc07,Gas National Grid,0.0
UserD,h10_mc07,PV sys,0.0
UserD,h10_mc07,National Grid EE,0.0
UserD,h10_mc07,Storage EE,1.1283387499999997
UserD,h10_mc07,Gas Boiler,0.0
UserD,h10_mc07,HP,0.0
UserD,h10_mc07,AC,0.0
UserD,h10_mc07,Storage HW,0.0
UserD,h10_mc07,Radiators,0.0
UserD,h10_mc07,Floor heating,0.0
UserD,h10_mc07,Induction stove,0.0
UserD,h10_mc07,Gas stove,0.0
UserD,h10_mc07,Gas National Grid,0.0
UserD,h11_mc07,PV sys,0.0
UserD,h11_mc07,National Grid EE,0.0
UserD,h11_mc07,Storage EE,2.3444318499999968
UserD,h11_mc07,Gas Boiler,0.0
UserD,h11_mc07,HP,0.0
UserD,h11_mc07,AC,0.0
UserD,h11_mc07,Storage HW,0.0
UserD,h11_mc07,Radiators,0.0
UserD,h11_mc07,Floor heating,0.0
UserD,h11_mc07,Induction stove,0.0
UserD,h11_mc07,Gas stove,0.0
UserD,h11_mc07,Gas National Grid,0.0
UserD,h12_mc07,PV sys,0.0
UserD,h12_mc07,National Grid EE,0.0
UserD,h12_mc07,Storage EE,2.784275594444442
UserD,h12_mc07,Gas Boiler,0.0
UserD,h12_mc07,HP,0.0
UserD,h12_mc07,AC,0.0
UserD,h12_mc07,Storage HW,0.0
UserD,h12_mc07,Radiators,0.0
UserD,h12_mc07,Floor heating,0.0
UserD,h12_mc07,Induction stove,0.0
UserD,h12_mc07,Gas stove,0.0
UserD,h12_mc07,Gas National Grid,0.0
UserD,h13_mc07,PV sys,0.0
UserD,h13_mc07,National Grid EE,0.0
UserD,h13_mc07,Storage EE,3.5936757722222206
UserD,h13_mc07,Gas Boiler,0.0
UserD,h13_mc07,HP,0.0
UserD,h13_mc07,AC,0.0
UserD,h13_mc07,Storage HW,0.0
UserD,h13_mc07,Radiators,0.0
UserD,h13_mc07,Floor heating,0.0
UserD,h13_mc07,Induction stove,0.0
UserD,h13_mc07,Gas stove,0.0
UserD,h13_mc07,Gas National Grid,0.0
UserD,h14_mc07,PV sys,0.0
UserD,h14_mc07,National Grid EE,0.0
UserD,h14_mc07,Storage EE,4.003125316666666
UserD,h14_mc07,Gas Boiler,0.0
UserD,h14_mc07,HP,0.0
UserD,h14_mc07,AC,0.0
UserD,h14_mc07,Storage HW,0.0
UserD,h14_mc07,Radiators,0.0
UserD,h14_mc07,Floor heating,0.0
UserD,h14_mc07,Induction stove,0.0
UserD,h14_mc07,Gas stove,0.0
UserD,h14_mc07,Gas National Grid,0.0
UserD,h15_mc07,PV sys,0.0
UserD,h15_mc07,National Grid EE,0.0
UserD,h15_mc07,Storage EE,5.7
UserD,h15_mc07,Gas Boiler,0.0
UserD,h15_mc07,HP,0.0
UserD,h15_mc07,AC,0.0
UserD,h15_mc07,Storage HW,0.0
UserD,h15_mc07,Radiators,0.0
UserD,h15_mc07,Floor heating,0.0
UserD,h15_mc07,Induction stove,0.0
UserD,h15_mc07,Gas stove,0.0
UserD,h15_mc07,Gas National Grid,0.0
UserD,h16_mc07,PV sys,0.0
UserD,h16_mc07,National Grid EE,0.0
UserD,h16_mc07,Storage EE,5.7
UserD,h16_mc07,Gas Boiler,0.0
UserD,h16_mc07,HP,0.0
UserD,h16_mc07,AC,0.0
UserD,h16_mc07,Storage HW,0.0
UserD,h16_mc07,Radiators,0.0
UserD,h16_mc07,Floor heating,0.0
UserD,h16_mc07,Induction stove,0.0
UserD,h16_mc07,Gas stove,0.0
UserD,h16_mc07,Gas National Grid,0.0
UserD,h17_mc07,PV sys,0.0
UserD,h17_mc07,National Grid EE,0.0
UserD,h17_mc07,Storage EE,5.7
UserD,h17_mc07,Gas Boiler,0.0
UserD,h17_mc07,HP,0.0
UserD,h17_mc07,AC,0.0
UserD,h17_mc07,Storage HW,0.0
UserD,h17_mc07,Radiators,0.0
UserD,h17_mc07,Floor heating,0.0
UserD,h17_mc07,Induction stove,0.0
UserD,h17_mc07,Gas stove,0.0
UserD,h17_mc07,Gas National Grid,0.0
UserD,h18_mc07,PV sys,0.0
UserD,h18_mc07,National Grid EE,0.0
UserD,h18_mc07,Storage EE,5.7
UserD,h18_mc07,Gas Boiler,0.0
UserD,h18_mc07,HP,0.0
UserD,h18_mc07,AC,0.0
UserD,h18_mc07,Storage HW,0.0
UserD,h18_mc07,Radiators,0.0
UserD,h18_mc07,Floor heating,0.0
UserD,h18_mc07,Induction stove,0.0
UserD,h18_mc07,Gas stove,0.0
UserD,h18_mc07,Gas National Grid,0.0
UserD,h19_mc07,PV sys,0.0
UserD,h19_mc07,National Grid EE,0.0
UserD,h19_mc07,Storage EE,5.7
UserD,h19_mc07,Gas Boiler,0.0
UserD,h19_mc07,HP,0.0
UserD,h19_mc07,AC,0.0
UserD,h19_mc07,Storage HW,0.0
UserD,h19_mc07,Radiators,0.0
UserD,h19_mc07,Floor heating,0.0
UserD,h19_mc07,Induction stove,0.0
UserD,h19_mc07,Gas stove,0.0
UserD,h19_mc07,Gas National Grid,0.0
UserD,h20_mc07,PV sys,0.0
UserD,h20_mc07,National Grid EE,0.0
UserD,h20_mc07,Storage EE,5.7
UserD,h20_mc07,Gas Boiler,0.0
UserD,h20_mc07,HP,0.0
UserD,h20_mc07,AC,0.0
UserD,h20_mc07,Storage HW,0.0
UserD,h20_mc07,Radiators,0.0
UserD,h20_mc07,Floor heating,0.0
UserD,h20_mc07,Induction stove,0.0
UserD,h20_mc07,Gas stove,0.0
UserD,h20_mc07,Gas National Grid,0.0
UserD,h21_mc07,PV sys,0.0
UserD,h21_mc07,National Grid EE,0.0
UserD,h21_mc07,Storage EE,5.7
UserD,h21_mc07,Gas Boiler,0.0
UserD,h21_mc07,HP,0.0
UserD,h21_mc07,AC,0.0
UserD,h21_mc07,Storage HW,0.0
UserD,h21_mc07,Radiators,0.0
UserD,h21_mc07,Floor heating,0.0
UserD,h21_mc07,Induction stove,0.0
UserD,h21_mc07,Gas stove,0.0
UserD,h21_mc07,Gas National Grid,0.0
UserD,h22_mc07,PV sys,0.0
UserD,h22_mc07,National Grid EE,0.0
UserD,h22_mc07,Storage EE,5.7
UserD,h22_mc07,Gas Boiler,0.0
UserD,h22_mc07,HP,0.0
UserD,h22_mc07,AC,0.0
UserD,h22_mc07,Storage HW,0.0
UserD,h22_mc07,Radiators,0.0
UserD,h22_mc07,Floor heating,0.0
UserD,h22_mc07,Induction stove,0.0
UserD,h22_mc07,Gas stove,0.0
UserD,h22_mc07,Gas National Grid,0.0
UserD,h23_mc07,PV sys,0.0
UserD,h23_mc07,National Grid EE,0.0
UserD,h23_mc07,Storage EE,5.7
UserD,h23_mc07,Gas Boiler,0.0
UserD,h23_mc07,HP,0.0
UserD,h23_mc07,AC,0.0
UserD,h23_mc07,Storage HW,0.0
UserD,h23_mc07,Radiators,0.0
UserD,h23_mc07,Floor heating,0.0
UserD,h23_mc07,Induction stove,0.0
UserD,h23_mc07,Gas stove,0.0
UserD,h23_mc07,Gas National Grid,0.0
UserD,h24_mc07,PV sys,0.0
UserD,h24_mc07,National Grid EE,0.0
UserD,h24_mc07,Storage EE,5.7
UserD,h24_mc07,Gas Boiler,0.0
UserD,h24_mc07,HP,0.0
UserD,h24_mc07,AC,0.0
UserD,h24_mc07,Storage HW,0.0
UserD,h24_mc07,Radiators,0.0
UserD,h24_mc07,Floor heating,0.0
UserD,h24_mc07,Induction stove,0.0
UserD,h24_mc07,Gas stove,0.0
UserD,h24_mc07,Gas National Grid,0.0
UserD,h01_mc08,PV sys,0.0
UserD,h01_mc08,National Grid EE,0.0
UserD,h01_mc08,Storage EE,5.7
UserD,h01_mc08,Gas Boiler,0.0
UserD,h01_mc08,HP,0.0
UserD,h01_mc08,AC,0.0
UserD,h01_mc08,Storage HW,0.0
UserD,h01_mc08,Radiators,0.0
UserD,h01_mc08,Floor heating,0.0
UserD,h01_mc08,Induction stove,0.0
UserD,h01_mc08,Gas stove,0.0
UserD,h01_mc08,Gas National Grid,0.0
UserD,h02_mc08,PV sys,0.0
UserD,h02_mc08,National Grid EE,0.0
UserD,h02_mc08,Storage EE,5.7
UserD,h02_mc08,Gas Boiler,0.0
UserD,h02_mc08,HP,0.0
UserD,h02_mc08,AC,0.0
UserD,h02_mc08,Storage HW,0.0
UserD,h02_mc08,Radiators,0.0
UserD,h02_mc08,Floor heating,0.0
UserD,h02_mc08,Induction stove,0.0
UserD,h02_mc08,Gas stove,0.0
UserD,h02_mc08,Gas National Grid,0.0
UserD,h03_mc08,PV sys,0.0
UserD,h03_mc08,National Grid EE,0.0
UserD,h03_mc08,Storage EE,5.7
UserD,h03_mc08,Gas Boiler,0.0
UserD,h03_mc08,HP,0.0
UserD,h03_mc08,AC,0.0
UserD,h03_mc08,Storage HW,0.0
UserD,h03_mc08,Radiators,0.0
UserD,h03_mc08,Floor heating,0.0
UserD,h03_mc08,Induction stove,0.0
UserD,h03_mc08,Gas stove,0.0
UserD,h03_mc08,Gas National Grid,0.0
UserD,h04_mc08,PV sys,0.0
UserD,h04_mc08,National Grid EE,0.0
UserD,h04_mc08,Storage EE,5.7
UserD,h04_mc08,Gas Boiler,0.0
UserD,h04_mc08,HP,0.0
UserD,h04_mc08,AC,0.0
UserD,h04_mc08,Storage HW,0.0
UserD,h04_mc08,Radiators,0.0
UserD,h04_mc08,Floor heating,0.0
UserD,h04_mc08,Induction stove,0.0
UserD,h04_mc08,Gas stove,0.0
UserD,h04_mc08,Gas National Grid,0.0
UserD,h05_mc08,PV sys,0.0
UserD,h05_mc08,National Grid EE,0.0
UserD,h05_mc08,Storage EE,5.7
UserD,h05_mc08,Gas Boiler,0.0
UserD,h05_mc08,HP,0.0
UserD,h05_mc08,AC,0.0
UserD,h05_mc08,Storage HW,0.0
UserD,h05_mc08,Radiators,0.0
UserD,h05_mc08,Floor heating,0.0
UserD,h05_mc08,Induction stove,0.0
UserD,h05_mc08,Gas stove,0.0
UserD,h05_mc08,Gas National Grid,0.0
UserD,h06_mc08,PV sys,0.0
UserD,h06_mc08,National Grid EE,0.0
UserD,h06_mc08,Storage EE,5.4949992000000005
UserD,h06_mc08,Gas Boiler,0.0
UserD,h06_mc08,HP,0.0
UserD,h06_mc08,AC,0.0
UserD,h06_mc08,Storage HW,0.0
UserD,h06_mc08,Radiators,0.0
UserD,h06_mc08,Floor heating,0.0
UserD,h06_mc08,Induction stove,0.0
UserD,h06_mc08,Gas stove,0.0
UserD,h06_mc08,Gas National Grid,0.0
UserD,h07_mc08,PV sys,0.0
UserD,h07_mc08,National Grid EE,0.0
UserD,h07_mc08,Storage EE,5.289999033333333
UserD,h07_mc08,Gas Boiler,0.0
UserD,h07_mc08,HP,0.0
UserD,h07_mc08,AC,0.0
UserD,h07_mc08,Storage HW,0.0
UserD,h07_mc08,Radiators,0.0
UserD,h07_mc08,Floor heating,0.0
UserD,h07_mc08,Induction stove,0.0
UserD,h07_mc08,Gas stove,0.0
UserD,h07_mc08,Gas National Grid,0.0
UserD,h08_mc08,PV sys,0.0
UserD,h08_mc08,National Grid EE,0.0
UserD,h08_mc08,Storage EE,5.457374033333333
UserD,h08_mc08,Gas Boiler,0.0
UserD,h08_mc08,HP,0.0
UserD,h08_mc08,AC,0.0
UserD,h08_mc08,Storage HW,0.0
UserD,h08_mc08,Radiators,0.0
UserD,h08_mc08,Floor heating,0.0
UserD,h08_mc08,Induction stove,0.0
UserD,h08_mc08,Gas stove,0.0
UserD,h08_mc08,Gas National Grid,0.0
UserD,h09_mc08,PV sys,0.0
UserD,h09_mc08,National Grid EE,0.0
UserD,h09_mc08,Storage EE,5.302179983333334
UserD,h09_mc08,Gas Boiler,0.0
UserD,h09_mc08,HP,0.0
UserD,h09_mc08,AC,0.0
UserD,h09_mc08,Storage HW,0.0
UserD,h09_mc08,Radiators,0.0
UserD,h09_mc08,Floor heating,0.0
UserD,h09_mc08,Induction stove,0.0
UserD,h09_mc08,Gas stove,0.0
UserD,h09_mc08,Gas National Grid,0.0
UserD,h10_mc08,PV sys,0.0
UserD,h10_mc08,National Grid EE,0.0
UserD,h10_mc08,Storage EE,5.641729983333333
UserD,h10_mc08,Gas Boiler,0.0
UserD,h10_mc08,HP,0.0
UserD,h10_mc08,AC,0.0
UserD,h10_mc08,Storage HW,0.0
UserD,h10_mc08,Radiators,0.0
UserD,h10_mc08,Floor heating,0.0
UserD,h10_mc08,Induction stove,0.0
UserD,h10_mc08,Gas stove,0.0
UserD,h10_mc08,Gas National Grid,0.0
UserD,h11_mc08,PV sys,0.0
UserD,h11_mc08,National Grid EE,0.0
UserD,h11_mc08,Storage EE,5.538102733333333
UserD,h11_mc08,Gas Boiler,0.0
UserD,h11_mc08,HP,0.0
UserD,h11_mc08,AC,0.0
UserD,h11_mc08,Storage HW,0.0
UserD,h11_mc08,Radiators,0.0
UserD,h11_mc08,Floor heating,0.0
UserD,h11_mc08,Induction stove,0.0
UserD,h11_mc08,Gas stove,0.0
UserD,h11_mc08,Gas National Grid,0.0
UserD,h12_mc08,PV sys,0.0
UserD,h12_mc08,National Grid EE,0.0
UserD,h12_mc08,Storage EE,5.613277083333333
UserD,h12_mc08,Gas Boiler,0.0
UserD,h12_mc08,HP,0.0
UserD,h12_mc08,AC,0.0
UserD,h12_mc08,Storage HW,0.0
UserD,h12_mc08,Radiators,0.0
UserD,h12_mc08,Floor heating,0.0
UserD,h12_mc08,Induction stove,0.0
UserD,h12_mc08,Gas stove,0.0
UserD,h12_mc08,Gas National Grid,0.0
UserD,h13_mc08,PV sys,0.0
UserD,h13_mc08,National Grid EE,0.0
UserD,h13_mc08,Storage EE,5.408824283333333
UserD,h13_mc08,Gas Boiler,0.0
UserD,h13_mc08,HP,0.0
UserD,h13_mc08,AC,0.0
UserD,h13_mc08,Storage HW,0.0
UserD,h13_mc08,Radiators,0.0
UserD,h13_mc08,Floor heating,0.0
UserD,h13_mc08,Induction stove,0.0
UserD,h13_mc08,Gas stove,0.0
UserD,h13_mc08,Gas National Grid,0.0
UserD,h14_mc08,PV sys,0.0
UserD,h14_mc08,National Grid EE,0.0
UserD,h14_mc08,Storage EE,4.963357866666667
UserD,h14_mc08,Gas Boiler,0.0
UserD,h14_mc08,HP,0.0
UserD,h14_mc08,AC,0.0
UserD,h14_mc08,Storage HW,0.0
UserD,h14_mc08,Radiators,0.0
UserD,h14_mc08,Floor heating,0.0
UserD,h14_mc08,Induction stove,0.0
UserD,h14_mc08,Gas stove,0.0
UserD,h14_mc08,Gas National Grid,0.0
UserD,h15_mc08,PV sys,0.0
UserD,h15_mc08,National Grid EE,0.0
UserD,h15_mc08,Storage EE,4.87933195
UserD,h15_mc08,Gas Boiler,0.0
UserD,h15_mc08,HP,0.0
UserD,h15_mc08,AC,0.0
UserD,h15_mc08,Storage HW,0.0
UserD,h15_mc08,Radiators,0.0
UserD,h15_mc08,Floor heating,0.0
UserD,h15_mc08,Induction stove,0.0
UserD,h15_mc08,Gas stove,0.0
UserD,h15_mc08,Gas National Grid,0.0
UserD,h16_mc08,PV sys,0.0
UserD,h16_mc08,National Grid EE,0.0
UserD,h16_mc08,Storage EE,4.808840266666667
UserD,h16_mc08,Gas Boiler,0.0
UserD,h16_mc08,HP,0.0
UserD,h16_mc08,AC,0.0
UserD,h16_mc08,Storage HW,0.0
UserD,h16_mc08,Radiators,0.0
UserD,h16_mc08,Floor heating,0.0
UserD,h16_mc08,Induction stove,0.0
UserD,h16_mc08,Gas stove,0.0
UserD,h16_mc08,Gas National Grid,0.0
UserD,h17_mc08,PV sys,0.0
UserD,h17_mc08,National Grid EE,0.0
UserD,h17_mc08,Storage EE,4.808840266666667
UserD,h17_mc08,Gas Boiler,0.0
UserD,h17_mc08,HP,0.0
UserD,h17_mc08,AC,0.0
UserD,h17_mc08,Storage HW,0.0
UserD,h17_mc08,Radiators,0.0
UserD,h17_mc08,Floor heating,0.0
UserD,h17_mc08,Induction stove,0.0
UserD,h17_mc08,Gas stove,0.0
UserD,h17_mc08,Gas National Grid,0.0
UserD,h18_mc08,PV sys,0.0
UserD,h18_mc08,National Grid EE,0.0
UserD,h18_mc08,Storage EE,4.538839800000001
UserD,h18_mc08,Gas Boiler,0.0
UserD,h18_mc08,HP,0.0
UserD,h18_mc08,AC,0.0
UserD,h18_mc08,Storage HW,0.0
UserD,h18_mc08,Radiators,0.0
UserD,h18_mc08,Floor heating,0.0
UserD,h18_mc08,Induction stove,0.0
UserD,h18_mc08,Gas stove,0.0
UserD,h18_mc08,Gas National Grid,0.0
UserD,h19_mc08,PV sys,0.0
UserD,h19_mc08,National Grid EE,0.0
UserD,h19_mc08,Storage EE,4.298822183333334
UserD,h19_mc08,Gas Boiler,0.0
UserD,h19_mc08,HP,0.0
UserD,h19_mc08,AC,0.0
UserD,h19_mc08,Storage HW,0.0
UserD,h19_mc08,Radiators,0.0
UserD,h19_mc08,Floor heating,0.0
UserD,h19_mc08,Induction stove,0.0
UserD,h19_mc08,Gas stove,0.0
UserD,h19_mc08,Gas National Grid,0.0
UserD,h20_mc08,PV sys,0.0
UserD,h20_mc08,National Grid EE,0.0
UserD,h20_mc08,Storage EE,3.6
UserD,h20_mc08,Gas Boiler,0.0
UserD,h20_mc08,HP,0.0
UserD,h20_mc08,AC,0.0
UserD,h20_mc08,Storage HW,0.0
UserD,h20_mc08,Radiators,0.0
UserD,h20_mc08,Floor heating,0.0
UserD,h20_mc08,Induction stove,0.0
UserD,h20_mc08,Gas stove,0.0
UserD,h20_mc08,Gas National Grid,0.0
UserD,h21_mc08,PV sys,0.0
UserD,h21_mc08,National Grid EE,0.0
UserD,h21_mc08,Storage EE,3.6
UserD,h21_mc08,Gas Boiler,0.0
UserD,h21_mc08,HP,0.0
UserD,h21_mc08,AC,0.0
UserD,h21_mc08,Storage HW,0.0
UserD,h21_mc08,Radiators,0.0
UserD,h21_mc08,Floor heating,0.0
UserD,h21_mc08,Induction stove,0.0
UserD,h21_mc08,Gas stove,0.0
UserD,h21_mc08,Gas National Grid,0.0
UserD,h22_mc08,PV sys,0.0
UserD,h22_mc08,National Grid EE,0.0
UserD,h22_mc08,Storage EE,3.6
UserD,h22_mc08,Gas Boiler,0.0
UserD,h22_mc08,HP,0.0
UserD,h22_mc08,AC,0.0
UserD,h22_mc08,Storage HW,0.0
UserD,h22_mc08,Radiators,0.0
UserD,h22_mc08,Floor heating,0.0
UserD,h22_mc08,Induction stove,0.0
UserD,h22_mc08,Gas stove,0.0
UserD,h22_mc08,Gas National Grid,0.0
UserD,h23_mc08,PV sys,0.0
UserD,h23_mc08,National Grid EE,0.0
UserD,h23_mc08,Storage EE,0.6
UserD,h23_mc08,Gas Boiler,0.0
UserD,h23_mc08,HP,0.0
UserD,h23_mc08,AC,0.0
UserD,h23_mc08,Storage HW,0.0
UserD,h23_mc08,Radiators,0.0
UserD,h23_mc08,Floor heating,0.0
UserD,h23_mc08,Induction stove,0.0
UserD,h23_mc08,Gas stove,0.0
UserD,h23_mc08,Gas National Grid,0.0
UserD,h24_mc08,PV sys,0.0
UserD,h24_mc08,National Grid EE,0.0
UserD,h24_mc08,Storage EE,0.6
UserD,h24_mc08,Gas Boiler,0.0
UserD,h24_mc08,HP,0.0
UserD,h24_mc08,AC,0.0
UserD,h24_mc08,Storage HW,0.0
UserD,h24_mc08,Radiators,0.0
UserD,h24_mc08,Floor heating,0.0
UserD,h24_mc08,Induction stove,0.0
UserD,h24_mc08,Gas stove,0.0
UserD,h24_mc08,Gas National Grid,0.0
UserD,h01_mc09,PV sys,0.0
UserD,h01_mc09,National Grid EE,0.0
UserD,h01_mc09,Storage EE,0.6
UserD,h01_mc09,Gas Boiler,0.0
UserD,h01_mc09,HP,0.0
UserD,h01_mc09,AC,0.0
UserD,h01_mc09,Storage HW,0.0
UserD,h01_mc09,Radiators,0.0
UserD,h01_mc09,Floor heating,0.0
UserD,h01_mc09,Induction stove,0.0
UserD,h01_mc09,Gas stove,0.0
UserD,h01_mc09,Gas National Grid,0.0
UserD,h02_mc09,PV sys,0.0
UserD,h02_mc09,National Grid EE,0.0
UserD,h02_mc09,Storage EE,0.6
UserD,h02_mc09,Gas Boiler,0.0
UserD,h02_mc09,HP,0.0
UserD,h02_mc09,AC,0.0
UserD,h02_mc09,Storage HW,0.0
UserD,h02_mc09,Radiators,0.0
UserD,h02_mc09,Floor heating,0.0
UserD,h02_mc09,Induction stove,0.0
UserD,h02_mc09,Gas stove,0.0
UserD,h02_mc09,Gas National Grid,0.0
UserD,h03_mc09,PV sys,0.0
UserD,h03_mc09,National Grid EE,0.0
UserD,h03_mc09,Storage EE,0.6
UserD,h03_mc09,Gas Boiler,0.0
UserD,h03_mc09,HP,0.0
UserD,h03_mc09,AC,0.0
UserD,h03_mc09,Storage HW,0.0
UserD,h03_mc09,Radiators,0.0
UserD,h03_mc09,Floor heating,0.0
UserD,h03_mc09,Induction stove,0.0
UserD,h03_mc09,Gas stove,0.0
UserD,h03_mc09,Gas National Grid,0.0
UserD,h04_mc09,PV sys,0.0
UserD,h04_mc09,National Grid EE,0.0
UserD,h04_mc09,Storage EE,0.6
UserD,h04_mc09,Gas Boiler,0.0
UserD,h04_mc09,HP,0.0
UserD,h04_mc09,AC,0.0
UserD,h04_mc09,Storage HW,0.0
UserD,h04_mc09,Radiators,0.0
UserD,h04_mc09,Floor heating,0.0
UserD,h04_mc09,Induction stove,0.0
UserD,h04_mc09,Gas stove,0.0
UserD,h04_mc09,Gas National Grid,0.0
UserD,h05_mc09,PV sys,0.0
UserD,h05_mc09,National Grid EE,0.0
UserD,h05_mc09,Storage EE,0.6
UserD,h05_mc09,Gas Boiler,0.0
UserD,h05_mc09,HP,0.0
UserD,h05_mc09,AC,0.0
UserD,h05_mc09,Storage HW,0.0
UserD,h05_mc09,Radiators,0.0
UserD,h05_mc09,Floor heating,0.0
UserD,h05_mc09,Induction stove,0.0
UserD,h05_mc09,Gas stove,0.0
UserD,h05_mc09,Gas National Grid,0.0
UserD,h06_mc09,PV sys,0.0
UserD,h06_mc09,National Grid EE,0.0
UserD,h06_mc09,Storage EE,0.6
UserD,h06_mc09,Gas Boiler,0.0
UserD,h06_mc09,HP,0.0
UserD,h06_mc09,AC,0.0
UserD,h06_mc09,Storage HW,0.0
UserD,h06_mc09,Radiators,0.0
UserD,h06_mc09,Floor heating,0.0
UserD,h06_mc09,Induction stove,0.0
UserD,h06_mc09,Gas stove,0.0
UserD,h06_mc09,Gas National Grid,0.0
UserD,h07_mc09,PV sys,0.0
UserD,h07_mc09,National Grid EE,0.0
UserD,h07_mc09,Storage EE,0.7359000000000009
UserD,h07_mc09,Gas Boiler,0.0
UserD,h07_mc09,HP,0.0
UserD,h07_mc09,AC,0.0
UserD,h07_mc09,Storage HW,0.0
UserD,h07_mc09,Radiators,0.0
UserD,h07_mc09,Floor heating,0.0
UserD,h07_mc09,Induction stove,0.0
UserD,h07_mc09,Gas stove,0.0
UserD,h07_mc09,Gas National Grid,0.0
UserD,h08_mc09,PV sys,0.0
UserD,h08_mc09,National Grid EE,0.0
UserD,h08_mc09,Storage EE,0.6
UserD,h08_mc09,Gas Boiler,0.0
UserD,h08_mc09,HP,0.0
UserD,h08_mc09,AC,0.0
UserD,h08_mc09,Storage HW,0.0
UserD,h08_mc09,Radiators,0.0
UserD,h08_mc09,Floor heating,0.0
UserD,h08_mc09,Induction stove,0.0
UserD,h08_mc09,Gas stove,0.0
UserD,h08_mc09,Gas National Grid,0.0
UserD,h09_mc09,PV sys,0.0
UserD,h09_mc09,National Grid EE,0.0
UserD,h09_mc09,Storage EE,0.6
UserD,h09_mc09,Gas Boiler,0.0
UserD,h09_mc09,HP,0.0
UserD,h09_mc09,AC,0.0
UserD,h09_mc09,Storage HW,0.0
UserD,h09_mc09,Radiators,0.0
UserD,h09_mc09,Floor heating,0.0
UserD,h09_mc09,Induction stove,0.0
UserD,h09_mc09,Gas stove,0.0
UserD,h09_mc09,Gas National Grid,0.0
UserD,h10_mc09,PV sys,0.0
UserD,h10_mc09,National Grid EE,0.0
UserD,h10_mc09,Storage EE,0.8383635888888856
UserD,h10_mc09,Gas Boiler,0.0
UserD,h10_mc09,HP,0.0
UserD,h10_mc09,AC,0.0
UserD,h10_mc09,Storage HW,0.0
UserD,h10_mc09,Radiators,0.0
UserD,h10_mc09,Floor heating,0.0
UserD,h10_mc09,Induction stove,0.0
UserD,h10_mc09,Gas stove,0.0
UserD,h10_mc09,Gas National Grid,0.0
UserD,h11_mc09,PV sys,0.0
UserD,h11_mc09,National Grid EE,0.0
UserD,h11_mc09,Storage EE,2.647356316666664
UserD,h11_mc09,Gas Boiler,0.0
UserD,h11_mc09,HP,0.0
UserD,h11_mc09,AC,0.0
UserD,h11_mc09,Storage HW,0.0
UserD,h11_mc09,Radiators,0.0
UserD,h11_mc09,Floor heating,0.0
UserD,h11_mc09,Induction stove,0.0
UserD,h11_mc09,Gas stove,0.0
UserD,h11_mc09,Gas National Grid,0.0
UserD,h12_mc09,PV sys,0.0
UserD,h12_mc09,National Grid EE,0.0
UserD,h12_mc09,Storage EE,4.770733027777776
UserD,h12_mc09,Gas Boiler,0.0
UserD,h12_mc09,HP,0.0
UserD,h12_mc09,AC,0.0
UserD,h12_mc09,Storage HW,0.0
UserD,h12_mc09,Radiators,0.0
UserD,h12_mc09,Floor heating,0.0
UserD,h12_mc09,Induction stove,0.0
UserD,h12_mc09,Gas stove,0.0
UserD,h12_mc09,Gas National Grid,0.0
UserD,h13_mc09,PV sys,0.0
UserD,h13_mc09,National Grid EE,0.0
UserD,h13_mc09,Storage EE,3.916508122222221
UserD,h13_mc09,Gas Boiler,0.0
UserD,h13_mc09,HP,0.0
UserD,h13_mc09,AC,0.0
UserD,h13_mc09,Storage HW,0.0
UserD,h13_mc09,Radiators,0.0
UserD,h13_mc09,Floor heating,0.0
UserD,h13_mc09,Induction stove,0.0
UserD,h13_mc09,Gas stove,0.0
UserD,h13_mc09,Gas National Grid,0.0
UserD,h14_mc09,PV sys,0.0
UserD,h14_mc09,National Grid EE,0.0
UserD,h14_mc09,Storage EE,5.7
UserD,h14_mc09,Gas Boiler,0.0
UserD,h14_mc09,HP,0.0
UserD,h14_mc09,AC,0.0
UserD,h14_mc09,Storage HW,0.0
UserD,h14_mc09,Radiators,0.0
UserD,h14_mc09,Floor heating,0.0
UserD,h14_mc09,Induction stove,0.0
UserD,h14_mc09,Gas stove,0.0
UserD,h14_mc09,Gas National Grid,0.0
UserD,h15_mc09,PV sys,0.0
UserD,h15_mc09,National Grid EE,0.0
UserD,h15_mc09,Storage EE,5.288955555555554
UserD,h15_mc09,Gas Boiler,0.0
UserD,h15_mc09,HP,0.0
UserD,h15_mc09,AC,0.0
UserD,h15_mc09,Storage HW,0.0
UserD,h15_mc09,Radiators,0.0
UserD,h15_mc09,Floor heating,0.0
UserD,h15_mc09,Induction stove,0.0
UserD,h15_mc09,Gas stove,0.0
UserD,h15_mc09,Gas National Grid,0.0
UserD,h16_mc09,PV sys,0.0
UserD,h16_mc09,National Grid EE,0.0
UserD,h16_mc09,Storage EE,5.7
UserD,h16_mc09,Gas Boiler,0.0
UserD,h16_mc09,HP,0.0
UserD,h16_mc09,AC,0.0
UserD,h16_mc09,Storage HW,0.0
UserD,h16_mc09,Radiators,0.0
UserD,h16_mc09,Floor heating,0.0
UserD,h16_mc09,Induction stove,0.0
UserD,h16_mc09,Gas stove,0.0
UserD,h16_mc09,Gas National Grid,0.0
UserD,h17_mc09,PV sys,0.0
UserD,h17_mc09,National Grid EE,0.0
UserD,h17_mc09,Storage EE,5.057794444444444
UserD,h17_mc09,Gas Boiler,0.0
UserD,h17_mc09,HP,0.0
UserD,h17_mc09,AC,0.0
UserD,h17_mc09,Storage HW,0.0
UserD,h17_mc09,Radiators,0.0
UserD,h17_mc09,Floor heating,0.0
UserD,h17_mc09,Induction stove,0.0
UserD,h17_mc09,Gas stove,0.0
UserD,h17_mc09,Gas National Grid,0.0
UserD,h18_mc09,PV sys,0.0
UserD,h18_mc09,National Grid EE,0.0
UserD,h18_mc09,Storage EE,4.969394444444444
UserD,h18_mc09,Gas Boiler,0.0
UserD,h18_mc09,HP,0.0
UserD,h18_mc09,AC,0.0
UserD,h18_mc09,Storage HW,0.0
UserD,h18_mc09,Radiators,0.0
UserD,h18_mc09,Floor heating,0.0
UserD,h18_mc09,Induction stove,0.0
UserD,h18_mc09,Gas stove,0.0
UserD,h18_mc09,Gas National Grid,0.0
UserD,h19_mc09,PV sys,0.0
UserD,h19_mc09,National Grid EE,0.0
UserD,h19_mc09,Storage EE,3.606723233333333
UserD,h19_mc09,Gas Boiler,0.0
UserD,h19_mc09,HP,0.0
UserD,h19_mc09,AC,0.0
UserD,h19_mc09,Storage HW,0.0
UserD,h19_mc09,Radiators,0.0
UserD,h19_mc09,Floor heating,0.0
UserD,h19_mc09,Induction stove,0.0
UserD,h19_mc09,Gas stove,0.0
UserD,h19_mc09,Gas National Grid,0.0
UserD,h20_mc09,PV sys,0.0
UserD,h20_mc09,National Grid EE,0.0
UserD,h20_mc09,Storage EE,3.0466508500000016
UserD,h20_mc09,Gas Boiler,0.0
UserD,h20_mc09,HP,0.0
UserD,h20_mc09,AC,0.0
UserD,h20_mc09,Storage HW,0.0
UserD,h20_mc09,Radiators,0.0
UserD,h20_mc09,Floor heating,0.0
UserD,h20_mc09,Induction stove,0.0
UserD,h20_mc09,Gas stove,0.0
UserD,h20_mc09,Gas National Grid,0.0
UserD,h21_mc09,PV sys,0.0
UserD,h21_mc09,National Grid EE,0.0
UserD,h21_mc09,Storage EE,2.5267261000000003
UserD,h21_mc09,Gas Boiler,0.0
UserD,h21_mc09,HP,0.0
UserD,h21_mc09,AC,0.0
UserD,h21_mc09,Storage HW,0.0
UserD,h21_mc09,Radiators,0.0
UserD,h21_mc09,Floor heating,0.0
UserD,h21_mc09,Induction stove,0.0
UserD,h21_mc09,Gas stove,0.0
UserD,h21_mc09,Gas National Grid,0.0
UserD,h22_mc09,PV sys,0.0
UserD,h22_mc09,National Grid EE,0.0
UserD,h22_mc09,Storage EE,1.5208060499999991
UserD,h22_mc09,Gas Boiler,0.0
UserD,h22_mc09,HP,0.0
UserD,h22_mc09,AC,0.0
UserD,h22_mc09,Storage HW,0.0
UserD,h22_mc09,Radiators,0.0
UserD,h22_mc09,Floor heating,0.0
UserD,h22_mc09,Induction stove,0.0
UserD,h22_mc09,Gas stove,0.0
UserD,h22_mc09,Gas National Grid,0.0
UserD,h23_mc09,PV sys,0.0
UserD,h23_mc09,National Grid EE,0.0
UserD,h23_mc09,Storage EE,0.8669558833333335
UserD,h23_mc09,Gas Boiler,0.0
UserD,h23_mc09,HP,0.0
UserD,h23_mc09,AC,0.0
UserD,h23_mc09,Storage HW,0.0
UserD,h23_mc09,Radiators,0.0
UserD,h23_mc09,Floor heating,0.0
UserD,h23_mc09,Induction stove,0.0
UserD,h23_mc09,Gas stove,0.0
UserD,h23_mc09,Gas National Grid,0.0
UserD,h24_mc09,PV sys,0.0
UserD,h24_mc09,National Grid EE,0.0
UserD,h24_mc09,Storage EE,0.6
UserD,h24_mc09,Gas Boiler,0.0
UserD,h24_mc09,HP,0.0
UserD,h24_mc09,AC,0.0
UserD,h24_mc09,Storage HW,0.0
UserD,h24_mc09,Radiators,0.0
UserD,h24_mc09,Floor heating,0.0
UserD,h24_mc09,Induction stove,0.0
UserD,h24_mc09,Gas stove,0.0
UserD,h24_mc09,Gas National Grid,0.0
UserD,h01_mc10,PV sys,0.0
UserD,h01_mc10,National Grid EE,0.0
UserD,h01_mc10,Storage EE,0.6
UserD,h01_mc10,Gas Boiler,0.0
UserD,h01_mc10,HP,0.0
UserD,h01_mc10,AC,0.0
UserD,h01_mc10,Storage HW,0.0
UserD,h01_mc10,Radiators,0.0
UserD,h01_mc10,Floor heating,0.0
UserD,h01_mc10,Induction stove,0.0
UserD,h01_mc10,Gas stove,0.0
UserD,h01_mc10,Gas National Grid,0.0
UserD,h02_mc10,PV sys,0.0
UserD,h02_mc10,National Grid EE,0.0
UserD,h02_mc10,Storage EE,0.6
UserD,h02_mc10,Gas Boiler,0.0
UserD,h02_mc10,HP,0.0
UserD,h02_mc10,AC,0.0
UserD,h02_mc10,Storage HW,0.0
UserD,h02_mc10,Radiators,0.0
UserD,h02_mc10,Floor heating,0.0
UserD,h02_mc10,Induction stove,0.0
UserD,h02_mc10,Gas stove,0.0
UserD,h02_mc10,Gas National Grid,0.0
UserD,h03_mc10,PV sys,0.0
UserD,h03_mc10,National Grid EE,0.0
UserD,h03_mc10,Storage EE,0.6
UserD,h03_mc10,Gas Boiler,0.0
UserD,h03_mc10,HP,0.0
UserD,h03_mc10,AC,0.0
UserD,h03_mc10,Storage HW,0.0
UserD,h03_mc10,Radiators,0.0
UserD,h03_mc10,Floor heating,0.0
UserD,h03_mc10,Induction stove,0.0
UserD,h03_mc10,Gas stove,0.0
UserD,h03_mc10,Gas National Grid,0.0
UserD,h04_mc10,PV sys,0.0
UserD,h04_mc10,National Grid EE,0.0
UserD,h04_mc10,Storage EE,0.6
UserD,h04_mc10,Gas Boiler,0.0
UserD,h04_mc10,HP,0.0
UserD,h04_mc10,AC,0.0
UserD,h04_mc10,Storage HW,0.0
UserD,h04_mc10,Radiators,0.0
UserD,h04_mc10,Floor heating,0.0
UserD,h04_mc10,Induction stove,0.0
UserD,h04_mc10,Gas stove,0.0
UserD,h04_mc10,Gas National Grid,0.0
UserD,h05_mc10,PV sys,0.0
UserD,h05_mc10,National Grid EE,0.0
UserD,h05_mc10,Storage EE,0.6
UserD,h05_mc10,Gas Boiler,0.0
UserD,h05_mc10,HP,0.0
UserD,h05_mc10,AC,0.0
UserD,h05_mc10,Storage HW,0.0
UserD,h05_mc10,Radiators,0.0
UserD,h05_mc10,Floor heating,0.0
UserD,h05_mc10,Induction stove,0.0
UserD,h05_mc10,Gas stove,0.0
UserD,h05_mc10,Gas National Grid,0.0
UserD,h06_mc10,PV sys,0.0
UserD,h06_mc10,National Grid EE,0.0
UserD,h06_mc10,Storage EE,0.6
UserD,h06_mc10,Gas Boiler,0.0
UserD,h06_mc10,HP,0.0
UserD,h06_mc10,AC,0.0
UserD,h06_mc10,Storage HW,0.0
UserD,h06_mc10,Radiators,0.0
UserD,h06_mc10,Floor heating,0.0
UserD,h06_mc10,Induction stove,0.0
UserD,h06_mc10,Gas stove,0.0
UserD,h06_mc10,Gas National Grid,0.0
UserD,h07_mc10,PV sys,0.0
UserD,h07_mc10,National Grid EE,0.0
UserD,h07_mc10,Storage EE,0.6
UserD,h07_mc10,Gas Boiler,0.0
UserD,h07_mc10,HP,0.0
UserD,h07_mc10,AC,0.0
UserD,h07_mc10,Storage HW,0.0
UserD,h07_mc10,Radiators,0.0
UserD,h07_mc10,Floor heating,0.0
UserD,h07_mc10,Induction stove,0.0
UserD,h07_mc10,Gas stove,0.0
UserD,h07_mc10,Gas National Grid,0.0
UserD,h08_mc10,PV sys,0.0
UserD,h08_mc10,National Grid EE,0.0
UserD,h08_mc10,Storage EE,0.7852939555555534
UserD,h08_mc10,Gas Boiler,0.0
UserD,h08_mc10,HP,0.0
UserD,h08_mc10,AC,0.0
UserD,h08_mc10,Storage HW,0.0
UserD,h08_mc10,Radiators,0.0
UserD,h08_mc10,Floor heating,0.0
UserD,h08_mc10,Induction stove,0.0
UserD,h08_mc10,Gas stove,0.0
UserD,h08_mc10,Gas National Grid,0.0
UserD,h09_mc10,PV sys,0.0
UserD,h09_mc10,National Grid EE,0.0
UserD,h09_mc10,Storage EE,0.6
UserD,h09_mc10,Gas Boiler,0.0
UserD,h09_mc10,HP,0.0
UserD,h09_mc10,AC,0.0
UserD,h09_mc10,Storage HW,0.0
UserD,h09_mc10,Radiators,0.0
UserD,h09_mc10,Floor heating,0.0
UserD,h09_mc10,Induction stove,0.0
UserD,h09_mc10,Gas stove,0.0
UserD,h09_mc10,Gas National Grid,0.0
UserD,h10_mc10,PV sys,0.0
UserD,h10_mc10,National Grid EE,0.0
UserD,h10_mc10,Storage EE,0.6
UserD,h10_mc10,Gas Boiler,0.0
UserD,h10_mc10,HP,0.0
UserD,h10_mc10,AC,0.0
UserD,h10_mc10,Storage HW,0.0
UserD,h10_mc10,Radiators,0.0
UserD,h10_mc10,Floor heating,0.0
UserD,h10_mc10,Induction stove,0.0
UserD,h10_mc10,Gas stove,0.0
UserD,h10_mc10,Gas National Grid,0.0
UserD,h11_mc10,PV sys,0.0
UserD,h11_mc10,National Grid EE,0.0
UserD,h11_mc10,Storage EE,1.751406661111112
UserD,h11_mc10,Gas Boiler,0.0
UserD,h11_mc10,HP,0.0
UserD,h11_mc10,AC,0.0
UserD,h11_mc10,Storage HW,0.0
UserD,h11_mc10,Radiators,0.0
UserD,h11_mc10,Floor heating,0.0
UserD,h11_mc10,Induction stove,0.0
UserD,h11_mc10,Gas stove,0.0
UserD,h11_mc10,Gas National Grid,0.0
UserD,h12_mc10,PV sys,0.0
UserD,h12_mc10,National Grid EE,0.0
UserD,h12_mc10,Storage EE,3.1541303055555505
UserD,h12_mc10,Gas Boiler,0.0
UserD,h12_mc10,HP,0.0
UserD,h12_mc10,AC,0.0
UserD,h12_mc10,Storage HW,0.0
UserD,h12_mc10,Radiators,0.0
UserD,h12_mc10,Floor heating,0.0
UserD,h12_mc10,Induction stove,0.0
UserD,h12_mc10,Gas stove,0.0
UserD,h12_mc10,Gas National Grid,0.0
UserD,h13_mc10,PV sys,0.0
UserD,h13_mc10,National Grid EE,0.0
UserD,h13_mc10,Storage EE,4.198520383333329
UserD,h13_mc10,Gas Boiler,0.0
UserD,h13_mc10,HP,0.0
UserD,h13_mc10,AC,0.0
UserD,h13_mc10,Storage HW,0.0
UserD,h13_mc10,Radiators,0.0
UserD,h13_mc10,Floor heating,0.0
UserD,h13_mc10,Induction stove,0.0
UserD,h13_mc10,Gas stove,0.0
UserD,h13_mc10,Gas National Grid,0.0
UserD,h14_mc10,PV sys,0.0
UserD,h14_mc10,National Grid EE,0.0
UserD,h14_mc10,Storage EE,4.215061111111108
UserD,h14_mc10,Gas Boiler,0.0
UserD,h14_mc10,HP,0.0
UserD,h14_mc10,AC,0.0
UserD,h14_mc10,Storage HW,0.0
UserD,h14_mc10,Radiators,0.0
UserD,h14_mc10,Floor heating,0.0
UserD,h14_mc10,Induction stove,0.0
UserD,h14_mc10,Gas stove,0.0
UserD,h14_mc10,Gas National Grid,0.0
UserD,h15_mc10,PV sys,0.0
UserD,h15_mc10,National Grid EE,0.0
UserD,h15_mc10,Storage EE,5.362455555555554
UserD,h15_mc10,Gas Boiler,0.0
UserD,h15_mc10,HP,0.0
UserD,h15_mc10,AC,0.0
UserD,h15_mc10,Storage HW,0.0
UserD,h15_mc10,Radiators,0.0
UserD,h15_mc10,Floor heating,0.0
UserD,h15_mc10,Induction stove,0.0
UserD,h15_mc10,Gas stove,0.0
UserD,h15_mc10,Gas National Grid,0.0
UserD,h16_mc10,PV sys,0.0
UserD,h16_mc10,National Grid EE,0.0
UserD,h16_mc10,Storage EE,5.7
UserD,h16_mc10,Gas Boiler,0.0
UserD,h16_mc10,HP,0.0
UserD,h16_mc10,AC,0.0
UserD,h16_mc10,Storage HW,0.0
UserD,h16_mc10,Radiators,0.0
UserD,h16_mc10,Floor heating,0.0
UserD,h16_mc10,Induction stove,0.0
UserD,h16_mc10,Gas stove,0.0
UserD,h16_mc10,Gas National Grid,0.0
UserD,h17_mc10,PV sys,0.0
UserD,h17_mc10,National Grid EE,0.0
UserD,h17_mc10,Storage EE,5.7
UserD,h17_mc10,Gas Boiler,0.0
UserD,h17_mc10,HP,0.0
UserD,h17_mc10,AC,0.0
UserD,h17_mc10,Storage HW,0.0
UserD,h17_mc10,Radiators,0.0
UserD,h17_mc10,Floor heating,0.0
UserD,h17_mc10,Induction stove,0.0
UserD,h17_mc10,Gas stove,0.0
UserD,h17_mc10,Gas National Grid,0.0
UserD,h18_mc10,PV sys,0.0
UserD,h18_mc10,National Grid EE,0.0
UserD,h18_mc10,Storage EE,5.7
UserD,h18_mc10,Gas Boiler,0.0
UserD,h18_mc10,HP,0.0
UserD,h18_mc10,AC,0.0
UserD,h18_mc10,Storage HW,0.0
UserD,h18_mc10,Radiators,0.0
UserD,h18_mc10,Floor heating,0.0
UserD,h18_mc10,Induction stove,0.0
UserD,h18_mc10,Gas stove,0.0
UserD,h18_mc10,Gas National Grid,0.0
UserD,h19_mc10,PV sys,0.0
UserD,h19_mc10,National Grid EE,0.0
UserD,h19_mc10,Storage EE,5.7
UserD,h19_mc10,Gas Boiler,0.0
UserD,h19_mc10,HP,0.0
UserD,h19_mc10,AC,0.0
UserD,h19_mc10,Storage HW,0.0
UserD,h19_mc10,Radiators,0.0
UserD,h19_mc10,Floor heating,0.0
UserD,h19_mc10,Induction stove,0.0
UserD,h19_mc10,Gas stove,0.0
UserD,h19_mc10,Gas National Grid,0.0
UserD,h20_mc10,PV sys,0.0
UserD,h20_mc10,National Grid EE,0.0
UserD,h20_mc10,Storage EE,5.7
UserD,h20_mc10,Gas Boiler,0.0
UserD,h20_mc10,HP,0.0
UserD,h20_mc10,AC,0.0
UserD,h20_mc10,Storage HW,0.0
UserD,h20_mc10,Radiators,0.0
UserD,h20_mc10,Floor heating,0.0
UserD,h20_mc10,Induction stove,0.0
UserD,h20_mc10,Gas stove,0.0
UserD,h20_mc10,Gas National Grid,0.0
UserD,h21_mc10,PV sys,0.0
UserD,h21_mc10,National Grid EE,0.0
UserD,h21_mc10,Storage EE,5.7
UserD,h21_mc10,Gas Boiler,0.0
UserD,h21_mc10,HP,0.0
UserD,h21_mc10,AC,0.0
UserD,h21_mc10,Storage HW,0.0
UserD,h21_mc10,Radiators,0.0
UserD,h21_mc10,Floor heating,0.0
UserD,h21_mc10,Induction stove,0.0
UserD,h21_mc10,Gas stove,0.0
UserD,h21_mc10,Gas National Grid,0.0
UserD,h22_mc10,PV sys,0.0
UserD,h22_mc10,National Grid EE,0.0
UserD,h22_mc10,Storage EE,5.7
UserD,h22_mc10,Gas Boiler,0.0
UserD,h22_mc10,HP,0.0
UserD,h22_mc10,AC,0.0
UserD,h22_mc10,Storage HW,0.0
UserD,h22_mc10,Radiators,0.0
UserD,h22_mc10,Floor heating,0.0
UserD,h22_mc10,Induction stove,0.0
UserD,h22_mc10,Gas stove,0.0
UserD,h22_mc10,Gas National Grid,0.0
UserD,h23_mc10,PV sys,0.0
UserD,h23_mc10,National Grid EE,0.0
UserD,h23_mc10,Storage EE,5.7
UserD,h23_mc10,Gas Boiler,0.0
UserD,h23_mc10,HP,0.0
UserD,h23_mc10,AC,0.0
UserD,h23_mc10,Storage HW,0.0
UserD,h23_mc10,Radiators,0.0
UserD,h23_mc10,Floor heating,0.0
UserD,h23_mc10,Induction stove,0.0
UserD,h23_mc10,Gas stove,0.0
UserD,h23_mc10,Gas National Grid,0.0
UserD,h24_mc10,PV sys,0.0
UserD,h24_mc10,National Grid EE,0.0
UserD,h24_mc10,Storage EE,5.7
UserD,h24_mc10,Gas Boiler,0.0
UserD,h24_mc10,HP,0.0
UserD,h24_mc10,AC,0.0
UserD,h24_mc10,Storage HW,0.0
UserD,h24_mc10,Radiators,0.0
UserD,h24_mc10,Floor heating,0.0
UserD,h24_mc10,Induction stove,0.0
UserD,h24_mc10,Gas stove,0.0
UserD,h24_mc10,Gas National Grid,0.0
UserD,h01_mc11,PV sys,0.0
UserD,h01_mc11,National Grid EE,0.0
UserD,h01_mc11,Storage EE,5.7
UserD,h01_mc11,Gas Boiler,0.0
UserD,h01_mc11,HP,0.0
UserD,h01_mc11,AC,0.0
UserD,h01_mc11,Storage HW,0.0
UserD,h01_mc11,Radiators,0.0
UserD,h01_mc11,Floor heating,0.0
UserD,h01_mc11,Induction stove,0.0
UserD,h01_mc11,Gas stove,0.0
UserD,h01_mc11,Gas National Grid,0.0
UserD,h02_mc11,PV sys,0.0
UserD,h02_mc11,National Grid EE,0.0
UserD,h02_mc11,Storage EE,5.524466349999999
UserD,h02_mc11,Gas Boiler,0.0
UserD,h02_mc11,HP,0.0
UserD,h02_mc11,AC,0.0
UserD,h02_mc11,Storage HW,0.0
UserD,h02_mc11,Radiators,0.0
UserD,h02_mc11,Floor heating,0.0
UserD,h02_mc11,Induction stove,0.0
UserD,h02_mc11,Gas stove,0.0
UserD,h02_mc11,Gas National Grid,0.0
UserD,h03_mc11,PV sys,0.0
UserD,h03_mc11,National Grid EE,0.0
UserD,h03_mc11,Storage EE,5.333299516666666
UserD,h03_mc11,Gas Boiler,0.0
UserD,h03_mc11,HP,0.0
UserD,h03_mc11,AC,0.0
UserD,h03_mc11,Storage HW,0.0
UserD,h03_mc11,Radiators,0.0
UserD,h03_mc11,Floor heating,0.0
UserD,h03_mc11,Induction stove,0.0
UserD,h03_mc11,Gas stove,0.0
UserD,h03_mc11,Gas National Grid,0.0
UserD,h04_mc11,PV sys,0.0
UserD,h04_mc11,National Grid EE,0.0
UserD,h04_mc11,Storage EE,5.154382833333333
UserD,h04_mc11,Gas Boiler,0.0
UserD,h04_mc11,HP,0.0
UserD,h04_mc11,AC,0.0
UserD,h04_mc11,Storage HW,0.0
UserD,h04_mc11,Radiators,0.0
UserD,h04_mc11,Floor heating,0.0
UserD,h04_mc11,Induction stove,0.0
UserD,h04_mc11,Gas stove,0.0
UserD,h04_mc11,Gas National Grid,0.0
UserD,h05_mc11,PV sys,0.0
UserD,h05_mc11,National Grid EE,0.0
UserD,h05_mc11,Storage EE,5.154382833333333
UserD,h05_mc11,Gas Boiler,0.0
UserD,h05_mc11,HP,0.0
UserD,h05_mc11,AC,0.0
UserD,h05_mc11,Storage HW,0.0
UserD,h05_mc11,Radiators,0.0
UserD,h05_mc11,Floor heating,0.0
UserD,h05_mc11,Induction stove,0.0
UserD,h05_mc11,Gas stove,0.0
UserD,h05_mc11,Gas National Grid,0.0
UserD,h06_mc11,PV sys,0.0
UserD,h06_mc11,National Grid EE,0.0
UserD,h06_mc11,Storage EE,5.154382833333333
UserD,h06_mc11,Gas Boiler,0.0
UserD,h06_mc11,HP,0.0
UserD,h06_mc11,AC,0.0
UserD,h06_mc11,Storage HW,0.0
UserD,h06_mc11,Radiators,0.0
UserD,h06_mc11,Floor heating,0.0
UserD,h06_mc11,Induction stove,0.0
UserD,h06_mc11,Gas stove,0.0
UserD,h06_mc11,Gas National Grid,0.0
UserD,h07_mc11,PV sys,0.0
UserD,h07_mc11,National Grid EE,0.0
UserD,h07_mc11,Storage EE,5.154382833333333
UserD,h07_mc11,Gas Boiler,0.0
UserD,h07_mc11,HP,0.0
UserD,h07_mc11,AC,0.0
UserD,h07_mc11,Storage HW,0.0
UserD,h07_mc11,Radiators,0.0
UserD,h07_mc11,Floor heating,0.0
UserD,h07_mc11,Induction stove,0.0
UserD,h07_mc11,Gas stove,0.0
UserD,h07_mc11,Gas National Grid,0.0
UserD,h08_mc11,PV sys,0.0
UserD,h08_mc11,National Grid EE,0.0
UserD,h08_mc11,Storage EE,5.084256516666666
UserD,h08_mc11,Gas Boiler,0.0
UserD,h08_mc11,HP,0.0
UserD,h08_mc11,AC,0.0
UserD,h08_mc11,Storage HW,0.0
UserD,h08_mc11,Radiators,0.0
UserD,h08_mc11,Floor heating,0.0
UserD,h08_mc11,Induction stove,0.0
UserD,h08_mc11,Gas stove,0.0
UserD,h08_mc11,Gas National Grid,0.0
UserD,h09_mc11,PV sys,0.0
UserD,h09_mc11,National Grid EE,0.0
UserD,h09_mc11,Storage EE,5.165477916666665
UserD,h09_mc11,Gas Boiler,0.0
UserD,h09_mc11,HP,0.0
UserD,h09_mc11,AC,0.0
UserD,h09_mc11,Storage HW,0.0
UserD,h09_mc11,Radiators,0.0
UserD,h09_mc11,Floor heating,0.0
UserD,h09_mc11,Induction stove,0.0
UserD,h09_mc11,Gas stove,0.0
UserD,h09_mc11,Gas National Grid,0.0
UserD,h10_mc11,PV sys,0.0
UserD,h10_mc11,National Grid EE,0.0
UserD,h10_mc11,Storage EE,5.043857616666665
UserD,h10_mc11,Gas Boiler,0.0
UserD,h10_mc11,HP,0.0
UserD,h10_mc11,AC,0.0
UserD,h10_mc11,Storage HW,0.0
UserD,h10_mc11,Radiators,0.0
UserD,h10_mc11,Floor heating,0.0
UserD,h10_mc11,Induction stove,0.0
UserD,h10_mc11,Gas stove,0.0
UserD,h10_mc11,Gas National Grid,0.0
UserD,h11_mc11,PV sys,0.0
UserD,h11_mc11,National Grid EE,0.0
UserD,h11_mc11,Storage EE,4.585312816666665
UserD,h11_mc11,Gas Boiler,0.0
UserD,h11_mc11,HP,0.0
UserD,h11_mc11,AC,0.0
UserD,h11_mc11,Storage HW,0.0
UserD,h11_mc11,Radiators,0.0
UserD,h11_mc11,Floor heating,0.0
UserD,h11_mc11,Induction stove,0.0
UserD,h11_mc11,Gas stove,0.0
UserD,h11_mc11,Gas National Grid,0.0
UserD,h12_mc11,PV sys,0.0
UserD,h12_mc11,National Grid EE,0.0
UserD,h12_mc11,Storage EE,4.337386599999995
UserD,h12_mc11,Gas Boiler,0.0
UserD,h12_mc11,HP,0.0
UserD,h12_mc11,AC,0.0
UserD,h12_mc11,Storage HW,0.0
UserD,h12_mc11,Radiators,0.0
UserD,h12_mc11,Floor heating,0.0
UserD,h12_mc11,Induction stove,0.0
UserD,h12_mc11,Gas stove,0.0
UserD,h12_mc11,Gas National Grid,0.0
UserD,h13_mc11,PV sys,0.0
UserD,h13_mc11,National Grid EE,0.0
UserD,h13_mc11,Storage EE,2.8212672999999975
UserD,h13_mc11,Gas Boiler,0.0
UserD,h13_mc11,HP,0.0
UserD,h13_mc11,AC,0.0
UserD,h13_mc11,Storage HW,0.0
UserD,h13_mc11,Radiators,0.0
UserD,h13_mc11,Floor heating,0.0
UserD,h13_mc11,Induction stove,0.0
UserD,h13_mc11,Gas stove,0.0
UserD,h13_mc11,Gas National Grid,0.0
UserD,h14_mc11,PV sys,0.0
UserD,h14_mc11,National Grid EE,0.0
UserD,h14_mc11,Storage EE,2.876865549999997
UserD,h14_mc11,Gas Boiler,0.0
UserD,h14_mc11,HP,0.0
UserD,h14_mc11,AC,0.0
UserD,h14_mc11,Storage HW,0.0
UserD,h14_mc11,Radiators,0.0
UserD,h14_mc11,Floor heating,0.0
UserD,h14_mc11,Induction stove,0.0
UserD,h14_mc11,Gas stove,0.0
UserD,h14_mc11,Gas National Grid,0.0
UserD,h15_mc11,PV sys,0.0
UserD,h15_mc11,National Grid EE,0.0
UserD,h15_mc11,Storage EE,2.8978398666666636
UserD,h15_mc11,Gas Boiler,0.0
UserD,h15_mc11,HP,0.0
UserD,h15_mc11,AC,0.0
UserD,h15_mc11,Storage HW,0.0
UserD,h15_mc11,Radiators,0.0
UserD,h15_mc11,Floor heating,0.0
UserD,h15_mc11,Induction stove,0.0
UserD,h15_mc11,Gas stove,0.0
UserD,h15_mc11,Gas National Grid,0.0
UserD,h16_mc11,PV sys,0.0
UserD,h16_mc11,National Grid EE,0.0
UserD,h16_mc11,Storage EE,2.8730148166666636
UserD,h16_mc11,Gas Boiler,0.0
UserD,h16_mc11,HP,0.0
UserD,h16_mc11,AC,0.0
UserD,h16_mc11,Storage HW,0.0
UserD,h16_mc11,Radiators,0.0
UserD,h16_mc11,Floor heating,0.0
UserD,h16_mc11,Induction stove,0.0
UserD,h16_mc11,Gas stove,0.0
UserD,h16_mc11,Gas National Grid,0.0
UserD,h17_mc11,PV sys,0.0
UserD,h17_mc11,National Grid EE,0.0
UserD,h17_mc11,Storage EE,2.8730148166666636
UserD,h17_mc11,Gas Boiler,0.0
UserD,h17_mc11,HP,0.0
UserD,h17_mc11,AC,0.0
UserD,h17_mc11,Storage HW,0.0
UserD,h17_mc11,Radiators,0.0
UserD,h17_mc11,Floor heating,0.0
UserD,h17_mc11,Induction stove,0.0
UserD,h17_mc11,Gas stove,0.0
UserD,h17_mc11,Gas National Grid,0.0
UserD,h18_mc11,PV sys,0.0
UserD,h18_mc11,National Grid EE,0.0
UserD,h18_mc11,Storage EE,2.8730148166666636
UserD,h18_mc11,Gas Boiler,0.0
UserD,h18_mc11,HP,0.0
UserD,h18_mc11,AC,0.0
UserD,h18_mc11,Storage HW,0.0
UserD,h18_mc11,Radiators,0.0
UserD,h18_mc11,Floor heating,0.0
UserD,h18_mc11,Induction stove,0.0
UserD,h18_mc11,Gas stove,0.0
UserD,h18_mc11,Gas National Grid,0.0
UserD,h19_mc11,PV sys,0.0
UserD,h19_mc11,National Grid EE,0.0
UserD,h19_mc11,Storage EE,2.8730148166666636
UserD,h19_mc11,Gas Boiler,0.0
UserD,h19_mc11,HP,0.0
UserD,h19_mc11,AC,0.0
UserD,h19_mc11,Storage HW,0.0
UserD,h19_mc11,Radiators,0.0
UserD,h19_mc11,Floor heating,0.0
UserD,h19_mc11,Induction stove,0.0
UserD,h19_mc11,Gas stove,0.0
UserD,h19_mc11,Gas National Grid,0.0
UserD,h20_mc11,PV sys,0.0
UserD,h20_mc11,National Grid EE,0.0
UserD,h20_mc11,Storage EE,1.9584606833333305
UserD,h20_mc11,Gas Boiler,0.0
UserD,h20_mc11,HP,0.0
UserD,h20_mc11,AC,0.0
UserD,h20_mc11,Storage HW,0.0
UserD,h20_mc11,Radiators,0.0
UserD,h20_mc11,Floor heating,0.0
UserD,h20_mc11,Induction stove,0.0
UserD,h20_mc11,Gas stove,0.0
UserD,h20_mc11,Gas National Grid,0.0
UserD,h21_mc11,PV sys,0.0
UserD,h21_mc11,National Grid EE,0.0
UserD,h21_mc11,Storage EE,1.9584606833333305
UserD,h21_mc11,Gas Boiler,0.0
UserD,h21_mc11,HP,0.0
UserD,h21_mc11,AC,0.0
UserD,h21_mc11,Storage HW,0.0
UserD,h21_mc11,Radiators,0.0
UserD,h21_mc11,Floor heating,0.0
UserD,h21_mc11,Induction stove,0.0
UserD,h21_mc11,Gas stove,0.0
UserD,h21_mc11,Gas National Grid,0.0
UserD,h22_mc11,PV sys,0.0
UserD,h22_mc11,National Grid EE,0.0
UserD,h22_mc11,Storage EE,1.0165250666666665
UserD,h22_mc11,Gas Boiler,0.0
UserD,h22_mc11,HP,0.0
UserD,h22_mc11,AC,0.0
UserD,h22_mc11,Storage HW,0.0
UserD,h22_mc11,Radiators,0.0
UserD,h22_mc11,Floor heating,0.0
UserD,h22_mc11,Induction stove,0.0
UserD,h22_mc11,Gas stove,0.0
UserD,h22_mc11,Gas National Grid,0.0
UserD,h23_mc11,PV sys,0.0
UserD,h23_mc11,National Grid EE,0.0
UserD,h23_mc11,Storage EE,1.0165250666666665
UserD,h23_mc11,Gas Boiler,0.0
UserD,h23_mc11,HP,0.0
UserD,h23_mc11,AC,0.0
UserD,h23_mc11,Storage HW,0.0
UserD,h23_mc11,Radiators,0.0
UserD,h23_mc11,Floor heating,0.0
UserD,h23_mc11,Induction stove,0.0
UserD,h23_mc11,Gas stove,0.0
UserD,h23_mc11,Gas National Grid,0.0
UserD,h24_mc11,PV sys,0.0
UserD,h24_mc11,National Grid EE,0.0
UserD,h24_mc11,Storage EE,0.6
UserD,h24_mc11,Gas Boiler,0.0
UserD,h24_mc11,HP,0.0
UserD,h24_mc11,AC,0.0
UserD,h24_mc11,Storage HW,0.0
UserD,h24_mc11,Radiators,0.0
UserD,h24_mc11,Floor heating,0.0
UserD,h24_mc11,Induction stove,0.0
UserD,h24_mc11,Gas stove,0.0
UserD,h24_mc11,Gas National Grid,0.0
UserD,h01_mc12,PV sys,0.0
UserD,h01_mc12,National Grid EE,0.0
UserD,h01_mc12,Storage EE,0.6
UserD,h01_mc12,Gas Boiler,0.0
UserD,h01_mc12,HP,0.0
UserD,h01_mc12,AC,0.0
UserD,h01_mc12,Storage HW,0.0
UserD,h01_mc12,Radiators,0.0
UserD,h01_mc12,Floor heating,0.0
UserD,h01_mc12,Induction stove,0.0
UserD,h01_mc12,Gas stove,0.0
UserD,h01_mc12,Gas National Grid,0.0
UserD,h02_mc12,PV sys,0.0
UserD,h02_mc12,National Grid EE,0.0
UserD,h02_mc12,Storage EE,0.6
UserD,h02_mc12,Gas Boiler,0.0
UserD,h02_mc12,HP,0.0
UserD,h02_mc12,AC,0.0
UserD,h02_mc12,Storage HW,0.0
UserD,h02_mc12,Radiators,0.0
UserD,h02_mc12,Floor heating,0.0
UserD,h02_mc12,Induction stove,0.0
UserD,h02_mc12,Gas stove,0.0
UserD,h02_mc12,Gas National Grid,0.0
UserD,h03_mc12,PV sys,0.0
UserD,h03_mc12,National Grid EE,0.0
UserD,h03_mc12,Storage EE,0.6
UserD,h03_mc12,Gas Boiler,0.0
UserD,h03_mc12,HP,0.0
UserD,h03_mc12,AC,0.0
UserD,h03_mc12,Storage HW,0.0
UserD,h03_mc12,Radiators,0.0
UserD,h03_mc12,Floor heating,0.0
UserD,h03_mc12,Induction stove,0.0
UserD,h03_mc12,Gas stove,0.0
UserD,h03_mc12,Gas National Grid,0.0
UserD,h04_mc12,PV sys,0.0
UserD,h04_mc12,National Grid EE,0.0
UserD,h04_mc12,Storage EE,0.6
UserD,h04_mc12,Gas Boiler,0.0
UserD,h04_mc12,HP,0.0
UserD,h04_mc12,AC,0.0
UserD,h04_mc12,Storage HW,0.0
UserD,h04_mc12,Radiators,0.0
UserD,h04_mc12,Floor heating,0.0
UserD,h04_mc12,Induction stove,0.0
UserD,h04_mc12,Gas stove,0.0
UserD,h04_mc12,Gas National Grid,0.0
UserD,h05_mc12,PV sys,0.0
UserD,h05_mc12,National Grid EE,0.0
UserD,h05_mc12,Storage EE,0.6
UserD,h05_mc12,Gas Boiler,0.0
UserD,h05_mc12,HP,0.0
UserD,h05_mc12,AC,0.0
UserD,h05_mc12,Storage HW,0.0
UserD,h05_mc12,Radiators,0.0
UserD,h05_mc12,Floor heating,0.0
UserD,h05_mc12,Induction stove,0.0
UserD,h05_mc12,Gas stove,0.0
UserD,h05_mc12,Gas National Grid,0.0
UserD,h06_mc12,PV sys,0.0
UserD,h06_mc12,National Grid EE,0.0
UserD,h06_mc12,Storage EE,0.6
UserD,h06_mc12,Gas Boiler,0.0
UserD,h06_mc12,HP,0.0
UserD,h06_mc12,AC,0.0
UserD,h06_mc12,Storage HW,0.0
UserD,h06_mc12,Radiators,0.0
UserD,h06_mc12,Floor heating,0.0
UserD,h06_mc12,Induction stove,0.0
UserD,h06_mc12,Gas stove,0.0
UserD,h06_mc12,Gas National Grid,0.0
UserD,h07_mc12,PV sys,0.0
UserD,h07_mc12,National Grid EE,0.0
UserD,h07_mc12,Storage EE,0.6431499500000006
UserD,h07_mc12,Gas Boiler,0.0
UserD,h07_mc12,HP,0.0
UserD,h07_mc12,AC,0.0
UserD,h07_mc12,Storage HW,0.0
UserD,h07_mc12,Radiators,0.0
UserD,h07_mc12,Floor heating,0.0
UserD,h07_mc12,Induction stove,0.0
UserD,h07_mc12,Gas stove,0.0
UserD,h07_mc12,Gas National Grid,0.0
UserD,h08_mc12,PV sys,0.0
UserD,h08_mc12,National Grid EE,0.0
UserD,h08_mc12,Storage EE,0.7285743888888889
UserD,h08_mc12,Gas Boiler,0.0
UserD,h08_mc12,HP,0.0
UserD,h08_mc12,AC,0.0
UserD,h08_mc12,Storage HW,0.0
UserD,h08_mc12,Radiators,0.0
UserD,h08_mc12,Floor heating,0.0
UserD,h08_mc12,Induction stove,0.0
UserD,h08_mc12,Gas stove,0.0
UserD,h08_mc12,Gas National Grid,0.0
UserD,h09_mc12,PV sys,0.0
UserD,h09_mc12,National Grid EE,0.0
UserD,h09_mc12,Storage EE,0.6
UserD,h09_mc12,Gas Boiler,0.0
UserD,h09_mc12,HP,0.0
UserD,h09_mc12,AC,0.0
UserD,h09_mc12,Storage HW,0.0
UserD,h09_mc12,Radiators,0.0
UserD,h09_mc12,Floor heating,0.0
UserD,h09_mc12,Induction stove,0.0
UserD,h09_mc12,Gas stove,0.0
UserD,h09_mc12,Gas National Grid,0.0
UserD,h10_mc12,PV sys,0.0
UserD,h10_mc12,National Grid EE,0.0
UserD,h10_mc12,Storage EE,1.1619593277777793
UserD,h10_mc12,Gas Boiler,0.0
UserD,h10_mc12,HP,0.0
UserD,h10_mc12,AC,0.0
UserD,h10_mc12,Storage HW,0.0
UserD,h10_mc12,Radiators,0.0
UserD,h10_mc12,Floor heating,0.0
UserD,h10_mc12,Induction stove,0.0
UserD,h10_mc12,Gas stove,0.0
UserD,h10_mc12,Gas National Grid,0.0
UserD,h11_mc12,PV sys,0.0
UserD,h11_mc12,National Grid EE,0.0
UserD,h11_mc12,Storage EE,2.846284505555558
UserD,h11_mc12,Gas Boiler,0.0
UserD,h11_mc12,HP,0.0
UserD,h11_mc12,AC,0.0
UserD,h11_mc12,Storage HW,0.0
UserD,h11_mc12,Radiators,0.0
UserD,h11_mc12,Floor heating,0.0
UserD,h11_mc12,Induction stove,0.0
UserD,h11_mc12,Gas stove,0.0
UserD,h11_mc12,Gas National Grid,0.0
UserD,h12_mc12,PV sys,0.0
UserD,h12_mc12,National Grid EE,0.0
UserD,h12_mc12,Storage EE,2.052117327777775
UserD,h12_mc12,Gas Boiler,0.0
UserD,h12_mc12,HP,0.0
UserD,h12_mc12,AC,0.0
UserD,h12_mc12,Storage HW,0.0
UserD,h12_mc12,Radiators,0.0
UserD,h12_mc12,Floor heating,0.0
UserD,h12_mc12,Induction stove,0.0
UserD,h12_mc12,Gas stove,0.0
UserD,h12_mc12,Gas National Grid,0.0
UserD,h13_mc12,PV sys,0.0
UserD,h13_mc12,National Grid EE,0.0
UserD,h13_mc12,Storage EE,4.005958555555554
UserD,h13_mc12,Gas Boiler,0.0
UserD,h13_mc12,HP,0.0
UserD,h13_mc12,AC,0.0
UserD,h13_mc12,Storage HW,0.0
UserD,h13_mc12,Radiators,0.0
UserD,h13_mc12,Floor heating,0.0
UserD,h13_mc12,Induction stove,0.0
UserD,h13_mc12,Gas stove,0.0
UserD,h13_mc12,Gas National Grid,0.0
UserD,h14_mc12,PV sys,0.0
UserD,h14_mc12,National Grid EE,0.0
UserD,h14_mc12,Storage EE,5.7
UserD,h14_mc12,Gas Boiler,0.0
UserD,h14_mc12,HP,0.0
UserD,h14_mc12,AC,0.0
UserD,h14_mc12,Storage HW,0.0
UserD,h14_mc12,Radiators,0.0
UserD,h14_mc12,Floor heating,0.0
UserD,h14_mc12,Induction stove,0.0
UserD,h14_mc12,Gas stove,0.0
UserD,h14_mc12,Gas National Grid,0.0
UserD,h15_mc12,PV sys,0.0
UserD,h15_mc12,National Grid EE,0.0
UserD,h15_mc12,Storage EE,5.7
UserD,h15_mc12,Gas Boiler,0.0
UserD,h15_mc12,HP,0.0
UserD,h15_mc12,AC,0.0
UserD,h15_mc12,Storage HW,0.0
UserD,h15_mc12,Radiators,0.0
UserD,h15_mc12,Floor heating,0.0
UserD,h15_mc12,Induction stove,0.0
UserD,h15_mc12,Gas stove,0.0
UserD,h15_mc12,Gas National Grid,0.0
UserD,h16_mc12,PV sys,0.0
UserD,h16_mc12,National Grid EE,0.0
UserD,h16_mc12,Storage EE,5.7
UserD,h16_mc12,Gas Boiler,0.0
UserD,h16_mc12,HP,0.0
UserD,h16_mc12,AC,0.0
UserD,h16_mc12,Storage HW,0.0
UserD,h16_mc12,Radiators,0.0
UserD,h16_mc12,Floor heating,0.0
UserD,h16_mc12,Induction stove,0.0
UserD,h16_mc12,Gas stove,0.0
UserD,h16_mc12,Gas National Grid,0.0
UserD,h17_mc12,PV sys,0.0
UserD,h17_mc12,National Grid EE,0.0
UserD,h17_mc12,Storage EE,5.1361508555555515
UserD,h17_mc12,Gas Boiler,0.0
UserD,h17_mc12,HP,0.0
UserD,h17_mc12,AC,0.0
UserD,h17_mc12,Storage HW,0.0
UserD,h17_mc12,Radiators,0.0
UserD,h17_mc12,Floor heating,0.0
UserD,h17_mc12,Induction stove,0.0
UserD,h17_mc12,Gas stove,0.0
UserD,h17_mc12,Gas National Grid,0.0
UserD,h18_mc12,PV sys,0.0
UserD,h18_mc12,National Grid EE,0.0
UserD,h18_mc12,Storage EE,3.4159952999999965
UserD,h18_mc12,Gas Boiler,0.0
UserD,h18_mc12,HP,0.0
UserD,h18_mc12,AC,0.0
UserD,h18_mc12,Storage HW,0.0
UserD,h18_mc12,Radiators,0.0
UserD,h18_mc12,Floor heating,0.0
UserD,h18_mc12,Induction stove,0.0
UserD,h18_mc12,Gas stove,0.0
UserD,h18_mc12,Gas National Grid,0.0
UserD,h19_mc12,PV sys,0.0
UserD,h19_mc12,National Grid EE,0.0
UserD,h19_mc12,Storage EE,3.162327749999996
UserD,h19_mc12,Gas Boiler,0.0
UserD,h19_mc12,HP,0.0
UserD,h19_mc12,AC,0.0
UserD,h19_mc12,Storage HW,0.0
UserD,h19_mc12,Radiators,0.0
UserD,h19_mc12,Floor heating,0.0
UserD,h19_mc12,Induction stove,0.0
UserD,h19_mc12,Gas stove,0.0
UserD,h19_mc12,Gas National Grid,0.0
UserD,h20_mc12,PV sys,0.0
UserD,h20_mc12,National Grid EE,0.0
UserD,h20_mc12,Storage EE,2.9150750666666627
UserD,h20_mc12,Gas Boiler,0.0
UserD,h20_mc12,HP,0.0
UserD,h20_mc12,AC,0.0
UserD,h20_mc12,Storage HW,0.0
UserD,h20_mc12,Radiators,0.0
UserD,h20_mc12,Floor heating,0.0
UserD,h20_mc12,Induction stove,0.0
UserD,h20_mc12,Gas stove,0.0
UserD,h20_mc12,Gas National Grid,0.0
UserD,h21_mc12,PV sys,0.0
UserD,h21_mc12,National Grid EE,0.0
UserD,h21_mc12,Storage EE,2.4951609499999963
UserD,h21_mc12,Gas Boiler,0.0
UserD,h21_mc12,HP,0.0
UserD,h21_mc12,AC,0.0
UserD,h21_mc12,Storage HW,0.0
UserD,h21_mc12,Radiators,0.0
UserD,h21_mc12,Floor heating,0.0
UserD,h21_mc12,Induction stove,0.0
UserD,h21_mc12,Gas stove,0.0
UserD,h21_mc12,Gas National Grid,0.0
UserD,h22_mc12,PV sys,0.0
UserD,h22_mc12,National Grid EE,0.0
UserD,h22_mc12,Storage EE,1.622194949999999
UserD,h22_mc12,Gas Boiler,0.0
UserD,h22_mc12,HP,0.0
UserD,h22_mc12,AC,0.0
UserD,h22_mc12,Storage HW,0.0
UserD,h22_mc12,Radiators,0.0
UserD,h22_mc12,Floor heating,0.0
UserD,h22_mc12,Induction stove,0.0
UserD,h22_mc12,Gas stove,0.0
UserD,h22_mc12,Gas National Grid,0.0
UserD,h23_mc12,PV sys,0.0
UserD,h23_mc12,National Grid EE,0.0
UserD,h23_mc12,Storage EE,0.8612751166666666
UserD,h23_mc12,Gas Boiler,0.0
UserD,h23_mc12,HP,0.0
UserD,h23_mc12,AC,0.0
UserD,h23_mc12,Storage HW,0.0
UserD,h23_mc12,Radiators,0.0
UserD,h23_mc12,Floor heating,0.0
UserD,h23_mc12,Induction stove,0.0
UserD,h23_mc12,Gas stove,0.0
UserD,h23_mc12,Gas National Grid,0.0
UserD,h24_mc12,PV sys,0.0
UserD,h24_mc12,National Grid EE,0.0
UserD,h24_mc12,Storage EE,0.6
UserD,h24_mc12,Gas Boiler,0.0
UserD,h24_mc12,HP,0.0
UserD,h24_mc12,AC,0.0
UserD,h24_mc12,Storage HW,0.0
UserD,h24_mc12,Radiators,0.0
UserD,h24_mc12,Floor heating,0.0
UserD,h24_mc12,Induction stove,0.0
UserD,h24_mc12,Gas stove,0.0
UserD,h24_mc12,Gas National Grid,0.0
UserD,h01_mc13,PV sys,0.0
UserD,h01_mc13,National Grid EE,0.0
UserD,h01_mc13,Storage EE,0.6
UserD,h01_mc13,Gas Boiler,0.0
UserD,h01_mc13,HP,0.0
UserD,h01_mc13,AC,0.0
UserD,h01_mc13,Storage HW,0.0
UserD,h01_mc13,Radiators,0.0
UserD,h01_mc13,Floor heating,0.0
UserD,h01_mc13,Induction stove,0.0
UserD,h01_mc13,Gas stove,0.0
UserD,h01_mc13,Gas National Grid,0.0
UserD,h02_mc13,PV sys,0.0
UserD,h02_mc13,National Grid EE,0.0
UserD,h02_mc13,Storage EE,0.6
UserD,h02_mc13,Gas Boiler,0.0
UserD,h02_mc13,HP,0.0
UserD,h02_mc13,AC,0.0
UserD,h02_mc13,Storage HW,0.0
UserD,h02_mc13,Radiators,0.0
UserD,h02_mc13,Floor heating,0.0
UserD,h02_mc13,Induction stove,0.0
UserD,h02_mc13,Gas stove,0.0
UserD,h02_mc13,Gas National Grid,0.0
UserD,h03_mc13,PV sys,0.0
UserD,h03_mc13,National Grid EE,0.0
UserD,h03_mc13,Storage EE,0.6
UserD,h03_mc13,Gas Boiler,0.0
UserD,h03_mc13,HP,0.0
UserD,h03_mc13,AC,0.0
UserD,h03_mc13,Storage HW,0.0
UserD,h03_mc13,Radiators,0.0
UserD,h03_mc13,Floor heating,0.0
UserD,h03_mc13,Induction stove,0.0
UserD,h03_mc13,Gas stove,0.0
UserD,h03_mc13,Gas National Grid,0.0
UserD,h04_mc13,PV sys,0.0
UserD,h04_mc13,National Grid EE,0.0
UserD,h04_mc13,Storage EE,0.6
UserD,h04_mc13,Gas Boiler,0.0
UserD,h04_mc13,HP,0.0
UserD,h04_mc13,AC,0.0
UserD,h04_mc13,Storage HW,0.0
UserD,h04_mc13,Radiators,0.0
UserD,h04_mc13,Floor heating,0.0
UserD,h04_mc13,Induction stove,0.0
UserD,h04_mc13,Gas stove,0.0
UserD,h04_mc13,Gas National Grid,0.0
UserD,h05_mc13,PV sys,0.0
UserD,h05_mc13,National Grid EE,0.0
UserD,h05_mc13,Storage EE,0.6
UserD,h05_mc13,Gas Boiler,0.0
UserD,h05_mc13,HP,0.0
UserD,h05_mc13,AC,0.0
UserD,h05_mc13,Storage HW,0.0
UserD,h05_mc13,Radiators,0.0
UserD,h05_mc13,Floor heating,0.0
UserD,h05_mc13,Induction stove,0.0
UserD,h05_mc13,Gas stove,0.0
UserD,h05_mc13,Gas National Grid,0.0
UserD,h06_mc13,PV sys,0.0
UserD,h06_mc13,National Grid EE,0.0
UserD,h06_mc13,Storage EE,0.6
UserD,h06_mc13,Gas Boiler,0.0
UserD,h06_mc13,HP,0.0
UserD,h06_mc13,AC,0.0
UserD,h06_mc13,Storage HW,0.0
UserD,h06_mc13,Radiators,0.0
UserD,h06_mc13,Floor heating,0.0
UserD,h06_mc13,Induction stove,0.0
UserD,h06_mc13,Gas stove,0.0
UserD,h06_mc13,Gas National Grid,0.0
UserD,h07_mc13,PV sys,0.0
UserD,h07_mc13,National Grid EE,0.0
UserD,h07_mc13,Storage EE,0.629124766665973
UserD,h07_mc13,Gas Boiler,0.0
UserD,h07_mc13,HP,0.0
UserD,h07_mc13,AC,0.0
UserD,h07_mc13,Storage HW,0.0
UserD,h07_mc13,Radiators,0.0
UserD,h07_mc13,Floor heating,0.0
UserD,h07_mc13,Induction stove,0.0
UserD,h07_mc13,Gas stove,0.0
UserD,h07_mc13,Gas National Grid,0.0
UserD,h08_mc13,PV sys,0.0
UserD,h08_mc13,National Grid EE,0.0
UserD,h08_mc13,Storage EE,1.0172325722222224
UserD,h08_mc13,Gas Boiler,0.0
UserD,h08_mc13,HP,0.0
UserD,h08_mc13,AC,0.0
UserD,h08_mc13,Storage HW,0.0
UserD,h08_mc13,Radiators,0.0
UserD,h08_mc13,Floor heating,0.0
UserD,h08_mc13,Induction stove,0.0
UserD,h08_mc13,Gas stove,0.0
UserD,h08_mc13,Gas National Grid,0.0
UserD,h09_mc13,PV sys,0.0
UserD,h09_mc13,National Grid EE,0.0
UserD,h09_mc13,Storage EE,0.6
UserD,h09_mc13,Gas Boiler,0.0
UserD,h09_mc13,HP,0.0
UserD,h09_mc13,AC,0.0
UserD,h09_mc13,Storage HW,0.0
UserD,h09_mc13,Radiators,0.0
UserD,h09_mc13,Floor heating,0.0
UserD,h09_mc13,Induction stove,0.0
UserD,h09_mc13,Gas stove,0.0
UserD,h09_mc13,Gas National Grid,0.0
UserD,h10_mc13,PV sys,0.0
UserD,h10_mc13,National Grid EE,0.0
UserD,h10_mc13,Storage EE,0.9075249000105974
UserD,h10_mc13,Gas Boiler,0.0
UserD,h10_mc13,HP,0.0
UserD,h10_mc13,AC,0.0
UserD,h10_mc13,Storage HW,0.0
UserD,h10_mc13,Radiators,0.0
UserD,h10_mc13,Floor heating,0.0
UserD,h10_mc13,Induction stove,0.0
UserD,h10_mc13,Gas stove,0.0
UserD,h10_mc13,Gas National Grid,0.0
UserD,h11_mc13,PV sys,0.0
UserD,h11_mc13,National Grid EE,0.0
UserD,h11_mc13,Storage EE,2.7141983666757508
UserD,h11_mc13,Gas Boiler,0.0
UserD,h11_mc13,HP,0.0
UserD,h11_mc13,AC,0.0
UserD,h11_mc13,Storage HW,0.0
UserD,h11_mc13,Radiators,0.0
UserD,h11_mc13,Floor heating,0.0
UserD,h11_mc13,Induction stove,0.0
UserD,h11_mc13,Gas stove,0.0
UserD,h11_mc13,Gas National Grid,0.0
UserD,h12_mc13,PV sys,0.0
UserD,h12_mc13,National Grid EE,0.0
UserD,h12_mc13,Storage EE,4.324522649999999
UserD,h12_mc13,Gas Boiler,0.0
UserD,h12_mc13,HP,0.0
UserD,h12_mc13,AC,0.0
UserD,h12_mc13,Storage HW,0.0
UserD,h12_mc13,Radiators,0.0
UserD,h12_mc13,Floor heating,0.0
UserD,h12_mc13,Induction stove,0.0
UserD,h12_mc13,Gas stove,0.0
UserD,h12_mc13,Gas National Grid,0.0
UserD,h13_mc13,PV sys,0.0
UserD,h13_mc13,National Grid EE,0.0
UserD,h13_mc13,Storage EE,5.303044699999998
UserD,h13_mc13,Gas Boiler,0.0
UserD,h13_mc13,HP,0.0
UserD,h13_mc13,AC,0.0
UserD,h13_mc13,Storage HW,0.0
UserD,h13_mc13,Radiators,0.0
UserD,h13_mc13,Floor heating,0.0
UserD,h13_mc13,Induction stove,0.0
UserD,h13_mc13,Gas stove,0.0
UserD,h13_mc13,Gas National Grid,0.0
UserD,h14_mc13,PV sys,0.0
UserD,h14_mc13,National Grid EE,0.0
UserD,h14_mc13,Storage EE,5.0673090499999995
UserD,h14_mc13,Gas Boiler,0.0
UserD,h14_mc13,HP,0.0
UserD,h14_mc13,AC,0.0
UserD,h14_mc13,Storage HW,0.0
UserD,h14_mc13,Radiators,0.0
UserD,h14_mc13,Floor heating,0.0
UserD,h14_mc13,Induction stove,0.0
UserD,h14_mc13,Gas stove,0.0
UserD,h14_mc13,Gas National Grid,0.0
UserD,h15_mc13,PV sys,0.0
UserD,h15_mc13,National Grid EE,0.0
UserD,h15_mc13,Storage EE,5.51335
UserD,h15_mc13,Gas Boiler,0.0
UserD,h15_mc13,HP,0.0
UserD,h15_mc13,AC,0.0
UserD,h15_mc13,Storage HW,0.0
UserD,h15_mc13,Radiators,0.0
UserD,h15_mc13,Floor heating,0.0
UserD,h15_mc13,Induction stove,0.0
UserD,h15_mc13,Gas stove,0.0
UserD,h15_mc13,Gas National Grid,0.0
UserD,h16_mc13,PV sys,0.0
UserD,h16_mc13,National Grid EE,0.0
UserD,h16_mc13,Storage EE,5.7
UserD,h16_mc13,Gas Boiler,0.0
UserD,h16_mc13,HP,0.0
UserD,h16_mc13,AC,0.0
UserD,h16_mc13,Storage HW,0.0
UserD,h16_mc13,Radiators,0.0
UserD,h16_mc13,Floor heating,0.0
UserD,h16_mc13,Induction stove,0.0
UserD,h16_mc13,Gas stove,0.0
UserD,h16_mc13,Gas National Grid,0.0
UserD,h17_mc13,PV sys,0.0
UserD,h17_mc13,National Grid EE,0.0
UserD,h17_mc13,Storage EE,5.694458316658435
UserD,h17_mc13,Gas Boiler,0.0
UserD,h17_mc13,HP,0.0
UserD,h17_mc13,AC,0.0
UserD,h17_mc13,Storage HW,0.0
UserD,h17_mc13,Radiators,0.0
UserD,h17_mc13,Floor heating,0.0
UserD,h17_mc13,Induction stove,0.0
UserD,h17_mc13,Gas stove,0.0
UserD,h17_mc13,Gas National Grid,0.0
UserD,h18_mc13,PV sys,0.0
UserD,h18_mc13,National Grid EE,0.0
UserD,h18_mc13,Storage EE,5.4609832499674935
UserD,h18_mc13,Gas Boiler,0.0
UserD,h18_mc13,HP,0.0
UserD,h18_mc13,AC,0.0
UserD,h18_mc13,Storage HW,0.0
UserD,h18_mc13,Radiators,0.0
UserD,h18_mc13,Floor heating,0.0
UserD,h18_mc13,Induction stove,0.0
UserD,h18_mc13,Gas stove,0.0
UserD,h18_mc13,Gas National Grid,0.0
UserD,h19_mc13,PV sys,0.0
UserD,h19_mc13,National Grid EE,0.0
UserD,h19_mc13,Storage EE,5.4609832499674935
UserD,h19_mc13,Gas Boiler,0.0
UserD,h19_mc13,HP,0.0
UserD,h19_mc13,AC,0.0
UserD,h19_mc13,Storage HW,0.0
UserD,h19_mc13,Radiators,0.0
UserD,h19_mc13,Floor heating,0.0
UserD,h19_mc13,Induction stove,0.0
UserD,h19_mc13,Gas stove,0.0
UserD,h19_mc13,Gas National Grid,0.0
UserD,h20_mc13,PV sys,0.0
UserD,h20_mc13,National Grid EE,0.0
UserD,h20_mc13,Storage EE,5.4609832499674935
UserD,h20_mc13,Gas Boiler,0.0
UserD,h20_mc13,HP,0.0
UserD,h20_mc13,AC,0.0
UserD,h20_mc13,Storage HW,0.0
UserD,h20_mc13,Radiators,0.0
UserD,h20_mc13,Floor heating,0.0
UserD,h20_mc13,Induction stove,0.0
UserD,h20_mc13,Gas stove,0.0
UserD,h20_mc13,Gas National Grid,0.0
UserD,h21_mc13,PV sys,0.0
UserD,h21_mc13,National Grid EE,0.0
UserD,h21_mc13,Storage EE,5.4609832499674935
UserD,h21_mc13,Gas Boiler,0.0
UserD,h21_mc13,HP,0.0
UserD,h21_mc13,AC,0.0
UserD,h21_mc13,Storage HW,0.0
UserD,h21_mc13,Radiators,0.0
UserD,h21_mc13,Floor heating,0.0
UserD,h21_mc13,Induction stove,0.0
UserD,h21_mc13,Gas stove,0.0
UserD,h21_mc13,Gas National Grid,0.0
UserD,h22_mc13,PV sys,0.0
UserD,h22_mc13,National Grid EE,0.0
UserD,h22_mc13,Storage EE,4.849208883333331
UserD,h22_mc13,Gas Boiler,0.0
UserD,h22_mc13,HP,0.0
UserD,h22_mc13,AC,0.0
UserD,h22_mc13,Storage HW,0.0
UserD,h22_mc13,Radiators,0.0
UserD,h22_mc13,Floor heating,0.0
UserD,h22_mc13,Induction stove,0.0
UserD,h22_mc13,Gas stove,0.0
UserD,h22_mc13,Gas National Grid,0.0
UserD,h23_mc13,PV sys,0.0
UserD,h23_mc13,National Grid EE,0.0
UserD,h23_mc13,Storage EE,2.137886633333334
UserD,h23_mc13,Gas Boiler,0.0
UserD,h23_mc13,HP,0.0
UserD,h23_mc13,AC,0.0
UserD,h23_mc13,Storage HW,0.0
UserD,h23_mc13,Radiators,0.0
UserD,h23_mc13,Floor heating,0.0
UserD,h23_mc13,Induction stove,0.0
UserD,h23_mc13,Gas stove,0.0
UserD,h23_mc13,Gas National Grid,0.0
UserD,h24_mc13,PV sys,0.0
UserD,h24_mc13,National Grid EE,0.0
UserD,h24_mc13,Storage EE,0.6
UserD,h24_mc13,Gas Boiler,0.0
UserD,h24_mc13,HP,0.0
UserD,h24_mc13,AC,0.0
UserD,h24_mc13,Storage HW,0.0
UserD,h24_mc13,Radiators,0.0
UserD,h24_mc13,Floor heating,0.0
UserD,h24_mc13,Induction stove,0.0
UserD,h24_mc13,Gas stove,0.0
UserD,h24_mc13,Gas National Grid,0.0
UserD,h01_mc14,PV sys,0.0
UserD,h01_mc14,National Grid EE,0.0
UserD,h01_mc14,Storage EE,0.6
UserD,h01_mc14,Gas Boiler,0.0
UserD,h01_mc14,HP,0.0
UserD,h01_mc14,AC,0.0
UserD,h01_mc14,Storage HW,0.0
UserD,h01_mc14,Radiators,0.0
UserD,h01_mc14,Floor heating,0.0
UserD,h01_mc14,Induction stove,0.0
UserD,h01_mc14,Gas stove,0.0
UserD,h01_mc14,Gas National Grid,0.0
UserD,h02_mc14,PV sys,0.0
UserD,h02_mc14,National Grid EE,0.0
UserD,h02_mc14,Storage EE,0.6
UserD,h02_mc14,Gas Boiler,0.0
UserD,h02_mc14,HP,0.0
UserD,h02_mc14,AC,0.0
UserD,h02_mc14,Storage HW,0.0
UserD,h02_mc14,Radiators,0.0
UserD,h02_mc14,Floor heating,0.0
UserD,h02_mc14,Induction stove,0.0
UserD,h02_mc14,Gas stove,0.0
UserD,h02_mc14,Gas National Grid,0.0
UserD,h03_mc14,PV sys,0.0
UserD,h03_mc14,National Grid EE,0.0
UserD,h03_mc14,Storage EE,0.6
UserD,h03_mc14,Gas Boiler,0.0
UserD,h03_mc14,HP,0.0
UserD,h03_mc14,AC,0.0
UserD,h03_mc14,Storage HW,0.0
UserD,h03_mc14,Radiators,0.0
UserD,h03_mc14,Floor heating,0.0
UserD,h03_mc14,Induction stove,0.0
UserD,h03_mc14,Gas stove,0.0
UserD,h03_mc14,Gas National Grid,0.0
UserD,h04_mc14,PV sys,0.0
UserD,h04_mc14,National Grid EE,0.0
UserD,h04_mc14,Storage EE,0.6
UserD,h04_mc14,Gas Boiler,0.0
UserD,h04_mc14,HP,0.0
UserD,h04_mc14,AC,0.0
UserD,h04_mc14,Storage HW,0.0
UserD,h04_mc14,Radiators,0.0
UserD,h04_mc14,Floor heating,0.0
UserD,h04_mc14,Induction stove,0.0
UserD,h04_mc14,Gas stove,0.0
UserD,h04_mc14,Gas National Grid,0.0
UserD,h05_mc14,PV sys,0.0
UserD,h05_mc14,National Grid EE,0.0
UserD,h05_mc14,Storage EE,0.6
UserD,h05_mc14,Gas Boiler,0.0
UserD,h05_mc14,HP,0.0
UserD,h05_mc14,AC,0.0
UserD,h05_mc14,Storage HW,0.0
UserD,h05_mc14,Radiators,0.0
UserD,h05_mc14,Floor heating,0.0
UserD,h05_mc14,Induction stove,0.0
UserD,h05_mc14,Gas stove,0.0
UserD,h05_mc14,Gas National Grid,0.0
UserD,h06_mc14,PV sys,0.0
UserD,h06_mc14,National Grid EE,0.0
UserD,h06_mc14,Storage EE,0.6
UserD,h06_mc14,Gas Boiler,0.0
UserD,h06_mc14,HP,0.0
UserD,h06_mc14,AC,0.0
UserD,h06_mc14,Storage HW,0.0
UserD,h06_mc14,Radiators,0.0
UserD,h06_mc14,Floor heating,0.0
UserD,h06_mc14,Induction stove,0.0
UserD,h06_mc14,Gas stove,0.0
UserD,h06_mc14,Gas National Grid,0.0
UserD,h07_mc14,PV sys,0.0
UserD,h07_mc14,National Grid EE,0.0
UserD,h07_mc14,Storage EE,0.6463829666666681
UserD,h07_mc14,Gas Boiler,0.0
UserD,h07_mc14,HP,0.0
UserD,h07_mc14,AC,0.0
UserD,h07_mc14,Storage HW,0.0
UserD,h07_mc14,Radiators,0.0
UserD,h07_mc14,Floor heating,0.0
UserD,h07_mc14,Induction stove,0.0
UserD,h07_mc14,Gas stove,0.0
UserD,h07_mc14,Gas National Grid,0.0
UserD,h08_mc14,PV sys,0.0
UserD,h08_mc14,National Grid EE,0.0
UserD,h08_mc14,Storage EE,0.6
UserD,h08_mc14,Gas Boiler,0.0
UserD,h08_mc14,HP,0.0
UserD,h08_mc14,AC,0.0
UserD,h08_mc14,Storage HW,0.0
UserD,h08_mc14,Radiators,0.0
UserD,h08_mc14,Floor heating,0.0
UserD,h08_mc14,Induction stove,0.0
UserD,h08_mc14,Gas stove,0.0
UserD,h08_mc14,Gas National Grid,0.0
UserD,h09_mc14,PV sys,0.0
UserD,h09_mc14,National Grid EE,0.0
UserD,h09_mc14,Storage EE,0.6
UserD,h09_mc14,Gas Boiler,0.0
UserD,h09_mc14,HP,0.0
UserD,h09_mc14,AC,0.0
UserD,h09_mc14,Storage HW,0.0
UserD,h09_mc14,Radiators,0.0
UserD,h09_mc14,Floor heating,0.0
UserD,h09_mc14,Induction stove,0.0
UserD,h09_mc14,Gas stove,0.0
UserD,h09_mc14,Gas National Grid,0.0
UserD,h10_mc14,PV sys,0.0
UserD,h10_mc14,National Grid EE,0.0
UserD,h10_mc14,Storage EE,0.6
UserD,h10_mc14,Gas Boiler,0.0
UserD,h10_mc14,HP,0.0
UserD,h10_mc14,AC,0.0
UserD,h10_mc14,Storage HW,0.0
UserD,h10_mc14,Radiators,0.0
UserD,h10_mc14,Floor heating,0.0
UserD,h10_mc14,Induction stove,0.0
UserD,h10_mc14,Gas stove,0.0
UserD,h10_mc14,Gas National Grid,0.0
UserD,h11_mc14,PV sys,0.0
UserD,h11_mc14,National Grid EE,0.0
UserD,h11_mc14,Storage EE,2.6617092944444454
UserD,h11_mc14,Gas Boiler,0.0
UserD,h11_mc14,HP,0.0
UserD,h11_mc14,AC,0.0
UserD,h11_mc14,Storage HW,0.0
UserD,h11_mc14,Radiators,0.0
UserD,h11_mc14,Floor heating,0.0
UserD,h11_mc14,Induction stove,0.0
UserD,h11_mc14,Gas stove,0.0
UserD,h11_mc14,Gas National Grid,0.0
UserD,h12_mc14,PV sys,0.0
UserD,h12_mc14,National Grid EE,0.0
UserD,h12_mc14,Storage EE,2.013900277777775
UserD,h12_mc14,Gas Boiler,0.0
UserD,h12_mc14,HP,0.0
UserD,h12_mc14,AC,0.0
UserD,h12_mc14,Storage HW,0.0
UserD,h12_mc14,Radiators,0.0
UserD,h12_mc14,Floor heating,0.0
UserD,h12_mc14,Induction stove,0.0
UserD,h12_mc14,Gas stove,0.0
UserD,h12_mc14,Gas National Grid,0.0
UserD,h13_mc14,PV sys,0.0
UserD,h13_mc14,National Grid EE,0.0
UserD,h13_mc14,Storage EE,4.140625455555554
UserD,h13_mc14,Gas Boiler,0.0
UserD,h13_mc14,HP,0.0
UserD,h13_mc14,AC,0.0
UserD,h13_mc14,Storage HW,0.0
UserD,h13_mc14,Radiators,0.0
UserD,h13_mc14,Floor heating,0.0
UserD,h13_mc14,Induction stove,0.0
UserD,h13_mc14,Gas stove,0.0
UserD,h13_mc14,Gas National Grid,0.0
UserD,h14_mc14,PV sys,0.0
UserD,h14_mc14,National Grid EE,0.0
UserD,h14_mc14,Storage EE,5.7
UserD,h14_mc14,Gas Boiler,0.0
UserD,h14_mc14,HP,0.0
UserD,h14_mc14,AC,0.0
UserD,h14_mc14,Storage HW,0.0
UserD,h14_mc14,Radiators,0.0
UserD,h14_mc14,Floor heating,0.0
UserD,h14_mc14,Induction stove,0.0
UserD,h14_mc14,Gas stove,0.0
UserD,h14_mc14,Gas National Grid,0.0
UserD,h15_mc14,PV sys,0.0
UserD,h15_mc14,National Grid EE,0.0
UserD,h15_mc14,Storage EE,5.7
UserD,h15_mc14,Gas Boiler,0.0
UserD,h15_mc14,HP,0.0
UserD,h15_mc14,AC,0.0
UserD,h15_mc14,Storage HW,0.0
UserD,h15_mc14,Radiators,0.0
UserD,h15_mc14,Floor heating,0.0
UserD,h15_mc14,Induction stove,0.0
UserD,h15_mc14,Gas stove,0.0
UserD,h15_mc14,Gas National Grid,0.0
UserD,h16_mc14,PV sys,0.0
UserD,h16_mc14,National Grid EE,0.0
UserD,h16_mc14,Storage EE,5.7
UserD,h16_mc14,Gas Boiler,0.0
UserD,h16_mc14,HP,0.0
UserD,h16_mc14,AC,0.0
UserD,h16_mc14,Storage HW,0.0
UserD,h16_mc14,Radiators,0.0
UserD,h16_mc14,Floor heating,0.0
UserD,h16_mc14,Induction stove,0.0
UserD,h16_mc14,Gas stove,0.0
UserD,h16_mc14,Gas National Grid,0.0
UserD,h17_mc14,PV sys,0.0
UserD,h17_mc14,National Grid EE,0.0
UserD,h17_mc14,Storage EE,5.7
UserD,h17_mc14,Gas Boiler,0.0
UserD,h17_mc14,HP,0.0
UserD,h17_mc14,AC,0.0
UserD,h17_mc14,Storage HW,0.0
UserD,h17_mc14,Radiators,0.0
UserD,h17_mc14,Floor heating,0.0
UserD,h17_mc14,Induction stove,0.0
UserD,h17_mc14,Gas stove,0.0
UserD,h17_mc14,Gas National Grid,0.0
UserD,h18_mc14,PV sys,0.0
UserD,h18_mc14,National Grid EE,0.0
UserD,h18_mc14,Storage EE,5.67925
UserD,h18_mc14,Gas Boiler,0.0
UserD,h18_mc14,HP,0.0
UserD,h18_mc14,AC,0.0
UserD,h18_mc14,Storage HW,0.0
UserD,h18_mc14,Radiators,0.0
UserD,h18_mc14,Floor heating,0.0
UserD,h18_mc14,Induction stove,0.0
UserD,h18_mc14,Gas stove,0.0
UserD,h18_mc14,Gas National Grid,0.0
UserD,h19_mc14,PV sys,0.0
UserD,h19_mc14,National Grid EE,0.0
UserD,h19_mc14,Storage EE,5.2963113
UserD,h19_mc14,Gas Boiler,0.0
UserD,h19_mc14,HP,0.0
UserD,h19_mc14,AC,0.0
UserD,h19_mc14,Storage HW,0.0
UserD,h19_mc14,Radiators,0.0
UserD,h19_mc14,Floor heating,0.0
UserD,h19_mc14,Induction stove,0.0
UserD,h19_mc14,Gas stove,0.0
UserD,h19_mc14,Gas National Grid,0.0
UserD,h20_mc14,PV sys,0.0
UserD,h20_mc14,National Grid EE,0.0
UserD,h20_mc14,Storage EE,4.72820735
UserD,h20_mc14,Gas Boiler,0.0
UserD,h20_mc14,HP,0.0
UserD,h20_mc14,AC,0.0
UserD,h20_mc14,Storage HW,0.0
UserD,h20_mc14,Radiators,0.0
UserD,h20_mc14,Floor heating,0.0
UserD,h20_mc14,Induction stove,0.0
UserD,h20_mc14,Gas stove,0.0
UserD,h20_mc14,Gas National Grid,0.0
UserD,h21_mc14,PV sys,0.0
UserD,h21_mc14,National Grid EE,0.0
UserD,h21_mc14,Storage EE,3.446287299991292
UserD,h21_mc14,Gas Boiler,0.0
UserD,h21_mc14,HP,0.0
UserD,h21_mc14,AC,0.0
UserD,h21_mc14,Storage HW,0.0
UserD,h21_mc14,Radiators,0.0
UserD,h21_mc14,Floor heating,0.0
UserD,h21_mc14,Induction stove,0.0
UserD,h21_mc14,Gas stove,0.0
UserD,h21_mc14,Gas National Grid,0.0
UserD,h22_mc14,PV sys,0.0
UserD,h22_mc14,National Grid EE,0.0
UserD,h22_mc14,Storage EE,3.3060822166666695
UserD,h22_mc14,Gas Boiler,0.0
UserD,h22_mc14,HP,0.0
UserD,h22_mc14,AC,0.0
UserD,h22_mc14,Storage HW,0.0
UserD,h22_mc14,Radiators,0.0
UserD,h22_mc14,Floor heating,0.0
UserD,h22_mc14,Induction stove,0.0
UserD,h22_mc14,Gas stove,0.0
UserD,h22_mc14,Gas National Grid,0.0
UserD,h23_mc14,PV sys,0.0
UserD,h23_mc14,National Grid EE,0.0
UserD,h23_mc14,Storage EE,1.0697454833333344
UserD,h23_mc14,Gas Boiler,0.0
UserD,h23_mc14,HP,0.0
UserD,h23_mc14,AC,0.0
UserD,h23_mc14,Storage HW,0.0
UserD,h23_mc14,Radiators,0.0
UserD,h23_mc14,Floor heating,0.0
UserD,h23_mc14,Induction stove,0.0
UserD,h23_mc14,Gas stove,0.0
UserD,h23_mc14,Gas National Grid,0.0
UserD,h24_mc14,PV sys,0.0
UserD,h24_mc14,National Grid EE,0.0
UserD,h24_mc14,Storage EE,0.6
UserD,h24_mc14,Gas Boiler,0.0
UserD,h24_mc14,HP,0.0
UserD,h24_mc14,AC,0.0
UserD,h24_mc14,Storage HW,0.0
UserD,h24_mc14,Radiators,0.0
UserD,h24_mc14,Floor heating,0.0
UserD,h24_mc14,Induction stove,0.0
UserD,h24_mc14,Gas stove,0.0
UserD,h24_mc14,Gas National Grid,0.0
UserD,h01_mw01,PV sys,0.0
UserD,h01_mw01,National Grid EE,0.0
UserD,h01_mw01,Storage EE,0.6
UserD,h01_mw01,Gas Boiler,0.0
UserD,h01_mw01,HP,0.0
UserD,h01_mw01,AC,0.0
UserD,h01_mw01,Storage HW,0.0
UserD,h01_mw01,Radiators,0.0
UserD,h01_mw01,Floor heating,0.0
UserD,h01_mw01,Induction stove,0.0
UserD,h01_mw01,Gas stove,0.0
UserD,h01_mw01,Gas National Grid,0.0
UserD,h02_mw01,PV sys,0.0
UserD,h02_mw01,National Grid EE,0.0
UserD,h02_mw01,Storage EE,0.6
UserD,h02_mw01,Gas Boiler,0.0
UserD,h02_mw01,HP,0.0
UserD,h02_mw01,AC,0.0
UserD,h02_mw01,Storage HW,0.0
UserD,h02_mw01,Radiators,0.0
UserD,h02_mw01,Floor heating,0.0
UserD,h02_mw01,Induction stove,0.0
UserD,h02_mw01,Gas stove,0.0
UserD,h02_mw01,Gas National Grid,0.0
UserD,h03_mw01,PV sys,0.0
UserD,h03_mw01,National Grid EE,0.0
UserD,h03_mw01,Storage EE,0.6
UserD,h03_mw01,Gas Boiler,0.0
UserD,h03_mw01,HP,0.0
UserD,h03_mw01,AC,0.0
UserD,h03_mw01,Storage HW,0.0
UserD,h03_mw01,Radiators,0.0
UserD,h03_mw01,Floor heating,0.0
UserD,h03_mw01,Induction stove,0.0
UserD,h03_mw01,Gas stove,0.0
UserD,h03_mw01,Gas National Grid,0.0
UserD,h04_mw01,PV sys,0.0
UserD,h04_mw01,National Grid EE,0.0
UserD,h04_mw01,Storage EE,0.6
UserD,h04_mw01,Gas Boiler,0.0
UserD,h04_mw01,HP,0.0
UserD,h04_mw01,AC,0.0
UserD,h04_mw01,Storage HW,0.0
UserD,h04_mw01,Radiators,0.0
UserD,h04_mw01,Floor heating,0.0
UserD,h04_mw01,Induction stove,0.0
UserD,h04_mw01,Gas stove,0.0
UserD,h04_mw01,Gas National Grid,0.0
UserD,h05_mw01,PV sys,0.0
UserD,h05_mw01,National Grid EE,0.0
UserD,h05_mw01,Storage EE,0.6
UserD,h05_mw01,Gas Boiler,0.0
UserD,h05_mw01,HP,0.0
UserD,h05_mw01,AC,0.0
UserD,h05_mw01,Storage HW,0.0
UserD,h05_mw01,Radiators,0.0
UserD,h05_mw01,Floor heating,0.0
UserD,h05_mw01,Induction stove,0.0
UserD,h05_mw01,Gas stove,0.0
UserD,h05_mw01,Gas National Grid,0.0
UserD,h06_mw01,PV sys,0.0
UserD,h06_mw01,National Grid EE,0.0
UserD,h06_mw01,Storage EE,0.6
UserD,h06_mw01,Gas Boiler,0.0
UserD,h06_mw01,HP,0.0
UserD,h06_mw01,AC,0.0
UserD,h06_mw01,Storage HW,0.0
UserD,h06_mw01,Radiators,0.0
UserD,h06_mw01,Floor heating,0.0
UserD,h06_mw01,Induction stove,0.0
UserD,h06_mw01,Gas stove,0.0
UserD,h06_mw01,Gas National Grid,0.0
UserD,h07_mw01,PV sys,0.0
UserD,h07_mw01,National Grid EE,0.0
UserD,h07_mw01,Storage EE,0.6
UserD,h07_mw01,Gas Boiler,0.0
UserD,h07_mw01,HP,0.0
UserD,h07_mw01,AC,0.0
UserD,h07_mw01,Storage HW,0.0
UserD,h07_mw01,Radiators,0.0
UserD,h07_mw01,Floor heating,0.0
UserD,h07_mw01,Induction stove,0.0
UserD,h07_mw01,Gas stove,0.0
UserD,h07_mw01,Gas National Grid,0.0
UserD,h08_mw01,PV sys,0.0
UserD,h08_mw01,National Grid EE,0.0
UserD,h08_mw01,Storage EE,0.9508997072367608
UserD,h08_mw01,Gas Boiler,0.0
UserD,h08_mw01,HP,0.0
UserD,h08_mw01,AC,0.0
UserD,h08_mw01,Storage HW,0.0
UserD,h08_mw01,Radiators,0.0
UserD,h08_mw01,Floor heating,0.0
UserD,h08_mw01,Induction stove,0.0
UserD,h08_mw01,Gas stove,0.0
UserD,h08_mw01,Gas National Grid,0.0
UserD,h09_mw01,PV sys,0.0
UserD,h09_mw01,National Grid EE,0.0
UserD,h09_mw01,Storage EE,0.6
UserD,h09_mw01,Gas Boiler,0.0
UserD,h09_mw01,HP,0.0
UserD,h09_mw01,AC,0.0
UserD,h09_mw01,Storage HW,0.0
UserD,h09_mw01,Radiators,0.0
UserD,h09_mw01,Floor heating,0.0
UserD,h09_mw01,Induction stove,0.0
UserD,h09_mw01,Gas stove,0.0
UserD,h09_mw01,Gas National Grid,0.0
UserD,h10_mw01,PV sys,0.0
UserD,h10_mw01,National Grid EE,0.0
UserD,h10_mw01,Storage EE,2.923421740806347
UserD,h10_mw01,Gas Boiler,0.0
UserD,h10_mw01,HP,0.0
UserD,h10_mw01,AC,0.0
UserD,h10_mw01,Storage HW,0.0
UserD,h10_mw01,Radiators,0.0
UserD,h10_mw01,Floor heating,0.0
UserD,h10_mw01,Induction stove,0.0
UserD,h10_mw01,Gas stove,0.0
UserD,h10_mw01,Gas National Grid,0.0
UserD,h11_mw01,PV sys,0.0
UserD,h11_mw01,National Grid EE,0.0
UserD,h11_mw01,Storage EE,4.834092083333333
UserD,h11_mw01,Gas Boiler,0.0
UserD,h11_mw01,HP,0.0
UserD,h11_mw01,AC,0.0
UserD,h11_mw01,Storage HW,0.0
UserD,h11_mw01,Radiators,0.0
UserD,h11_mw01,Floor heating,0.0
UserD,h11_mw01,Induction stove,0.0
UserD,h11_mw01,Gas stove,0.0
UserD,h11_mw01,Gas National Grid,0.0
UserD,h12_mw01,PV sys,0.0
UserD,h12_mw01,National Grid EE,0.0
UserD,h12_mw01,Storage EE,4.414240183333332
UserD,h12_mw01,Gas Boiler,0.0
UserD,h12_mw01,HP,0.0
UserD,h12_mw01,AC,0.0
UserD,h12_mw01,Storage HW,0.0
UserD,h12_mw01,Radiators,0.0
UserD,h12_mw01,Floor heating,0.0
UserD,h12_mw01,Induction stove,0.0
UserD,h12_mw01,Gas stove,0.0
UserD,h12_mw01,Gas National Grid,0.0
UserD,h13_mw01,PV sys,0.0
UserD,h13_mw01,National Grid EE,0.0
UserD,h13_mw01,Storage EE,3.8375452499999994
UserD,h13_mw01,Gas Boiler,0.0
UserD,h13_mw01,HP,0.0
UserD,h13_mw01,AC,0.0
UserD,h13_mw01,Storage HW,0.0
UserD,h13_mw01,Radiators,0.0
UserD,h13_mw01,Floor heating,0.0
UserD,h13_mw01,Induction stove,0.0
UserD,h13_mw01,Gas stove,0.0
UserD,h13_mw01,Gas National Grid,0.0
UserD,h14_mw01,PV sys,0.0
UserD,h14_mw01,National Grid EE,0.0
UserD,h14_mw01,Storage EE,5.7
UserD,h14_mw01,Gas Boiler,0.0
UserD,h14_mw01,HP,0.0
UserD,h14_mw01,AC,0.0
UserD,h14_mw01,Storage HW,0.0
UserD,h14_mw01,Radiators,0.0
UserD,h14_mw01,Floor heating,0.0
UserD,h14_mw01,Induction stove,0.0
UserD,h14_mw01,Gas stove,0.0
UserD,h14_mw01,Gas National Grid,0.0
UserD,h15_mw01,PV sys,0.0
UserD,h15_mw01,National Grid EE,0.0
UserD,h15_mw01,Storage EE,5.159516733333334
UserD,h15_mw01,Gas Boiler,0.0
UserD,h15_mw01,HP,0.0
UserD,h15_mw01,AC,0.0
UserD,h15_mw01,Storage HW,0.0
UserD,h15_mw01,Radiators,0.0
UserD,h15_mw01,Floor heating,0.0
UserD,h15_mw01,Induction stove,0.0
UserD,h15_mw01,Gas stove,0.0
UserD,h15_mw01,Gas National Grid,0.0
UserD,h16_mw01,PV sys,0.0
UserD,h16_mw01,National Grid EE,0.0
UserD,h16_mw01,Storage EE,5.7
UserD,h16_mw01,Gas Boiler,0.0
UserD,h16_mw01,HP,0.0
UserD,h16_mw01,AC,0.0
UserD,h16_mw01,Storage HW,0.0
UserD,h16_mw01,Radiators,0.0
UserD,h16_mw01,Floor heating,0.0
UserD,h16_mw01,Induction stove,0.0
UserD,h16_mw01,Gas stove,0.0
UserD,h16_mw01,Gas National Grid,0.0
UserD,h17_mw01,PV sys,0.0
UserD,h17_mw01,National Grid EE,0.0
UserD,h17_mw01,Storage EE,5.7
UserD,h17_mw01,Gas Boiler,0.0
UserD,h17_mw01,HP,0.0
UserD,h17_mw01,AC,0.0
UserD,h17_mw01,Storage HW,0.0
UserD,h17_mw01,Radiators,0.0
UserD,h17_mw01,Floor heating,0.0
UserD,h17_mw01,Induction stove,0.0
UserD,h17_mw01,Gas stove,0.0
UserD,h17_mw01,Gas National Grid,0.0
UserD,h18_mw01,PV sys,0.0
UserD,h18_mw01,National Grid EE,0.0
UserD,h18_mw01,Storage EE,5.7
UserD,h18_mw01,Gas Boiler,0.0
UserD,h18_mw01,HP,0.0
UserD,h18_mw01,AC,0.0
UserD,h18_mw01,Storage HW,0.0
UserD,h18_mw01,Radiators,0.0
UserD,h18_mw01,Floor heating,0.0
UserD,h18_mw01,Induction stove,0.0
UserD,h18_mw01,Gas stove,0.0
UserD,h18_mw01,Gas National Grid,0.0
UserD,h19_mw01,PV sys,0.0
UserD,h19_mw01,National Grid EE,0.0
UserD,h19_mw01,Storage EE,5.7
UserD,h19_mw01,Gas Boiler,0.0
UserD,h19_mw01,HP,0.0
UserD,h19_mw01,AC,0.0
UserD,h19_mw01,Storage HW,0.0
UserD,h19_mw01,Radiators,0.0
UserD,h19_mw01,Floor heating,0.0
UserD,h19_mw01,Induction stove,0.0
UserD,h19_mw01,Gas stove,0.0
UserD,h19_mw01,Gas National Grid,0.0
UserD,h20_mw01,PV sys,0.0
UserD,h20_mw01,National Grid EE,0.0
UserD,h20_mw01,Storage EE,5.7
UserD,h20_mw01,Gas Boiler,0.0
UserD,h20_mw01,HP,0.0
UserD,h20_mw01,AC,0.0
UserD,h20_mw01,Storage HW,0.0
UserD,h20_mw01,Radiators,0.0
UserD,h20_mw01,Floor heating,0.0
UserD,h20_mw01,Induction stove,0.0
UserD,h20_mw01,Gas stove,0.0
UserD,h20_mw01,Gas National Grid,0.0
UserD,h21_mw01,PV sys,0.0
UserD,h21_mw01,National Grid EE,0.0
UserD,h21_mw01,Storage EE,5.7
UserD,h21_mw01,Gas Boiler,0.0
UserD,h21_mw01,HP,0.0
UserD,h21_mw01,AC,0.0
UserD,h21_mw01,Storage HW,0.0
UserD,h21_mw01,Radiators,0.0
UserD,h21_mw01,Floor heating,0.0
UserD,h21_mw01,Induction stove,0.0
UserD,h21_mw01,Gas stove,0.0
UserD,h21_mw01,Gas National Grid,0.0
UserD,h22_mw01,PV sys,0.0
UserD,h22_mw01,National Grid EE,0.0
UserD,h22_mw01,Storage EE,5.7
UserD,h22_mw01,Gas Boiler,0.0
UserD,h22_mw01,HP,0.0
UserD,h22_mw01,AC,0.0
UserD,h22_mw01,Storage HW,0.0
UserD,h22_mw01,Radiators,0.0
UserD,h22_mw01,Floor heating,0.0
UserD,h22_mw01,Induction stove,0.0
UserD,h22_mw01,Gas stove,0.0
UserD,h22_mw01,Gas National Grid,0.0
UserD,h23_mw01,PV sys,0.0
UserD,h23_mw01,National Grid EE,0.0
UserD,h23_mw01,Storage EE,5.7
UserD,h23_mw01,Gas Boiler,0.0
UserD,h23_mw01,HP,0.0
UserD,h23_mw01,AC,0.0
UserD,h23_mw01,Storage HW,0.0
UserD,h23_mw01,Radiators,0.0
UserD,h23_mw01,Floor heating,0.0
UserD,h23_mw01,Induction stove,0.0
UserD,h23_mw01,Gas stove,0.0
UserD,h23_mw01,Gas National Grid,0.0
UserD,h24_mw01,PV sys,0.0
UserD,h24_mw01,National Grid EE,0.0
UserD,h24_mw01,Storage EE,5.7
UserD,h24_mw01,Gas Boiler,0.0
UserD,h24_mw01,HP,0.0
UserD,h24_mw01,AC,0.0
UserD,h24_mw01,Storage HW,0.0
UserD,h24_mw01,Radiators,0.0
UserD,h24_mw01,Floor heating,0.0
UserD,h24_mw01,Induction stove,0.0
UserD,h24_mw01,Gas stove,0.0
UserD,h24_mw01,Gas National Grid,0.0
UserD,h01_mw02,PV sys,0.0
UserD,h01_mw02,National Grid EE,0.0
UserD,h01_mw02,Storage EE,5.364773683333333
UserD,h01_mw02,Gas Boiler,0.0
UserD,h01_mw02,HP,0.0
UserD,h01_mw02,AC,0.0
UserD,h01_mw02,Storage HW,0.0
UserD,h01_mw02,Radiators,0.0
UserD,h01_mw02,Floor heating,0.0
UserD,h01_mw02,Induction stove,0.0
UserD,h01_mw02,Gas stove,0.0
UserD,h01_mw02,Gas National Grid,0.0
UserD,h02_mw02,PV sys,0.0
UserD,h02_mw02,National Grid EE,0.0
UserD,h02_mw02,Storage EE,5.180673316666666
UserD,h02_mw02,Gas Boiler,0.0
UserD,h02_mw02,HP,0.0
UserD,h02_mw02,AC,0.0
UserD,h02_mw02,Storage HW,0.0
UserD,h02_mw02,Radiators,0.0
UserD,h02_mw02,Floor heating,0.0
UserD,h02_mw02,Induction stove,0.0
UserD,h02_mw02,Gas stove,0.0
UserD,h02_mw02,Gas National Grid,0.0
UserD,h03_mw02,PV sys,0.0
UserD,h03_mw02,National Grid EE,0.0
UserD,h03_mw02,Storage EE,4.889956033333332
UserD,h03_mw02,Gas Boiler,0.0
UserD,h03_mw02,HP,0.0
UserD,h03_mw02,AC,0.0
UserD,h03_mw02,Storage HW,0.0
UserD,h03_mw02,Radiators,0.0
UserD,h03_mw02,Floor heating,0.0
UserD,h03_mw02,Induction stove,0.0
UserD,h03_mw02,Gas stove,0.0
UserD,h03_mw02,Gas National Grid,0.0
UserD,h04_mw02,PV sys,0.0
UserD,h04_mw02,National Grid EE,0.0
UserD,h04_mw02,Storage EE,4.652022333333332
UserD,h04_mw02,Gas Boiler,0.0
UserD,h04_mw02,HP,0.0
UserD,h04_mw02,AC,0.0
UserD,h04_mw02,Storage HW,0.0
UserD,h04_mw02,Radiators,0.0
UserD,h04_mw02,Floor heating,0.0
UserD,h04_mw02,Induction stove,0.0
UserD,h04_mw02,Gas stove,0.0
UserD,h04_mw02,Gas National Grid,0.0
UserD,h05_mw02,PV sys,0.0
UserD,h05_mw02,National Grid EE,0.0
UserD,h05_mw02,Storage EE,4.408888983333332
UserD,h05_mw02,Gas Boiler,0.0
UserD,h05_mw02,HP,0.0
UserD,h05_mw02,AC,0.0
UserD,h05_mw02,Storage HW,0.0
UserD,h05_mw02,Radiators,0.0
UserD,h05_mw02,Floor heating,0.0
UserD,h05_mw02,Induction stove,0.0
UserD,h05_mw02,Gas stove,0.0
UserD,h05_mw02,Gas National Grid,0.0
UserD,h06_mw02,PV sys,0.0
UserD,h06_mw02,National Grid EE,0.0
UserD,h06_mw02,Storage EE,4.2036718666666655
UserD,h06_mw02,Gas Boiler,0.0
UserD,h06_mw02,HP,0.0
UserD,h06_mw02,AC,0.0
UserD,h06_mw02,Storage HW,0.0
UserD,h06_mw02,Radiators,0.0
UserD,h06_mw02,Floor heating,0.0
UserD,h06_mw02,Induction stove,0.0
UserD,h06_mw02,Gas stove,0.0
UserD,h06_mw02,Gas National Grid,0.0
UserD,h07_mw02,PV sys,0.0
UserD,h07_mw02,National Grid EE,0.0
UserD,h07_mw02,Storage EE,3.899179727993814
UserD,h07_mw02,Gas Boiler,0.0
UserD,h07_mw02,HP,0.0
UserD,h07_mw02,AC,0.0
UserD,h07_mw02,Storage HW,0.0
UserD,h07_mw02,Radiators,0.0
UserD,h07_mw02,Floor heating,0.0
UserD,h07_mw02,Induction stove,0.0
UserD,h07_mw02,Gas stove,0.0
UserD,h07_mw02,Gas National Grid,0.0
UserD,h08_mw02,PV sys,0.0
UserD,h08_mw02,National Grid EE,0.0
UserD,h08_mw02,Storage EE,3.7368903348560476
UserD,h08_mw02,Gas Boiler,0.0
UserD,h08_mw02,HP,0.0
UserD,h08_mw02,AC,0.0
UserD,h08_mw02,Storage HW,0.0
UserD,h08_mw02,Radiators,0.0
UserD,h08_mw02,Floor heating,0.0
UserD,h08_mw02,Induction stove,0.0
UserD,h08_mw02,Gas stove,0.0
UserD,h08_mw02,Gas National Grid,0.0
UserD,h09_mw02,PV sys,0.0
UserD,h09_mw02,National Grid EE,0.0
UserD,h09_mw02,Storage EE,3.2571361886682832
UserD,h09_mw02,Gas Boiler,0.0
UserD,h09_mw02,HP,0.0
UserD,h09_mw02,AC,0.0
UserD,h09_mw02,Storage HW,0.0
UserD,h09_mw02,Radiators,0.0
UserD,h09_mw02,Floor heating,0.0
UserD,h09_mw02,Induction stove,0.0
UserD,h09_mw02,Gas stove,0.0
UserD,h09_mw02,Gas National Grid,0.0
UserD,h10_mw02,PV sys,0.0
UserD,h10_mw02,National Grid EE,0.0
UserD,h10_mw02,Storage EE,3.694186188668284
UserD,h10_mw02,Gas Boiler,0.0
UserD,h10_mw02,HP,0.0
UserD,h10_mw02,AC,0.0
UserD,h10_mw02,Storage HW,0.0
UserD,h10_mw02,Radiators,0.0
UserD,h10_mw02,Floor heating,0.0
UserD,h10_mw02,Induction stove,0.0
UserD,h10_mw02,Gas stove,0.0
UserD,h10_mw02,Gas National Grid,0.0
UserD,h11_mw02,PV sys,0.0
UserD,h11_mw02,National Grid EE,0.0
UserD,h11_mw02,Storage EE,4.169736188668284
UserD,h11_mw02,Gas Boiler,0.0
UserD,h11_mw02,HP,0.0
UserD,h11_mw02,AC,0.0
UserD,h11_mw02,Storage HW,0.0
UserD,h11_mw02,Radiators,0.0
UserD,h11_mw02,Floor heating,0.0
UserD,h11_mw02,Induction stove,0.0
UserD,h11_mw02,Gas stove,0.0
UserD,h11_mw02,Gas National Grid,0.0
UserD,h12_mw02,PV sys,0.0
UserD,h12_mw02,National Grid EE,0.0
UserD,h12_mw02,Storage EE,4.351136038668284
UserD,h12_mw02,Gas Boiler,0.0
UserD,h12_mw02,HP,0.0
UserD,h12_mw02,AC,0.0
UserD,h12_mw02,Storage HW,0.0
UserD,h12_mw02,Radiators,0.0
UserD,h12_mw02,Floor heating,0.0
UserD,h12_mw02,Induction stove,0.0
UserD,h12_mw02,Gas stove,0.0
UserD,h12_mw02,Gas National Grid,0.0
UserD,h13_mw02,PV sys,0.0
UserD,h13_mw02,National Grid EE,0.0
UserD,h13_mw02,Storage EE,4.39918445533495
UserD,h13_mw02,Gas Boiler,0.0
UserD,h13_mw02,HP,0.0
UserD,h13_mw02,AC,0.0
UserD,h13_mw02,Storage HW,0.0
UserD,h13_mw02,Radiators,0.0
UserD,h13_mw02,Floor heating,0.0
UserD,h13_mw02,Induction stove,0.0
UserD,h13_mw02,Gas stove,0.0
UserD,h13_mw02,Gas National Grid,0.0
UserD,h14_mw02,PV sys,0.0
UserD,h14_mw02,National Grid EE,0.0
UserD,h14_mw02,Storage EE,4.4696320386682835
UserD,h14_mw02,Gas Boiler,0.0
UserD,h14_mw02,HP,0.0
UserD,h14_mw02,AC,0.0
UserD,h14_mw02,Storage HW,0.0
UserD,h14_mw02,Radiators,0.0
UserD,h14_mw02,Floor heating,0.0
UserD,h14_mw02,Induction stove,0.0
UserD,h14_mw02,Gas stove,0.0
UserD,h14_mw02,Gas National Grid,0.0
UserD,h15_mw02,PV sys,0.0
UserD,h15_mw02,National Grid EE,0.0
UserD,h15_mw02,Storage EE,4.506781688668283
UserD,h15_mw02,Gas Boiler,0.0
UserD,h15_mw02,HP,0.0
UserD,h15_mw02,AC,0.0
UserD,h15_mw02,Storage HW,0.0
UserD,h15_mw02,Radiators,0.0
UserD,h15_mw02,Floor heating,0.0
UserD,h15_mw02,Induction stove,0.0
UserD,h15_mw02,Gas stove,0.0
UserD,h15_mw02,Gas National Grid,0.0
UserD,h16_mw02,PV sys,0.0
UserD,h16_mw02,National Grid EE,0.0
UserD,h16_mw02,Storage EE,4.518481688668284
UserD,h16_mw02,Gas Boiler,0.0
UserD,h16_mw02,HP,0.0
UserD,h16_mw02,AC,0.0
UserD,h16_mw02,Storage HW,0.0
UserD,h16_mw02,Radiators,0.0
UserD,h16_mw02,Floor heating,0.0
UserD,h16_mw02,Induction stove,0.0
UserD,h16_mw02,Gas stove,0.0
UserD,h16_mw02,Gas National Grid,0.0
UserD,h17_mw02,PV sys,0.0
UserD,h17_mw02,National Grid EE,0.0
UserD,h17_mw02,Storage EE,4.409881688668284
UserD,h17_mw02,Gas Boiler,0.0
UserD,h17_mw02,HP,0.0
UserD,h17_mw02,AC,0.0
UserD,h17_mw02,Storage HW,0.0
UserD,h17_mw02,Radiators,0.0
UserD,h17_mw02,Floor heating,0.0
UserD,h17_mw02,Induction stove,0.0
UserD,h17_mw02,Gas stove,0.0
UserD,h17_mw02,Gas National Grid,0.0
UserD,h18_mw02,PV sys,0.0
UserD,h18_mw02,National Grid EE,0.0
UserD,h18_mw02,Storage EE,4.123669649740715
UserD,h18_mw02,Gas Boiler,0.0
UserD,h18_mw02,HP,0.0
UserD,h18_mw02,AC,0.0
UserD,h18_mw02,Storage HW,0.0
UserD,h18_mw02,Radiators,0.0
UserD,h18_mw02,Floor heating,0.0
UserD,h18_mw02,Induction stove,0.0
UserD,h18_mw02,Gas stove,0.0
UserD,h18_mw02,Gas National Grid,0.0
UserD,h19_mw02,PV sys,0.0
UserD,h19_mw02,National Grid EE,0.0
UserD,h19_mw02,Storage EE,2.569593216407383
UserD,h19_mw02,Gas Boiler,0.0
UserD,h19_mw02,HP,0.0
UserD,h19_mw02,AC,0.0
UserD,h19_mw02,Storage HW,0.0
UserD,h19_mw02,Radiators,0.0
UserD,h19_mw02,Floor heating,0.0
UserD,h19_mw02,Induction stove,0.0
UserD,h19_mw02,Gas stove,0.0
UserD,h19_mw02,Gas National Grid,0.0
UserD,h20_mw02,PV sys,0.0
UserD,h20_mw02,National Grid EE,0.0
UserD,h20_mw02,Storage EE,1.6792517832885165
UserD,h20_mw02,Gas Boiler,0.0
UserD,h20_mw02,HP,0.0
UserD,h20_mw02,AC,0.0
UserD,h20_mw02,Storage HW,0.0
UserD,h20_mw02,Radiators,0.0
UserD,h20_mw02,Floor heating,0.0
UserD,h20_mw02,Induction stove,0.0
UserD,h20_mw02,Gas stove,0.0
UserD,h20_mw02,Gas National Grid,0.0
UserD,h21_mw02,PV sys,0.0
UserD,h21_mw02,National Grid EE,0.0
UserD,h21_mw02,Storage EE,1.1055118166218496
UserD,h21_mw02,Gas Boiler,0.0
UserD,h21_mw02,HP,0.0
UserD,h21_mw02,AC,0.0
UserD,h21_mw02,Storage HW,0.0
UserD,h21_mw02,Radiators,0.0
UserD,h21_mw02,Floor heating,0.0
UserD,h21_mw02,Induction stove,0.0
UserD,h21_mw02,Gas stove,0.0
UserD,h21_mw02,Gas National Grid,0.0
UserD,h22_mw02,PV sys,0.0
UserD,h22_mw02,National Grid EE,0.0
UserD,h22_mw02,Storage EE,1.1055118166218496
UserD,h22_mw02,Gas Boiler,0.0
UserD,h22_mw02,HP,0.0
UserD,h22_mw02,AC,0.0
UserD,h22_mw02,Storage HW,0.0
UserD,h22_mw02,Radiators,0.0
UserD,h22_mw02,Floor heating,0.0
UserD,h22_mw02,Induction stove,0.0
UserD,h22_mw02,Gas stove,0.0
UserD,h22_mw02,Gas National Grid,0.0
UserD,h23_mw02,PV sys,0.0
UserD,h23_mw02,National Grid EE,0.0
UserD,h23_mw02,Storage EE,1.1055118166218496
UserD,h23_mw02,Gas Boiler,0.0
UserD,h23_mw02,HP,0.0
UserD,h23_mw02,AC,0.0
UserD,h23_mw02,Storage HW,0.0
UserD,h23_mw02,Radiators,0.0
UserD,h23_mw02,Floor heating,0.0
UserD,h23_mw02,Induction stove,0.0
UserD,h23_mw02,Gas stove,0.0
UserD,h23_mw02,Gas National Grid,0.0
UserD,h24_mw02,PV sys,0.0
UserD,h24_mw02,National Grid EE,0.0
UserD,h24_mw02,Storage EE,1.1055118166218496
UserD,h24_mw02,Gas Boiler,0.0
UserD,h24_mw02,HP,0.0
UserD,h24_mw02,AC,0.0
UserD,h24_mw02,Storage HW,0.0
UserD,h24_mw02,Radiators,0.0
UserD,h24_mw02,Floor heating,0.0
UserD,h24_mw02,Induction stove,0.0
UserD,h24_mw02,Gas stove,0.0
UserD,h24_mw02,Gas National Grid,0.0
UserD,h01_mw03,PV sys,0.0
UserD,h01_mw03,National Grid EE,0.0
UserD,h01_mw03,Storage EE,1.1055118166218496
UserD,h01_mw03,Gas Boiler,0.0
UserD,h01_mw03,HP,0.0
UserD,h01_mw03,AC,0.0
UserD,h01_mw03,Storage HW,0.0
UserD,h01_mw03,Radiators,0.0
UserD,h01_mw03,Floor heating,0.0
UserD,h01_mw03,Induction stove,0.0
UserD,h01_mw03,Gas stove,0.0
UserD,h01_mw03,Gas National Grid,0.0
UserD,h02_mw03,PV sys,0.0
UserD,h02_mw03,National Grid EE,0.0
UserD,h02_mw03,Storage EE,1.1055118166218496
UserD,h02_mw03,Gas Boiler,0.0
UserD,h02_mw03,HP,0.0
UserD,h02_mw03,AC,0.0
UserD,h02_mw03,Storage HW,0.0
UserD,h02_mw03,Radiators,0.0
UserD,h02_mw03,Floor heating,0.0
UserD,h02_mw03,Induction stove,0.0
UserD,h02_mw03,Gas stove,0.0
UserD,h02_mw03,Gas National Grid,0.0
UserD,h03_mw03,PV sys,0.0
UserD,h03_mw03,National Grid EE,0.0
UserD,h03_mw03,Storage EE,1.1055118166218496
UserD,h03_mw03,Gas Boiler,0.0
UserD,h03_mw03,HP,0.0
UserD,h03_mw03,AC,0.0
UserD,h03_mw03,Storage HW,0.0
UserD,h03_mw03,Radiators,0.0
UserD,h03_mw03,Floor heating,0.0
UserD,h03_mw03,Induction stove,0.0
UserD,h03_mw03,Gas stove,0.0
UserD,h03_mw03,Gas National Grid,0.0
UserD,h04_mw03,PV sys,0.0
UserD,h04_mw03,National Grid EE,0.0
UserD,h04_mw03,Storage EE,1.1055118166218496
UserD,h04_mw03,Gas Boiler,0.0
UserD,h04_mw03,HP,0.0
UserD,h04_mw03,AC,0.0
UserD,h04_mw03,Storage HW,0.0
UserD,h04_mw03,Radiators,0.0
UserD,h04_mw03,Floor heating,0.0
UserD,h04_mw03,Induction stove,0.0
UserD,h04_mw03,Gas stove,0.0
UserD,h04_mw03,Gas National Grid,0.0
UserD,h05_mw03,PV sys,0.0
UserD,h05_mw03,National Grid EE,0.0
UserD,h05_mw03,Storage EE,1.1055118166218496
UserD,h05_mw03,Gas Boiler,0.0
UserD,h05_mw03,HP,0.0
UserD,h05_mw03,AC,0.0
UserD,h05_mw03,Storage HW,0.0
UserD,h05_mw03,Radiators,0.0
UserD,h05_mw03,Floor heating,0.0
UserD,h05_mw03,Induction stove,0.0
UserD,h05_mw03,Gas stove,0.0
UserD,h05_mw03,Gas National Grid,0.0
UserD,h06_mw03,PV sys,0.0
UserD,h06_mw03,National Grid EE,0.0
UserD,h06_mw03,Storage EE,1.1055118166218496
UserD,h06_mw03,Gas Boiler,0.0
UserD,h06_mw03,HP,0.0
UserD,h06_mw03,AC,0.0
UserD,h06_mw03,Storage HW,0.0
UserD,h06_mw03,Radiators,0.0
UserD,h06_mw03,Floor heating,0.0
UserD,h06_mw03,Induction stove,0.0
UserD,h06_mw03,Gas stove,0.0
UserD,h06_mw03,Gas National Grid,0.0
UserD,h07_mw03,PV sys,0.0
UserD,h07_mw03,National Grid EE,0.0
UserD,h07_mw03,Storage EE,1.2057618166218496
UserD,h07_mw03,Gas Boiler,0.0
UserD,h07_mw03,HP,0.0
UserD,h07_mw03,AC,0.0
UserD,h07_mw03,Storage HW,0.0
UserD,h07_mw03,Radiators,0.0
UserD,h07_mw03,Floor heating,0.0
UserD,h07_mw03,Induction stove,0.0
UserD,h07_mw03,Gas stove,0.0
UserD,h07_mw03,Gas National Grid,0.0
UserD,h08_mw03,PV sys,0.0
UserD,h08_mw03,National Grid EE,0.0
UserD,h08_mw03,Storage EE,1.4794118166218495
UserD,h08_mw03,Gas Boiler,0.0
UserD,h08_mw03,HP,0.0
UserD,h08_mw03,AC,0.0
UserD,h08_mw03,Storage HW,0.0
UserD,h08_mw03,Radiators,0.0
UserD,h08_mw03,Floor heating,0.0
UserD,h08_mw03,Induction stove,0.0
UserD,h08_mw03,Gas stove,0.0
UserD,h08_mw03,Gas National Grid,0.0
UserD,h09_mw03,PV sys,0.0
UserD,h09_mw03,National Grid EE,0.0
UserD,h09_mw03,Storage EE,1.8752618166218493
UserD,h09_mw03,Gas Boiler,0.0
UserD,h09_mw03,HP,0.0
UserD,h09_mw03,AC,0.0
UserD,h09_mw03,Storage HW,0.0
UserD,h09_mw03,Radiators,0.0
UserD,h09_mw03,Floor heating,0.0
UserD,h09_mw03,Induction stove,0.0
UserD,h09_mw03,Gas stove,0.0
UserD,h09_mw03,Gas National Grid,0.0
UserD,h10_mw03,PV sys,0.0
UserD,h10_mw03,National Grid EE,0.0
UserD,h10_mw03,Storage EE,2.3123118166218495
UserD,h10_mw03,Gas Boiler,0.0
UserD,h10_mw03,HP,0.0
UserD,h10_mw03,AC,0.0
UserD,h10_mw03,Storage HW,0.0
UserD,h10_mw03,Radiators,0.0
UserD,h10_mw03,Floor heating,0.0
UserD,h10_mw03,Induction stove,0.0
UserD,h10_mw03,Gas stove,0.0
UserD,h10_mw03,Gas National Grid,0.0
UserD,h11_mw03,PV sys,0.0
UserD,h11_mw03,National Grid EE,0.0
UserD,h11_mw03,Storage EE,2.7878618166218496
UserD,h11_mw03,Gas Boiler,0.0
UserD,h11_mw03,HP,0.0
UserD,h11_mw03,AC,0.0
UserD,h11_mw03,Storage HW,0.0
UserD,h11_mw03,Radiators,0.0
UserD,h11_mw03,Floor heating,0.0
UserD,h11_mw03,Induction stove,0.0
UserD,h11_mw03,Gas stove,0.0
UserD,h11_mw03,Gas National Grid,0.0
UserD,h12_mw03,PV sys,0.0
UserD,h12_mw03,National Grid EE,0.0
UserD,h12_mw03,Storage EE,3.23926181662185
UserD,h12_mw03,Gas Boiler,0.0
UserD,h12_mw03,HP,0.0
UserD,h12_mw03,AC,0.0
UserD,h12_mw03,Storage HW,0.0
UserD,h12_mw03,Radiators,0.0
UserD,h12_mw03,Floor heating,0.0
UserD,h12_mw03,Induction stove,0.0
UserD,h12_mw03,Gas stove,0.0
UserD,h12_mw03,Gas National Grid,0.0
UserD,h13_mw03,PV sys,0.0
UserD,h13_mw03,National Grid EE,0.0
UserD,h13_mw03,Storage EE,3.68731181662185
UserD,h13_mw03,Gas Boiler,0.0
UserD,h13_mw03,HP,0.0
UserD,h13_mw03,AC,0.0
UserD,h13_mw03,Storage HW,0.0
UserD,h13_mw03,Radiators,0.0
UserD,h13_mw03,Floor heating,0.0
UserD,h13_mw03,Induction stove,0.0
UserD,h13_mw03,Gas stove,0.0
UserD,h13_mw03,Gas National Grid,0.0
UserD,h14_mw03,PV sys,0.0
UserD,h14_mw03,National Grid EE,0.0
UserD,h14_mw03,Storage EE,4.09276181662185
UserD,h14_mw03,Gas Boiler,0.0
UserD,h14_mw03,HP,0.0
UserD,h14_mw03,AC,0.0
UserD,h14_mw03,Storage HW,0.0
UserD,h14_mw03,Radiators,0.0
UserD,h14_mw03,Floor heating,0.0
UserD,h14_mw03,Induction stove,0.0
UserD,h14_mw03,Gas stove,0.0
UserD,h14_mw03,Gas National Grid,0.0
UserD,h15_mw03,PV sys,0.0
UserD,h15_mw03,National Grid EE,0.0
UserD,h15_mw03,Storage EE,4.149111497889062
UserD,h15_mw03,Gas Boiler,0.0
UserD,h15_mw03,HP,0.0
UserD,h15_mw03,AC,0.0
UserD,h15_mw03,Storage HW,0.0
UserD,h15_mw03,Radiators,0.0
UserD,h15_mw03,Floor heating,0.0
UserD,h15_mw03,Induction stove,0.0
UserD,h15_mw03,Gas stove,0.0
UserD,h15_mw03,Gas National Grid,0.0
UserD,h16_mw03,PV sys,0.0
UserD,h16_mw03,National Grid EE,0.0
UserD,h16_mw03,Storage EE,4.177061464555728
UserD,h16_mw03,Gas Boiler,0.0
UserD,h16_mw03,HP,0.0
UserD,h16_mw03,AC,0.0
UserD,h16_mw03,Storage HW,0.0
UserD,h16_mw03,Radiators,0.0
UserD,h16_mw03,Floor heating,0.0
UserD,h16_mw03,Induction stove,0.0
UserD,h16_mw03,Gas stove,0.0
UserD,h16_mw03,Gas National Grid,0.0
UserD,h17_mw03,PV sys,0.0
UserD,h17_mw03,National Grid EE,0.0
UserD,h17_mw03,Storage EE,4.058710464555728
UserD,h17_mw03,Gas Boiler,0.0
UserD,h17_mw03,HP,0.0
UserD,h17_mw03,AC,0.0
UserD,h17_mw03,Storage HW,0.0
UserD,h17_mw03,Radiators,0.0
UserD,h17_mw03,Floor heating,0.0
UserD,h17_mw03,Induction stove,0.0
UserD,h17_mw03,Gas stove,0.0
UserD,h17_mw03,Gas National Grid,0.0
UserD,h18_mw03,PV sys,0.0
UserD,h18_mw03,National Grid EE,0.0
UserD,h18_mw03,Storage EE,3.801709464555728
UserD,h18_mw03,Gas Boiler,0.0
UserD,h18_mw03,HP,0.0
UserD,h18_mw03,AC,0.0
UserD,h18_mw03,Storage HW,0.0
UserD,h18_mw03,Radiators,0.0
UserD,h18_mw03,Floor heating,0.0
UserD,h18_mw03,Induction stove,0.0
UserD,h18_mw03,Gas stove,0.0
UserD,h18_mw03,Gas National Grid,0.0
UserD,h19_mw03,PV sys,0.0
UserD,h19_mw03,National Grid EE,0.0
UserD,h19_mw03,Storage EE,2.7659893652892587
UserD,h19_mw03,Gas Boiler,0.0
UserD,h19_mw03,HP,0.0
UserD,h19_mw03,AC,0.0
UserD,h19_mw03,Storage HW,0.0
UserD,h19_mw03,Radiators,0.0
UserD,h19_mw03,Floor heating,0.0
UserD,h19_mw03,Induction stove,0.0
UserD,h19_mw03,Gas stove,0.0
UserD,h19_mw03,Gas National Grid,0.0
UserD,h20_mw03,PV sys,0.0
UserD,h20_mw03,National Grid EE,0.0
UserD,h20_mw03,Storage EE,1.305953483333333
UserD,h20_mw03,Gas Boiler,0.0
UserD,h20_mw03,HP,0.0
UserD,h20_mw03,AC,0.0
UserD,h20_mw03,Storage HW,0.0
UserD,h20_mw03,Radiators,0.0
UserD,h20_mw03,Floor heating,0.0
UserD,h20_mw03,Induction stove,0.0
UserD,h20_mw03,Gas stove,0.0
UserD,h20_mw03,Gas National Grid,0.0
UserD,h21_mw03,PV sys,0.0
UserD,h21_mw03,National Grid EE,0.0
UserD,h21_mw03,Storage EE,1.305953483333333
UserD,h21_mw03,Gas Boiler,0.0
UserD,h21_mw03,HP,0.0
UserD,h21_mw03,AC,0.0
UserD,h21_mw03,Storage HW,0.0
UserD,h21_mw03,Radiators,0.0
UserD,h21_mw03,Floor heating,0.0
UserD,h21_mw03,Induction stove,0.0
UserD,h21_mw03,Gas stove,0.0
UserD,h21_mw03,Gas National Grid,0.0
UserD,h22_mw03,PV sys,0.0
UserD,h22_mw03,National Grid EE,0.0
UserD,h22_mw03,Storage EE,1.305953483333333
UserD,h22_mw03,Gas Boiler,0.0
UserD,h22_mw03,HP,0.0
UserD,h22_mw03,AC,0.0
UserD,h22_mw03,Storage HW,0.0
UserD,h22_mw03,Radiators,0.0
UserD,h22_mw03,Floor heating,0.0
UserD,h22_mw03,Induction stove,0.0
UserD,h22_mw03,Gas stove,0.0
UserD,h22_mw03,Gas National Grid,0.0
UserD,h23_mw03,PV sys,0.0
UserD,h23_mw03,National Grid EE,0.0
UserD,h23_mw03,Storage EE,1.305953483333333
UserD,h23_mw03,Gas Boiler,0.0
UserD,h23_mw03,HP,0.0
UserD,h23_mw03,AC,0.0
UserD,h23_mw03,Storage HW,0.0
UserD,h23_mw03,Radiators,0.0
UserD,h23_mw03,Floor heating,0.0
UserD,h23_mw03,Induction stove,0.0
UserD,h23_mw03,Gas stove,0.0
UserD,h23_mw03,Gas National Grid,0.0
UserD,h24_mw03,PV sys,0.0
UserD,h24_mw03,National Grid EE,0.0
UserD,h24_mw03,Storage EE,0.6
UserD,h24_mw03,Gas Boiler,0.0
UserD,h24_mw03,HP,0.0
UserD,h24_mw03,AC,0.0
UserD,h24_mw03,Storage HW,0.0
UserD,h24_mw03,Radiators,0.0
UserD,h24_mw03,Floor heating,0.0
UserD,h24_mw03,Induction stove,0.0
UserD,h24_mw03,Gas stove,0.0
UserD,h24_mw03,Gas National Grid,0.0
UserD,h01_mw04,PV sys,0.0
UserD,h01_mw04,National Grid EE,0.0
UserD,h01_mw04,Storage EE,0.6
UserD,h01_mw04,Gas Boiler,0.0
UserD,h01_mw04,HP,0.0
UserD,h01_mw04,AC,0.0
UserD,h01_mw04,Storage HW,0.0
UserD,h01_mw04,Radiators,0.0
UserD,h01_mw04,Floor heating,0.0
UserD,h01_mw04,Induction stove,0.0
UserD,h01_mw04,Gas stove,0.0
UserD,h01_mw04,Gas National Grid,0.0
UserD,h02_mw04,PV sys,0.0
UserD,h02_mw04,National Grid EE,0.0
UserD,h02_mw04,Storage EE,0.6
UserD,h02_mw04,Gas Boiler,0.0
UserD,h02_mw04,HP,0.0
UserD,h02_mw04,AC,0.0
UserD,h02_mw04,Storage HW,0.0
UserD,h02_mw04,Radiators,0.0
UserD,h02_mw04,Floor heating,0.0
UserD,h02_mw04,Induction stove,0.0
UserD,h02_mw04,Gas stove,0.0
UserD,h02_mw04,Gas National Grid,0.0
UserD,h03_mw04,PV sys,0.0
UserD,h03_mw04,National Grid EE,0.0
UserD,h03_mw04,Storage EE,0.6
UserD,h03_mw04,Gas Boiler,0.0
UserD,h03_mw04,HP,0.0
UserD,h03_mw04,AC,0.0
UserD,h03_mw04,Storage HW,0.0
UserD,h03_mw04,Radiators,0.0
UserD,h03_mw04,Floor heating,0.0
UserD,h03_mw04,Induction stove,0.0
UserD,h03_mw04,Gas stove,0.0
UserD,h03_mw04,Gas National Grid,0.0
UserD,h04_mw04,PV sys,0.0
UserD,h04_mw04,National Grid EE,0.0
UserD,h04_mw04,Storage EE,0.6
UserD,h04_mw04,Gas Boiler,0.0
UserD,h04_mw04,HP,0.0
UserD,h04_mw04,AC,0.0
UserD,h04_mw04,Storage HW,0.0
UserD,h04_mw04,Radiators,0.0
UserD,h04_mw04,Floor heating,0.0
UserD,h04_mw04,Induction stove,0.0
UserD,h04_mw04,Gas stove,0.0
UserD,h04_mw04,Gas National Grid,0.0
UserD,h05_mw04,PV sys,0.0
UserD,h05_mw04,National Grid EE,0.0
UserD,h05_mw04,Storage EE,0.6
UserD,h05_mw04,Gas Boiler,0.0
UserD,h05_mw04,HP,0.0
UserD,h05_mw04,AC,0.0
UserD,h05_mw04,Storage HW,0.0
UserD,h05_mw04,Radiators,0.0
UserD,h05_mw04,Floor heating,0.0
UserD,h05_mw04,Induction stove,0.0
UserD,h05_mw04,Gas stove,0.0
UserD,h05_mw04,Gas National Grid,0.0
UserD,h06_mw04,PV sys,0.0
UserD,h06_mw04,National Grid EE,0.0
UserD,h06_mw04,Storage EE,0.6
UserD,h06_mw04,Gas Boiler,0.0
UserD,h06_mw04,HP,0.0
UserD,h06_mw04,AC,0.0
UserD,h06_mw04,Storage HW,0.0
UserD,h06_mw04,Radiators,0.0
UserD,h06_mw04,Floor heating,0.0
UserD,h06_mw04,Induction stove,0.0
UserD,h06_mw04,Gas stove,0.0
UserD,h06_mw04,Gas National Grid,0.0
UserD,h07_mw04,PV sys,0.0
UserD,h07_mw04,National Grid EE,0.0
UserD,h07_mw04,Storage EE,0.6
UserD,h07_mw04,Gas Boiler,0.0
UserD,h07_mw04,HP,0.0
UserD,h07_mw04,AC,0.0
UserD,h07_mw04,Storage HW,0.0
UserD,h07_mw04,Radiators,0.0
UserD,h07_mw04,Floor heating,0.0
UserD,h07_mw04,Induction stove,0.0
UserD,h07_mw04,Gas stove,0.0
UserD,h07_mw04,Gas National Grid,0.0
UserD,h08_mw04,PV sys,0.0
UserD,h08_mw04,National Grid EE,0.0
UserD,h08_mw04,Storage EE,0.8527710891271075
UserD,h08_mw04,Gas Boiler,0.0
UserD,h08_mw04,HP,0.0
UserD,h08_mw04,AC,0.0
UserD,h08_mw04,Storage HW,0.0
UserD,h08_mw04,Radiators,0.0
UserD,h08_mw04,Floor heating,0.0
UserD,h08_mw04,Induction stove,0.0
UserD,h08_mw04,Gas stove,0.0
UserD,h08_mw04,Gas National Grid,0.0
UserD,h09_mw04,PV sys,0.0
UserD,h09_mw04,National Grid EE,0.0
UserD,h09_mw04,Storage EE,0.6
UserD,h09_mw04,Gas Boiler,0.0
UserD,h09_mw04,HP,0.0
UserD,h09_mw04,AC,0.0
UserD,h09_mw04,Storage HW,0.0
UserD,h09_mw04,Radiators,0.0
UserD,h09_mw04,Floor heating,0.0
UserD,h09_mw04,Induction stove,0.0
UserD,h09_mw04,Gas stove,0.0
UserD,h09_mw04,Gas National Grid,0.0
UserD,h10_mw04,PV sys,0.0
UserD,h10_mw04,National Grid EE,0.0
UserD,h10_mw04,Storage EE,0.6
UserD,h10_mw04,Gas Boiler,0.0
UserD,h10_mw04,HP,0.0
UserD,h10_mw04,AC,0.0
UserD,h10_mw04,Storage HW,0.0
UserD,h10_mw04,Radiators,0.0
UserD,h10_mw04,Floor heating,0.0
UserD,h10_mw04,Induction stove,0.0
UserD,h10_mw04,Gas stove,0.0
UserD,h10_mw04,Gas National Grid,0.0
UserD,h11_mw04,PV sys,0.0
UserD,h11_mw04,National Grid EE,0.0
UserD,h11_mw04,Storage EE,2.1045640166666666
UserD,h11_mw04,Gas Boiler,0.0
UserD,h11_mw04,HP,0.0
UserD,h11_mw04,AC,0.0
UserD,h11_mw04,Storage HW,0.0
UserD,h11_mw04,Radiators,0.0
UserD,h11_mw04,Floor heating,0.0
UserD,h11_mw04,Induction stove,0.0
UserD,h11_mw04,Gas stove,0.0
UserD,h11_mw04,Gas National Grid,0.0
UserD,h12_mw04,PV sys,0.0
UserD,h12_mw04,National Grid EE,0.0
UserD,h12_mw04,Storage EE,4.290429166666666
UserD,h12_mw04,Gas Boiler,0.0
UserD,h12_mw04,HP,0.0
UserD,h12_mw04,AC,0.0
UserD,h12_mw04,Storage HW,0.0
UserD,h12_mw04,Radiators,0.0
UserD,h12_mw04,Floor heating,0.0
UserD,h12_mw04,Induction stove,0.0
UserD,h12_mw04,Gas stove,0.0
UserD,h12_mw04,Gas National Grid,0.0
UserD,h13_mw04,PV sys,0.0
UserD,h13_mw04,National Grid EE,0.0
UserD,h13_mw04,Storage EE,5.7
UserD,h13_mw04,Gas Boiler,0.0
UserD,h13_mw04,HP,0.0
UserD,h13_mw04,AC,0.0
UserD,h13_mw04,Storage HW,0.0
UserD,h13_mw04,Radiators,0.0
UserD,h13_mw04,Floor heating,0.0
UserD,h13_mw04,Induction stove,0.0
UserD,h13_mw04,Gas stove,0.0
UserD,h13_mw04,Gas National Grid,0.0
UserD,h14_mw04,PV sys,0.0
UserD,h14_mw04,National Grid EE,0.0
UserD,h14_mw04,Storage EE,4.931797616666667
UserD,h14_mw04,Gas Boiler,0.0
UserD,h14_mw04,HP,0.0
UserD,h14_mw04,AC,0.0
UserD,h14_mw04,Storage HW,0.0
UserD,h14_mw04,Radiators,0.0
UserD,h14_mw04,Floor heating,0.0
UserD,h14_mw04,Induction stove,0.0
UserD,h14_mw04,Gas stove,0.0
UserD,h14_mw04,Gas National Grid,0.0
UserD,h15_mw04,PV sys,0.0
UserD,h15_mw04,National Grid EE,0.0
UserD,h15_mw04,Storage EE,5.7
UserD,h15_mw04,Gas Boiler,0.0
UserD,h15_mw04,HP,0.0
UserD,h15_mw04,AC,0.0
UserD,h15_mw04,Storage HW,0.0
UserD,h15_mw04,Radiators,0.0
UserD,h15_mw04,Floor heating,0.0
UserD,h15_mw04,Induction stove,0.0
UserD,h15_mw04,Gas stove,0.0
UserD,h15_mw04,Gas National Grid,0.0
UserD,h16_mw04,PV sys,0.0
UserD,h16_mw04,National Grid EE,0.0
UserD,h16_mw04,Storage EE,5.7
UserD,h16_mw04,Gas Boiler,0.0
UserD,h16_mw04,HP,0.0
UserD,h16_mw04,AC,0.0
UserD,h16_mw04,Storage HW,0.0
UserD,h16_mw04,Radiators,0.0
UserD,h16_mw04,Floor heating,0.0
UserD,h16_mw04,Induction stove,0.0
UserD,h16_mw04,Gas stove,0.0
UserD,h16_mw04,Gas National Grid,0.0
UserD,h17_mw04,PV sys,0.0
UserD,h17_mw04,National Grid EE,0.0
UserD,h17_mw04,Storage EE,5.7
UserD,h17_mw04,Gas Boiler,0.0
UserD,h17_mw04,HP,0.0
UserD,h17_mw04,AC,0.0
UserD,h17_mw04,Storage HW,0.0
UserD,h17_mw04,Radiators,0.0
UserD,h17_mw04,Floor heating,0.0
UserD,h17_mw04,Induction stove,0.0
UserD,h17_mw04,Gas stove,0.0
UserD,h17_mw04,Gas National Grid,0.0
UserD,h18_mw04,PV sys,0.0
UserD,h18_mw04,National Grid EE,0.0
UserD,h18_mw04,Storage EE,5.4365000000000006
UserD,h18_mw04,Gas Boiler,0.0
UserD,h18_mw04,HP,0.0
UserD,h18_mw04,AC,0.0
UserD,h18_mw04,Storage HW,0.0
UserD,h18_mw04,Radiators,0.0
UserD,h18_mw04,Floor heating,0.0
UserD,h18_mw04,Induction stove,0.0
UserD,h18_mw04,Gas stove,0.0
UserD,h18_mw04,Gas National Grid,0.0
UserD,h19_mw04,PV sys,0.0
UserD,h19_mw04,National Grid EE,0.0
UserD,h19_mw04,Storage EE,3.605709198061087
UserD,h19_mw04,Gas Boiler,0.0
UserD,h19_mw04,HP,0.0
UserD,h19_mw04,AC,0.0
UserD,h19_mw04,Storage HW,0.0
UserD,h19_mw04,Radiators,0.0
UserD,h19_mw04,Floor heating,0.0
UserD,h19_mw04,Induction stove,0.0
UserD,h19_mw04,Gas stove,0.0
UserD,h19_mw04,Gas National Grid,0.0
UserD,h20_mw04,PV sys,0.0
UserD,h20_mw04,National Grid EE,0.0
UserD,h20_mw04,Storage EE,2.493169944511623
UserD,h20_mw04,Gas Boiler,0.0
UserD,h20_mw04,HP,0.0
UserD,h20_mw04,AC,0.0
UserD,h20_mw04,Storage HW,0.0
UserD,h20_mw04,Radiators,0.0
UserD,h20_mw04,Floor heating,0.0
UserD,h20_mw04,Induction stove,0.0
UserD,h20_mw04,Gas stove,0.0
UserD,h20_mw04,Gas National Grid,0.0
UserD,h21_mw04,PV sys,0.0
UserD,h21_mw04,National Grid EE,0.0
UserD,h21_mw04,Storage EE,1.5150774111782908
UserD,h21_mw04,Gas Boiler,0.0
UserD,h21_mw04,HP,0.0
UserD,h21_mw04,AC,0.0
UserD,h21_mw04,Storage HW,0.0
UserD,h21_mw04,Radiators,0.0
UserD,h21_mw04,Floor heating,0.0
UserD,h21_mw04,Induction stove,0.0
UserD,h21_mw04,Gas stove,0.0
UserD,h21_mw04,Gas National Grid,0.0
UserD,h22_mw04,PV sys,0.0
UserD,h22_mw04,National Grid EE,0.0
UserD,h22_mw04,Storage EE,0.6728443611782917
UserD,h22_mw04,Gas Boiler,0.0
UserD,h22_mw04,HP,0.0
UserD,h22_mw04,AC,0.0
UserD,h22_mw04,Storage HW,0.0
UserD,h22_mw04,Radiators,0.0
UserD,h22_mw04,Floor heating,0.0
UserD,h22_mw04,Induction stove,0.0
UserD,h22_mw04,Gas stove,0.0
UserD,h22_mw04,Gas National Grid,0.0
UserD,h23_mw04,PV sys,0.0
UserD,h23_mw04,National Grid EE,0.0
UserD,h23_mw04,Storage EE,0.6
UserD,h23_mw04,Gas Boiler,0.0
UserD,h23_mw04,HP,0.0
UserD,h23_mw04,AC,0.0
UserD,h23_mw04,Storage HW,0.0
UserD,h23_mw04,Radiators,0.0
UserD,h23_mw04,Floor heating,0.0
UserD,h23_mw04,Induction stove,0.0
UserD,h23_mw04,Gas stove,0.0
UserD,h23_mw04,Gas National Grid,0.0
UserD,h24_mw04,PV sys,0.0
UserD,h24_mw04,National Grid EE,0.0
UserD,h24_mw04,Storage EE,0.6
UserD,h24_mw04,Gas Boiler,0.0
UserD,h24_mw04,HP,0.0
UserD,h24_mw04,AC,0.0
UserD,h24_mw04,Storage HW,0.0
UserD,h24_mw04,Radiators,0.0
UserD,h24_mw04,Floor heating,0.0
UserD,h24_mw04,Induction stove,0.0
UserD,h24_mw04,Gas stove,0.0
UserD,h24_mw04,Gas National Grid,0.0
UserD,h01_mw05,PV sys,0.0
UserD,h01_mw05,National Grid EE,0.0
UserD,h01_mw05,Storage EE,0.6
UserD,h01_mw05,Gas Boiler,0.0
UserD,h01_mw05,HP,0.0
UserD,h01_mw05,AC,0.0
UserD,h01_mw05,Storage HW,0.0
UserD,h01_mw05,Radiators,0.0
UserD,h01_mw05,Floor heating,0.0
UserD,h01_mw05,Induction stove,0.0
UserD,h01_mw05,Gas stove,0.0
UserD,h01_mw05,Gas National Grid,0.0
UserD,h02_mw05,PV sys,0.0
UserD,h02_mw05,National Grid EE,0.0
UserD,h02_mw05,Storage EE,0.6
UserD,h02_mw05,Gas Boiler,0.0
UserD,h02_mw05,HP,0.0
UserD,h02_mw05,AC,0.0
UserD,h02_mw05,Storage HW,0.0
UserD,h02_mw05,Radiators,0.0
UserD,h02_mw05,Floor heating,0.0
UserD,h02_mw05,Induction stove,0.0
UserD,h02_mw05,Gas stove,0.0
UserD,h02_mw05,Gas National Grid,0.0
UserD,h03_mw05,PV sys,0.0
UserD,h03_mw05,National Grid EE,0.0
UserD,h03_mw05,Storage EE,0.6
UserD,h03_mw05,Gas Boiler,0.0
UserD,h03_mw05,HP,0.0
UserD,h03_mw05,AC,0.0
UserD,h03_mw05,Storage HW,0.0
UserD,h03_mw05,Radiators,0.0
UserD,h03_mw05,Floor heating,0.0
UserD,h03_mw05,Induction stove,0.0
UserD,h03_mw05,Gas stove,0.0
UserD,h03_mw05,Gas National Grid,0.0
UserD,h04_mw05,PV sys,0.0
UserD,h04_mw05,National Grid EE,0.0
UserD,h04_mw05,Storage EE,0.6
UserD,h04_mw05,Gas Boiler,0.0
UserD,h04_mw05,HP,0.0
UserD,h04_mw05,AC,0.0
UserD,h04_mw05,Storage HW,0.0
UserD,h04_mw05,Radiators,0.0
UserD,h04_mw05,Floor heating,0.0
UserD,h04_mw05,Induction stove,0.0
UserD,h04_mw05,Gas stove,0.0
UserD,h04_mw05,Gas National Grid,0.0
UserD,h05_mw05,PV sys,0.0
UserD,h05_mw05,National Grid EE,0.0
UserD,h05_mw05,Storage EE,0.6
UserD,h05_mw05,Gas Boiler,0.0
UserD,h05_mw05,HP,0.0
UserD,h05_mw05,AC,0.0
UserD,h05_mw05,Storage HW,0.0
UserD,h05_mw05,Radiators,0.0
UserD,h05_mw05,Floor heating,0.0
UserD,h05_mw05,Induction stove,0.0
UserD,h05_mw05,Gas stove,0.0
UserD,h05_mw05,Gas National Grid,0.0
UserD,h06_mw05,PV sys,0.0
UserD,h06_mw05,National Grid EE,0.0
UserD,h06_mw05,Storage EE,0.6
UserD,h06_mw05,Gas Boiler,0.0
UserD,h06_mw05,HP,0.0
UserD,h06_mw05,AC,0.0
UserD,h06_mw05,Storage HW,0.0
UserD,h06_mw05,Radiators,0.0
UserD,h06_mw05,Floor heating,0.0
UserD,h06_mw05,Induction stove,0.0
UserD,h06_mw05,Gas stove,0.0
UserD,h06_mw05,Gas National Grid,0.0
UserD,h07_mw05,PV sys,0.0
UserD,h07_mw05,National Grid EE,0.0
UserD,h07_mw05,Storage EE,0.6
UserD,h07_mw05,Gas Boiler,0.0
UserD,h07_mw05,HP,0.0
UserD,h07_mw05,AC,0.0
UserD,h07_mw05,Storage HW,0.0
UserD,h07_mw05,Radiators,0.0
UserD,h07_mw05,Floor heating,0.0
UserD,h07_mw05,Induction stove,0.0
UserD,h07_mw05,Gas stove,0.0
UserD,h07_mw05,Gas National Grid,0.0
UserD,h08_mw05,PV sys,0.0
UserD,h08_mw05,National Grid EE,0.0
UserD,h08_mw05,Storage EE,0.6
UserD,h08_mw05,Gas Boiler,0.0
UserD,h08_mw05,HP,0.0
UserD,h08_mw05,AC,0.0
UserD,h08_mw05,Storage HW,0.0
UserD,h08_mw05,Radiators,0.0
UserD,h08_mw05,Floor heating,0.0
UserD,h08_mw05,Induction stove,0.0
UserD,h08_mw05,Gas stove,0.0
UserD,h08_mw05,Gas National Grid,0.0
UserD,h09_mw05,PV sys,0.0
UserD,h09_mw05,National Grid EE,0.0
UserD,h09_mw05,Storage EE,0.6
UserD,h09_mw05,Gas Boiler,0.0
UserD,h09_mw05,HP,0.0
UserD,h09_mw05,AC,0.0
UserD,h09_mw05,Storage HW,0.0
UserD,h09_mw05,Radiators,0.0
UserD,h09_mw05,Floor heating,0.0
UserD,h09_mw05,Induction stove,0.0
UserD,h09_mw05,Gas stove,0.0
UserD,h09_mw05,Gas National Grid,0.0
UserD,h10_mw05,PV sys,0.0
UserD,h10_mw05,National Grid EE,0.0
UserD,h10_mw05,Storage EE,0.6
UserD,h10_mw05,Gas Boiler,0.0
UserD,h10_mw05,HP,0.0
UserD,h10_mw05,AC,0.0
UserD,h10_mw05,Storage HW,0.0
UserD,h10_mw05,Radiators,0.0
UserD,h10_mw05,Floor heating,0.0
UserD,h10_mw05,Induction stove,0.0
UserD,h10_mw05,Gas stove,0.0
UserD,h10_mw05,Gas National Grid,0.0
UserD,h11_mw05,PV sys,0.0
UserD,h11_mw05,National Grid EE,0.0
UserD,h11_mw05,Storage EE,0.8303159166666667
UserD,h11_mw05,Gas Boiler,0.0
UserD,h11_mw05,HP,0.0
UserD,h11_mw05,AC,0.0
UserD,h11_mw05,Storage HW,0.0
UserD,h11_mw05,Radiators,0.0
UserD,h11_mw05,Floor heating,0.0
UserD,h11_mw05,Induction stove,0.0
UserD,h11_mw05,Gas stove,0.0
UserD,h11_mw05,Gas National Grid,0.0
UserD,h12_mw05,PV sys,0.0
UserD,h12_mw05,National Grid EE,0.0
UserD,h12_mw05,Storage EE,1.7469659166666667
UserD,h12_mw05,Gas Boiler,0.0
UserD,h12_mw05,HP,0.0
UserD,h12_mw05,AC,0.0
UserD,h12_mw05,Storage HW,0.0
UserD,h12_mw05,Radiators,0.0
UserD,h12_mw05,Floor heating,0.0
UserD,h12_mw05,Induction stove,0.0
UserD,h12_mw05,Gas stove,0.0
UserD,h12_mw05,Gas National Grid,0.0
UserD,h13_mw05,PV sys,0.0
UserD,h13_mw05,National Grid EE,0.0
UserD,h13_mw05,Storage EE,2.629915916666667
UserD,h13_mw05,Gas Boiler,0.0
UserD,h13_mw05,HP,0.0
UserD,h13_mw05,AC,0.0
UserD,h13_mw05,Storage HW,0.0
UserD,h13_mw05,Radiators,0.0
UserD,h13_mw05,Floor heating,0.0
UserD,h13_mw05,Induction stove,0.0
UserD,h13_mw05,Gas stove,0.0
UserD,h13_mw05,Gas National Grid,0.0
UserD,h14_mw05,PV sys,0.0
UserD,h14_mw05,National Grid EE,0.0
UserD,h14_mw05,Storage EE,3.591175257999055
UserD,h14_mw05,Gas Boiler,0.0
UserD,h14_mw05,HP,0.0
UserD,h14_mw05,AC,0.0
UserD,h14_mw05,Storage HW,0.0
UserD,h14_mw05,Radiators,0.0
UserD,h14_mw05,Floor heating,0.0
UserD,h14_mw05,Induction stove,0.0
UserD,h14_mw05,Gas stove,0.0
UserD,h14_mw05,Gas National Grid,0.0
UserD,h15_mw05,PV sys,0.0
UserD,h15_mw05,National Grid EE,0.0
UserD,h15_mw05,Storage EE,4.242074674665721
UserD,h15_mw05,Gas Boiler,0.0
UserD,h15_mw05,HP,0.0
UserD,h15_mw05,AC,0.0
UserD,h15_mw05,Storage HW,0.0
UserD,h15_mw05,Radiators,0.0
UserD,h15_mw05,Floor heating,0.0
UserD,h15_mw05,Induction stove,0.0
UserD,h15_mw05,Gas stove,0.0
UserD,h15_mw05,Gas National Grid,0.0
UserD,h16_mw05,PV sys,0.0
UserD,h16_mw05,National Grid EE,0.0
UserD,h16_mw05,Storage EE,4.810357907999054
UserD,h16_mw05,Gas Boiler,0.0
UserD,h16_mw05,HP,0.0
UserD,h16_mw05,AC,0.0
UserD,h16_mw05,Storage HW,0.0
UserD,h16_mw05,Radiators,0.0
UserD,h16_mw05,Floor heating,0.0
UserD,h16_mw05,Induction stove,0.0
UserD,h16_mw05,Gas stove,0.0
UserD,h16_mw05,Gas National Grid,0.0
UserD,h17_mw05,PV sys,0.0
UserD,h17_mw05,National Grid EE,0.0
UserD,h17_mw05,Storage EE,5.203606907999054
UserD,h17_mw05,Gas Boiler,0.0
UserD,h17_mw05,HP,0.0
UserD,h17_mw05,AC,0.0
UserD,h17_mw05,Storage HW,0.0
UserD,h17_mw05,Radiators,0.0
UserD,h17_mw05,Floor heating,0.0
UserD,h17_mw05,Induction stove,0.0
UserD,h17_mw05,Gas stove,0.0
UserD,h17_mw05,Gas National Grid,0.0
UserD,h18_mw05,PV sys,0.0
UserD,h18_mw05,National Grid EE,0.0
UserD,h18_mw05,Storage EE,5.188029837999054
UserD,h18_mw05,Gas Boiler,0.0
UserD,h18_mw05,HP,0.0
UserD,h18_mw05,AC,0.0
UserD,h18_mw05,Storage HW,0.0
UserD,h18_mw05,Radiators,0.0
UserD,h18_mw05,Floor heating,0.0
UserD,h18_mw05,Induction stove,0.0
UserD,h18_mw05,Gas stove,0.0
UserD,h18_mw05,Gas National Grid,0.0
UserD,h19_mw05,PV sys,0.0
UserD,h19_mw05,National Grid EE,0.0
UserD,h19_mw05,Storage EE,4.17775918685749
UserD,h19_mw05,Gas Boiler,0.0
UserD,h19_mw05,HP,0.0
UserD,h19_mw05,AC,0.0
UserD,h19_mw05,Storage HW,0.0
UserD,h19_mw05,Radiators,0.0
UserD,h19_mw05,Floor heating,0.0
UserD,h19_mw05,Induction stove,0.0
UserD,h19_mw05,Gas stove,0.0
UserD,h19_mw05,Gas National Grid,0.0
UserD,h20_mw05,PV sys,0.0
UserD,h20_mw05,National Grid EE,0.0
UserD,h20_mw05,Storage EE,3.5663632833333327
UserD,h20_mw05,Gas Boiler,0.0
UserD,h20_mw05,HP,0.0
UserD,h20_mw05,AC,0.0
UserD,h20_mw05,Storage HW,0.0
UserD,h20_mw05,Radiators,0.0
UserD,h20_mw05,Floor heating,0.0
UserD,h20_mw05,Induction stove,0.0
UserD,h20_mw05,Gas stove,0.0
UserD,h20_mw05,Gas National Grid,0.0
UserD,h21_mw05,PV sys,0.0
UserD,h21_mw05,National Grid EE,0.0
UserD,h21_mw05,Storage EE,2.980334383333333
UserD,h21_mw05,Gas Boiler,0.0
UserD,h21_mw05,HP,0.0
UserD,h21_mw05,AC,0.0
UserD,h21_mw05,Storage HW,0.0
UserD,h21_mw05,Radiators,0.0
UserD,h21_mw05,Floor heating,0.0
UserD,h21_mw05,Induction stove,0.0
UserD,h21_mw05,Gas stove,0.0
UserD,h21_mw05,Gas National Grid,0.0
UserD,h22_mw05,PV sys,0.0
UserD,h22_mw05,National Grid EE,0.0
UserD,h22_mw05,Storage EE,2.169114183333334
UserD,h22_mw05,Gas Boiler,0.0
UserD,h22_mw05,HP,0.0
UserD,h22_mw05,AC,0.0
UserD,h22_mw05,Storage HW,0.0
UserD,h22_mw05,Radiators,0.0
UserD,h22_mw05,Floor heating,0.0
UserD,h22_mw05,Induction stove,0.0
UserD,h22_mw05,Gas stove,0.0
UserD,h22_mw05,Gas National Grid,0.0
UserD,h23_mw05,PV sys,0.0
UserD,h23_mw05,National Grid EE,0.0
UserD,h23_mw05,Storage EE,2.169114183333334
UserD,h23_mw05,Gas Boiler,0.0
UserD,h23_mw05,HP,0.0
UserD,h23_mw05,AC,0.0
UserD,h23_mw05,Storage HW,0.0
UserD,h23_mw05,Radiators,0.0
UserD,h23_mw05,Floor heating,0.0
UserD,h23_mw05,Induction stove,0.0
UserD,h23_mw05,Gas stove,0.0
UserD,h23_mw05,Gas National Grid,0.0
UserD,h24_mw05,PV sys,0.0
UserD,h24_mw05,National Grid EE,0.0
UserD,h24_mw05,Storage EE,1.8679779666666667
UserD,h24_mw05,Gas Boiler,0.0
UserD,h24_mw05,HP,0.0
UserD,h24_mw05,AC,0.0
UserD,h24_mw05,Storage HW,0.0
UserD,h24_mw05,Radiators,0.0
UserD,h24_mw05,Floor heating,0.0
UserD,h24_mw05,Induction stove,0.0
UserD,h24_mw05,Gas stove,0.0
UserD,h24_mw05,Gas National Grid,0.0
UserD,h01_mw06,PV sys,0.0
UserD,h01_mw06,National Grid EE,0.0
UserD,h01_mw06,Storage EE,1.395559683333333
UserD,h01_mw06,Gas Boiler,0.0
UserD,h01_mw06,HP,0.0
UserD,h01_mw06,AC,0.0
UserD,h01_mw06,Storage HW,0.0
UserD,h01_mw06,Radiators,0.0
UserD,h01_mw06,Floor heating,0.0
UserD,h01_mw06,Induction stove,0.0
UserD,h01_mw06,Gas stove,0.0
UserD,h01_mw06,Gas National Grid,0.0
UserD,h02_mw06,PV sys,0.0
UserD,h02_mw06,National Grid EE,0.0
UserD,h02_mw06,Storage EE,1.2390923333333332
UserD,h02_mw06,Gas Boiler,0.0
UserD,h02_mw06,HP,0.0
UserD,h02_mw06,AC,0.0
UserD,h02_mw06,Storage HW,0.0
UserD,h02_mw06,Radiators,0.0
UserD,h02_mw06,Floor heating,0.0
UserD,h02_mw06,Induction stove,0.0
UserD,h02_mw06,Gas stove,0.0
UserD,h02_mw06,Gas National Grid,0.0
UserD,h03_mw06,PV sys,0.0
UserD,h03_mw06,National Grid EE,0.0
UserD,h03_mw06,Storage EE,1.05107545
UserD,h03_mw06,Gas Boiler,0.0
UserD,h03_mw06,HP,0.0
UserD,h03_mw06,AC,0.0
UserD,h03_mw06,Storage HW,0.0
UserD,h03_mw06,Radiators,0.0
UserD,h03_mw06,Floor heating,0.0
UserD,h03_mw06,Induction stove,0.0
UserD,h03_mw06,Gas stove,0.0
UserD,h03_mw06,Gas National Grid,0.0
UserD,h04_mw06,PV sys,0.0
UserD,h04_mw06,National Grid EE,0.0
UserD,h04_mw06,Storage EE,0.8787917666666663
UserD,h04_mw06,Gas Boiler,0.0
UserD,h04_mw06,HP,0.0
UserD,h04_mw06,AC,0.0
UserD,h04_mw06,Storage HW,0.0
UserD,h04_mw06,Radiators,0.0
UserD,h04_mw06,Floor heating,0.0
UserD,h04_mw06,Induction stove,0.0
UserD,h04_mw06,Gas stove,0.0
UserD,h04_mw06,Gas National Grid,0.0
UserD,h05_mw06,PV sys,0.0
UserD,h05_mw06,National Grid EE,0.0
UserD,h05_mw06,Storage EE,0.6997916833333329
UserD,h05_mw06,Gas Boiler,0.0
UserD,h05_mw06,HP,0.0
UserD,h05_mw06,AC,0.0
UserD,h05_mw06,Storage HW,0.0
UserD,h05_mw06,Radiators,0.0
UserD,h05_mw06,Floor heating,0.0
UserD,h05_mw06,Induction stove,0.0
UserD,h05_mw06,Gas stove,0.0
UserD,h05_mw06,Gas National Grid,0.0
UserD,h06_mw06,PV sys,0.0
UserD,h06_mw06,National Grid EE,0.0
UserD,h06_mw06,Storage EE,0.6
UserD,h06_mw06,Gas Boiler,0.0
UserD,h06_mw06,HP,0.0
UserD,h06_mw06,AC,0.0
UserD,h06_mw06,Storage HW,0.0
UserD,h06_mw06,Radiators,0.0
UserD,h06_mw06,Floor heating,0.0
UserD,h06_mw06,Induction stove,0.0
UserD,h06_mw06,Gas stove,0.0
UserD,h06_mw06,Gas National Grid,0.0
UserD,h07_mw06,PV sys,0.0
UserD,h07_mw06,National Grid EE,0.0
UserD,h07_mw06,Storage EE,1.0312497166666663
UserD,h07_mw06,Gas Boiler,0.0
UserD,h07_mw06,HP,0.0
UserD,h07_mw06,AC,0.0
UserD,h07_mw06,Storage HW,0.0
UserD,h07_mw06,Radiators,0.0
UserD,h07_mw06,Floor heating,0.0
UserD,h07_mw06,Induction stove,0.0
UserD,h07_mw06,Gas stove,0.0
UserD,h07_mw06,Gas National Grid,0.0
UserD,h08_mw06,PV sys,0.0
UserD,h08_mw06,National Grid EE,0.0
UserD,h08_mw06,Storage EE,0.6
UserD,h08_mw06,Gas Boiler,0.0
UserD,h08_mw06,HP,0.0
UserD,h08_mw06,AC,0.0
UserD,h08_mw06,Storage HW,0.0
UserD,h08_mw06,Radiators,0.0
UserD,h08_mw06,Floor heating,0.0
UserD,h08_mw06,Induction stove,0.0
UserD,h08_mw06,Gas stove,0.0
UserD,h08_mw06,Gas National Grid,0.0
UserD,h09_mw06,PV sys,0.0
UserD,h09_mw06,National Grid EE,0.0
UserD,h09_mw06,Storage EE,0.6
UserD,h09_mw06,Gas Boiler,0.0
UserD,h09_mw06,HP,0.0
UserD,h09_mw06,AC,0.0
UserD,h09_mw06,Storage HW,0.0
UserD,h09_mw06,Radiators,0.0
UserD,h09_mw06,Floor heating,0.0
UserD,h09_mw06,Induction stove,0.0
UserD,h09_mw06,Gas stove,0.0
UserD,h09_mw06,Gas National Grid,0.0
UserD,h10_mw06,PV sys,0.0
UserD,h10_mw06,National Grid EE,0.0
UserD,h10_mw06,Storage EE,0.6
UserD,h10_mw06,Gas Boiler,0.0
UserD,h10_mw06,HP,0.0
UserD,h10_mw06,AC,0.0
UserD,h10_mw06,Storage HW,0.0
UserD,h10_mw06,Radiators,0.0
UserD,h10_mw06,Floor heating,0.0
UserD,h10_mw06,Induction stove,0.0
UserD,h10_mw06,Gas stove,0.0
UserD,h10_mw06,Gas National Grid,0.0
UserD,h11_mw06,PV sys,0.0
UserD,h11_mw06,National Grid EE,0.0
UserD,h11_mw06,Storage EE,1.0195800833333335
UserD,h11_mw06,Gas Boiler,0.0
UserD,h11_mw06,HP,0.0
UserD,h11_mw06,AC,0.0
UserD,h11_mw06,Storage HW,0.0
UserD,h11_mw06,Radiators,0.0
UserD,h11_mw06,Floor heating,0.0
UserD,h11_mw06,Induction stove,0.0
UserD,h11_mw06,Gas stove,0.0
UserD,h11_mw06,Gas National Grid,0.0
UserD,h12_mw06,PV sys,0.0
UserD,h12_mw06,National Grid EE,0.0
UserD,h12_mw06,Storage EE,3.3962908833333327
UserD,h12_mw06,Gas Boiler,0.0
UserD,h12_mw06,HP,0.0
UserD,h12_mw06,AC,0.0
UserD,h12_mw06,Storage HW,0.0
UserD,h12_mw06,Radiators,0.0
UserD,h12_mw06,Floor heating,0.0
UserD,h12_mw06,Induction stove,0.0
UserD,h12_mw06,Gas stove,0.0
UserD,h12_mw06,Gas National Grid,0.0
UserD,h13_mw06,PV sys,0.0
UserD,h13_mw06,National Grid EE,0.0
UserD,h13_mw06,Storage EE,3.1490043166666655
UserD,h13_mw06,Gas Boiler,0.0
UserD,h13_mw06,HP,0.0
UserD,h13_mw06,AC,0.0
UserD,h13_mw06,Storage HW,0.0
UserD,h13_mw06,Radiators,0.0
UserD,h13_mw06,Floor heating,0.0
UserD,h13_mw06,Induction stove,0.0
UserD,h13_mw06,Gas stove,0.0
UserD,h13_mw06,Gas National Grid,0.0
UserD,h14_mw06,PV sys,0.0
UserD,h14_mw06,National Grid EE,0.0
UserD,h14_mw06,Storage EE,5.7
UserD,h14_mw06,Gas Boiler,0.0
UserD,h14_mw06,HP,0.0
UserD,h14_mw06,AC,0.0
UserD,h14_mw06,Storage HW,0.0
UserD,h14_mw06,Radiators,0.0
UserD,h14_mw06,Floor heating,0.0
UserD,h14_mw06,Induction stove,0.0
UserD,h14_mw06,Gas stove,0.0
UserD,h14_mw06,Gas National Grid,0.0
UserD,h15_mw06,PV sys,0.0
UserD,h15_mw06,National Grid EE,0.0
UserD,h15_mw06,Storage EE,5.7
UserD,h15_mw06,Gas Boiler,0.0
UserD,h15_mw06,HP,0.0
UserD,h15_mw06,AC,0.0
UserD,h15_mw06,Storage HW,0.0
UserD,h15_mw06,Radiators,0.0
UserD,h15_mw06,Floor heating,0.0
UserD,h15_mw06,Induction stove,0.0
UserD,h15_mw06,Gas stove,0.0
UserD,h15_mw06,Gas National Grid,0.0
UserD,h16_mw06,PV sys,0.0
UserD,h16_mw06,National Grid EE,0.0
UserD,h16_mw06,Storage EE,4.796592599999999
UserD,h16_mw06,Gas Boiler,0.0
UserD,h16_mw06,HP,0.0
UserD,h16_mw06,AC,0.0
UserD,h16_mw06,Storage HW,0.0
UserD,h16_mw06,Radiators,0.0
UserD,h16_mw06,Floor heating,0.0
UserD,h16_mw06,Induction stove,0.0
UserD,h16_mw06,Gas stove,0.0
UserD,h16_mw06,Gas National Grid,0.0
UserD,h17_mw06,PV sys,0.0
UserD,h17_mw06,National Grid EE,0.0
UserD,h17_mw06,Storage EE,5.7
UserD,h17_mw06,Gas Boiler,0.0
UserD,h17_mw06,HP,0.0
UserD,h17_mw06,AC,0.0
UserD,h17_mw06,Storage HW,0.0
UserD,h17_mw06,Radiators,0.0
UserD,h17_mw06,Floor heating,0.0
UserD,h17_mw06,Induction stove,0.0
UserD,h17_mw06,Gas stove,0.0
UserD,h17_mw06,Gas National Grid,0.0
UserD,h18_mw06,PV sys,0.0
UserD,h18_mw06,National Grid EE,0.0
UserD,h18_mw06,Storage EE,5.7
UserD,h18_mw06,Gas Boiler,0.0
UserD,h18_mw06,HP,0.0
UserD,h18_mw06,AC,0.0
UserD,h18_mw06,Storage HW,0.0
UserD,h18_mw06,Radiators,0.0
UserD,h18_mw06,Floor heating,0.0
UserD,h18_mw06,Induction stove,0.0
UserD,h18_mw06,Gas stove,0.0
UserD,h18_mw06,Gas National Grid,0.0
UserD,h19_mw06,PV sys,0.0
UserD,h19_mw06,National Grid EE,0.0
UserD,h19_mw06,Storage EE,5.092278113190676
UserD,h19_mw06,Gas Boiler,0.0
UserD,h19_mw06,HP,0.0
UserD,h19_mw06,AC,0.0
UserD,h19_mw06,Storage HW,0.0
UserD,h19_mw06,Radiators,0.0
UserD,h19_mw06,Floor heating,0.0
UserD,h19_mw06,Induction stove,0.0
UserD,h19_mw06,Gas stove,0.0
UserD,h19_mw06,Gas National Grid,0.0
UserD,h20_mw06,PV sys,0.0
UserD,h20_mw06,National Grid EE,0.0
UserD,h20_mw06,Storage EE,3.34325148527926
UserD,h20_mw06,Gas Boiler,0.0
UserD,h20_mw06,HP,0.0
UserD,h20_mw06,AC,0.0
UserD,h20_mw06,Storage HW,0.0
UserD,h20_mw06,Radiators,0.0
UserD,h20_mw06,Floor heating,0.0
UserD,h20_mw06,Induction stove,0.0
UserD,h20_mw06,Gas stove,0.0
UserD,h20_mw06,Gas National Grid,0.0
UserD,h21_mw06,PV sys,0.0
UserD,h21_mw06,National Grid EE,0.0
UserD,h21_mw06,Storage EE,2.413352668612594
UserD,h21_mw06,Gas Boiler,0.0
UserD,h21_mw06,HP,0.0
UserD,h21_mw06,AC,0.0
UserD,h21_mw06,Storage HW,0.0
UserD,h21_mw06,Radiators,0.0
UserD,h21_mw06,Floor heating,0.0
UserD,h21_mw06,Induction stove,0.0
UserD,h21_mw06,Gas stove,0.0
UserD,h21_mw06,Gas National Grid,0.0
UserD,h22_mw06,PV sys,0.0
UserD,h22_mw06,National Grid EE,0.0
UserD,h22_mw06,Storage EE,1.2255209519459291
UserD,h22_mw06,Gas Boiler,0.0
UserD,h22_mw06,HP,0.0
UserD,h22_mw06,AC,0.0
UserD,h22_mw06,Storage HW,0.0
UserD,h22_mw06,Radiators,0.0
UserD,h22_mw06,Floor heating,0.0
UserD,h22_mw06,Induction stove,0.0
UserD,h22_mw06,Gas stove,0.0
UserD,h22_mw06,Gas National Grid,0.0
UserD,h23_mw06,PV sys,0.0
UserD,h23_mw06,National Grid EE,0.0
UserD,h23_mw06,Storage EE,0.6
UserD,h23_mw06,Gas Boiler,0.0
UserD,h23_mw06,HP,0.0
UserD,h23_mw06,AC,0.0
UserD,h23_mw06,Storage HW,0.0
UserD,h23_mw06,Radiators,0.0
UserD,h23_mw06,Floor heating,0.0
UserD,h23_mw06,Induction stove,0.0
UserD,h23_mw06,Gas stove,0.0
UserD,h23_mw06,Gas National Grid,0.0
UserD,h24_mw06,PV sys,0.0
UserD,h24_mw06,National Grid EE,0.0
UserD,h24_mw06,Storage EE,0.6
UserD,h24_mw06,Gas Boiler,0.0
UserD,h24_mw06,HP,0.0
UserD,h24_mw06,AC,0.0
UserD,h24_mw06,Storage HW,0.0
UserD,h24_mw06,Radiators,0.0
UserD,h24_mw06,Floor heating,0.0
UserD,h24_mw06,Induction stove,0.0
UserD,h24_mw06,Gas stove,0.0
UserD,h24_mw06,Gas National Grid,0.0
UserD,h01_mw07,PV sys,0.0
UserD,h01_mw07,National Grid EE,0.0
UserD,h01_mw07,Storage EE,0.6
UserD,h01_mw07,Gas Boiler,0.0
UserD,h01_mw07,HP,0.0
UserD,h01_mw07,AC,0.0
UserD,h01_mw07,Storage HW,0.0
UserD,h01_mw07,Radiators,0.0
UserD,h01_mw07,Floor heating,0.0
UserD,h01_mw07,Induction stove,0.0
UserD,h01_mw07,Gas stove,0.0
UserD,h01_mw07,Gas National Grid,0.0
UserD,h02_mw07,PV sys,0.0
UserD,h02_mw07,National Grid EE,0.0
UserD,h02_mw07,Storage EE,0.6
UserD,h02_mw07,Gas Boiler,0.0
UserD,h02_mw07,HP,0.0
UserD,h02_mw07,AC,0.0
UserD,h02_mw07,Storage HW,0.0
UserD,h02_mw07,Radiators,0.0
UserD,h02_mw07,Floor heating,0.0
UserD,h02_mw07,Induction stove,0.0
UserD,h02_mw07,Gas stove,0.0
UserD,h02_mw07,Gas National Grid,0.0
UserD,h03_mw07,PV sys,0.0
UserD,h03_mw07,National Grid EE,0.0
UserD,h03_mw07,Storage EE,0.6
UserD,h03_mw07,Gas Boiler,0.0
UserD,h03_mw07,HP,0.0
UserD,h03_mw07,AC,0.0
UserD,h03_mw07,Storage HW,0.0
UserD,h03_mw07,Radiators,0.0
UserD,h03_mw07,Floor heating,0.0
UserD,h03_mw07,Induction stove,0.0
UserD,h03_mw07,Gas stove,0.0
UserD,h03_mw07,Gas National Grid,0.0
UserD,h04_mw07,PV sys,0.0
UserD,h04_mw07,National Grid EE,0.0
UserD,h04_mw07,Storage EE,0.6
UserD,h04_mw07,Gas Boiler,0.0
UserD,h04_mw07,HP,0.0
UserD,h04_mw07,AC,0.0
UserD,h04_mw07,Storage HW,0.0
UserD,h04_mw07,Radiators,0.0
UserD,h04_mw07,Floor heating,0.0
UserD,h04_mw07,Induction stove,0.0
UserD,h04_mw07,Gas stove,0.0
UserD,h04_mw07,Gas National Grid,0.0
UserD,h05_mw07,PV sys,0.0
UserD,h05_mw07,National Grid EE,0.0
UserD,h05_mw07,Storage EE,0.6
UserD,h05_mw07,Gas Boiler,0.0
UserD,h05_mw07,HP,0.0
UserD,h05_mw07,AC,0.0
UserD,h05_mw07,Storage HW,0.0
UserD,h05_mw07,Radiators,0.0
UserD,h05_mw07,Floor heating,0.0
UserD,h05_mw07,Induction stove,0.0
UserD,h05_mw07,Gas stove,0.0
UserD,h05_mw07,Gas National Grid,0.0
UserD,h06_mw07,PV sys,0.0
UserD,h06_mw07,National Grid EE,0.0
UserD,h06_mw07,Storage EE,0.6
UserD,h06_mw07,Gas Boiler,0.0
UserD,h06_mw07,HP,0.0
UserD,h06_mw07,AC,0.0
UserD,h06_mw07,Storage HW,0.0
UserD,h06_mw07,Radiators,0.0
UserD,h06_mw07,Floor heating,0.0
UserD,h06_mw07,Induction stove,0.0
UserD,h06_mw07,Gas stove,0.0
UserD,h06_mw07,Gas National Grid,0.0
UserD,h07_mw07,PV sys,0.0
UserD,h07_mw07,National Grid EE,0.0
UserD,h07_mw07,Storage EE,0.61365
UserD,h07_mw07,Gas Boiler,0.0
UserD,h07_mw07,HP,0.0
UserD,h07_mw07,AC,0.0
UserD,h07_mw07,Storage HW,0.0
UserD,h07_mw07,Radiators,0.0
UserD,h07_mw07,Floor heating,0.0
UserD,h07_mw07,Induction stove,0.0
UserD,h07_mw07,Gas stove,0.0
UserD,h07_mw07,Gas National Grid,0.0
UserD,h08_mw07,PV sys,0.0
UserD,h08_mw07,National Grid EE,0.0
UserD,h08_mw07,Storage EE,0.6
UserD,h08_mw07,Gas Boiler,0.0
UserD,h08_mw07,HP,0.0
UserD,h08_mw07,AC,0.0
UserD,h08_mw07,Storage HW,0.0
UserD,h08_mw07,Radiators,0.0
UserD,h08_mw07,Floor heating,0.0
UserD,h08_mw07,Induction stove,0.0
UserD,h08_mw07,Gas stove,0.0
UserD,h08_mw07,Gas National Grid,0.0
UserD,h09_mw07,PV sys,0.0
UserD,h09_mw07,National Grid EE,0.0
UserD,h09_mw07,Storage EE,0.7273999999999999
UserD,h09_mw07,Gas Boiler,0.0
UserD,h09_mw07,HP,0.0
UserD,h09_mw07,AC,0.0
UserD,h09_mw07,Storage HW,0.0
UserD,h09_mw07,Radiators,0.0
UserD,h09_mw07,Floor heating,0.0
UserD,h09_mw07,Induction stove,0.0
UserD,h09_mw07,Gas stove,0.0
UserD,h09_mw07,Gas National Grid,0.0
UserD,h10_mw07,PV sys,0.0
UserD,h10_mw07,National Grid EE,0.0
UserD,h10_mw07,Storage EE,0.92165
UserD,h10_mw07,Gas Boiler,0.0
UserD,h10_mw07,HP,0.0
UserD,h10_mw07,AC,0.0
UserD,h10_mw07,Storage HW,0.0
UserD,h10_mw07,Radiators,0.0
UserD,h10_mw07,Floor heating,0.0
UserD,h10_mw07,Induction stove,0.0
UserD,h10_mw07,Gas stove,0.0
UserD,h10_mw07,Gas National Grid,0.0
UserD,h11_mw07,PV sys,0.0
UserD,h11_mw07,National Grid EE,0.0
UserD,h11_mw07,Storage EE,0.6
UserD,h11_mw07,Gas Boiler,0.0
UserD,h11_mw07,HP,0.0
UserD,h11_mw07,AC,0.0
UserD,h11_mw07,Storage HW,0.0
UserD,h11_mw07,Radiators,0.0
UserD,h11_mw07,Floor heating,0.0
UserD,h11_mw07,Induction stove,0.0
UserD,h11_mw07,Gas stove,0.0
UserD,h11_mw07,Gas National Grid,0.0
UserD,h12_mw07,PV sys,0.0
UserD,h12_mw07,National Grid EE,0.0
UserD,h12_mw07,Storage EE,0.7656000000000002
UserD,h12_mw07,Gas Boiler,0.0
UserD,h12_mw07,HP,0.0
UserD,h12_mw07,AC,0.0
UserD,h12_mw07,Storage HW,0.0
UserD,h12_mw07,Radiators,0.0
UserD,h12_mw07,Floor heating,0.0
UserD,h12_mw07,Induction stove,0.0
UserD,h12_mw07,Gas stove,0.0
UserD,h12_mw07,Gas National Grid,0.0
UserD,h13_mw07,PV sys,0.0
UserD,h13_mw07,National Grid EE,0.0
UserD,h13_mw07,Storage EE,0.6
UserD,h13_mw07,Gas Boiler,0.0
UserD,h13_mw07,HP,0.0
UserD,h13_mw07,AC,0.0
UserD,h13_mw07,Storage HW,0.0
UserD,h13_mw07,Radiators,0.0
UserD,h13_mw07,Floor heating,0.0
UserD,h13_mw07,Induction stove,0.0
UserD,h13_mw07,Gas stove,0.0
UserD,h13_mw07,Gas National Grid,0.0
UserD,h14_mw07,PV sys,0.0
UserD,h14_mw07,National Grid EE,0.0
UserD,h14_mw07,Storage EE,0.6
UserD,h14_mw07,Gas Boiler,0.0
UserD,h14_mw07,HP,0.0
UserD,h14_mw07,AC,0.0
UserD,h14_mw07,Storage HW,0.0
UserD,h14_mw07,Radiators,0.0
UserD,h14_mw07,Floor heating,0.0
UserD,h14_mw07,Induction stove,0.0
UserD,h14_mw07,Gas stove,0.0
UserD,h14_mw07,Gas National Grid,0.0
UserD,h15_mw07,PV sys,0.0
UserD,h15_mw07,National Grid EE,0.0
UserD,h15_mw07,Storage EE,0.6
UserD,h15_mw07,Gas Boiler,0.0
UserD,h15_mw07,HP,0.0
UserD,h15_mw07,AC,0.0
UserD,h15_mw07,Storage HW,0.0
UserD,h15_mw07,Radiators,0.0
UserD,h15_mw07,Floor heating,0.0
UserD,h15_mw07,Induction stove,0.0
UserD,h15_mw07,Gas stove,0.0
UserD,h15_mw07,Gas National Grid,0.0
UserD,h16_mw07,PV sys,0.0
UserD,h16_mw07,National Grid EE,0.0
UserD,h16_mw07,Storage EE,0.7373500000000003
UserD,h16_mw07,Gas Boiler,0.0
UserD,h16_mw07,HP,0.0
UserD,h16_mw07,AC,0.0
UserD,h16_mw07,Storage HW,0.0
UserD,h16_mw07,Radiators,0.0
UserD,h16_mw07,Floor heating,0.0
UserD,h16_mw07,Induction stove,0.0
UserD,h16_mw07,Gas stove,0.0
UserD,h16_mw07,Gas National Grid,0.0
UserD,h17_mw07,PV sys,0.0
UserD,h17_mw07,National Grid EE,0.0
UserD,h17_mw07,Storage EE,0.6
UserD,h17_mw07,Gas Boiler,0.0
UserD,h17_mw07,HP,0.0
UserD,h17_mw07,AC,0.0
UserD,h17_mw07,Storage HW,0.0
UserD,h17_mw07,Radiators,0.0
UserD,h17_mw07,Floor heating,0.0
UserD,h17_mw07,Induction stove,0.0
UserD,h17_mw07,Gas stove,0.0
UserD,h17_mw07,Gas National Grid,0.0
UserD,h18_mw07,PV sys,0.0
UserD,h18_mw07,National Grid EE,0.0
UserD,h18_mw07,Storage EE,0.6
UserD,h18_mw07,Gas Boiler,0.0
UserD,h18_mw07,HP,0.0
UserD,h18_mw07,AC,0.0
UserD,h18_mw07,Storage HW,0.0
UserD,h18_mw07,Radiators,0.0
UserD,h18_mw07,Floor heating,0.0
UserD,h18_mw07,Induction stove,0.0
UserD,h18_mw07,Gas stove,0.0
UserD,h18_mw07,Gas National Grid,0.0
UserD,h19_mw07,PV sys,0.0
UserD,h19_mw07,National Grid EE,0.0
UserD,h19_mw07,Storage EE,0.6
UserD,h19_mw07,Gas Boiler,0.0
UserD,h19_mw07,HP,0.0
UserD,h19_mw07,AC,0.0
UserD,h19_mw07,Storage HW,0.0
UserD,h19_mw07,Radiators,0.0
UserD,h19_mw07,Floor heating,0.0
UserD,h19_mw07,Induction stove,0.0
UserD,h19_mw07,Gas stove,0.0
UserD,h19_mw07,Gas National Grid,0.0
UserD,h20_mw07,PV sys,0.0
UserD,h20_mw07,National Grid EE,0.0
UserD,h20_mw07,Storage EE,0.6
UserD,h20_mw07,Gas Boiler,0.0
UserD,h20_mw07,HP,0.0
UserD,h20_mw07,AC,0.0
UserD,h20_mw07,Storage HW,0.0
UserD,h20_mw07,Radiators,0.0
UserD,h20_mw07,Floor heating,0.0
UserD,h20_mw07,Induction stove,0.0
UserD,h20_mw07,Gas stove,0.0
UserD,h20_mw07,Gas National Grid,0.0
UserD,h21_mw07,PV sys,0.0
UserD,h21_mw07,National Grid EE,0.0
UserD,h21_mw07,Storage EE,0.6
UserD,h21_mw07,Gas Boiler,0.0
UserD,h21_mw07,HP,0.0
UserD,h21_mw07,AC,0.0
UserD,h21_mw07,Storage HW,0.0
UserD,h21_mw07,Radiators,0.0
UserD,h21_mw07,Floor heating,0.0
UserD,h21_mw07,Induction stove,0.0
UserD,h21_mw07,Gas stove,0.0
UserD,h21_mw07,Gas National Grid,0.0
UserD,h22_mw07,PV sys,0.0
UserD,h22_mw07,National Grid EE,0.0
UserD,h22_mw07,Storage EE,0.6
UserD,h22_mw07,Gas Boiler,0.0
UserD,h22_mw07,HP,0.0
UserD,h22_mw07,AC,0.0
UserD,h22_mw07,Storage HW,0.0
UserD,h22_mw07,Radiators,0.0
UserD,h22_mw07,Floor heating,0.0
UserD,h22_mw07,Induction stove,0.0
UserD,h22_mw07,Gas stove,0.0
UserD,h22_mw07,Gas National Grid,0.0
UserD,h23_mw07,PV sys,0.0
UserD,h23_mw07,National Grid EE,0.0
UserD,h23_mw07,Storage EE,0.6
UserD,h23_mw07,Gas Boiler,0.0
UserD,h23_mw07,HP,0.0
UserD,h23_mw07,AC,0.0
UserD,h23_mw07,Storage HW,0.0
UserD,h23_mw07,Radiators,0.0
UserD,h23_mw07,Floor heating,0.0
UserD,h23_mw07,Induction stove,0.0
UserD,h23_mw07,Gas stove,0.0
UserD,h23_mw07,Gas National Grid,0.0
UserD,h24_mw07,PV sys,0.0
UserD,h24_mw07,National Grid EE,0.0
UserD,h24_mw07,Storage EE,0.6
UserD,h24_mw07,Gas Boiler,0.0
UserD,h24_mw07,HP,0.0
UserD,h24_mw07,AC,0.0
UserD,h24_mw07,Storage HW,0.0
UserD,h24_mw07,Radiators,0.0
UserD,h24_mw07,Floor heating,0.0
UserD,h24_mw07,Induction stove,0.0
UserD,h24_mw07,Gas stove,0.0
UserD,h24_mw07,Gas National Grid,0.0
UserD,h01_mw08,PV sys,0.0
UserD,h01_mw08,National Grid EE,0.0
UserD,h01_mw08,Storage EE,0.6
UserD,h01_mw08,Gas Boiler,0.0
UserD,h01_mw08,HP,0.0
UserD,h01_mw08,AC,0.0
UserD,h01_mw08,Storage HW,0.0
UserD,h01_mw08,Radiators,0.0
UserD,h01_mw08,Floor heating,0.0
UserD,h01_mw08,Induction stove,0.0
UserD,h01_mw08,Gas stove,0.0
UserD,h01_mw08,Gas National Grid,0.0
UserD,h02_mw08,PV sys,0.0
UserD,h02_mw08,National Grid EE,0.0
UserD,h02_mw08,Storage EE,0.6
UserD,h02_mw08,Gas Boiler,0.0
UserD,h02_mw08,HP,0.0
UserD,h02_mw08,AC,0.0
UserD,h02_mw08,Storage HW,0.0
UserD,h02_mw08,Radiators,0.0
UserD,h02_mw08,Floor heating,0.0
UserD,h02_mw08,Induction stove,0.0
UserD,h02_mw08,Gas stove,0.0
UserD,h02_mw08,Gas National Grid,0.0
UserD,h03_mw08,PV sys,0.0
UserD,h03_mw08,National Grid EE,0.0
UserD,h03_mw08,Storage EE,0.6
UserD,h03_mw08,Gas Boiler,0.0
UserD,h03_mw08,HP,0.0
UserD,h03_mw08,AC,0.0
UserD,h03_mw08,Storage HW,0.0
UserD,h03_mw08,Radiators,0.0
UserD,h03_mw08,Floor heating,0.0
UserD,h03_mw08,Induction stove,0.0
UserD,h03_mw08,Gas stove,0.0
UserD,h03_mw08,Gas National Grid,0.0
UserD,h04_mw08,PV sys,0.0
UserD,h04_mw08,National Grid EE,0.0
UserD,h04_mw08,Storage EE,0.6
UserD,h04_mw08,Gas Boiler,0.0
UserD,h04_mw08,HP,0.0
UserD,h04_mw08,AC,0.0
UserD,h04_mw08,Storage HW,0.0
UserD,h04_mw08,Radiators,0.0
UserD,h04_mw08,Floor heating,0.0
UserD,h04_mw08,Induction stove,0.0
UserD,h04_mw08,Gas stove,0.0
UserD,h04_mw08,Gas National Grid,0.0
UserD,h05_mw08,PV sys,0.0
UserD,h05_mw08,National Grid EE,0.0
UserD,h05_mw08,Storage EE,0.6
UserD,h05_mw08,Gas Boiler,0.0
UserD,h05_mw08,HP,0.0
UserD,h05_mw08,AC,0.0
UserD,h05_mw08,Storage HW,0.0
UserD,h05_mw08,Radiators,0.0
UserD,h05_mw08,Floor heating,0.0
UserD,h05_mw08,Induction stove,0.0
UserD,h05_mw08,Gas stove,0.0
UserD,h05_mw08,Gas National Grid,0.0
UserD,h06_mw08,PV sys,0.0
UserD,h06_mw08,National Grid EE,0.0
UserD,h06_mw08,Storage EE,0.6
UserD,h06_mw08,Gas Boiler,0.0
UserD,h06_mw08,HP,0.0
UserD,h06_mw08,AC,0.0
UserD,h06_mw08,Storage HW,0.0
UserD,h06_mw08,Radiators,0.0
UserD,h06_mw08,Floor heating,0.0
UserD,h06_mw08,Induction stove,0.0
UserD,h06_mw08,Gas stove,0.0
UserD,h06_mw08,Gas National Grid,0.0
UserD,h07_mw08,PV sys,0.0
UserD,h07_mw08,National Grid EE,0.0
UserD,h07_mw08,Storage EE,0.6
UserD,h07_mw08,Gas Boiler,0.0
UserD,h07_mw08,HP,0.0
UserD,h07_mw08,AC,0.0
UserD,h07_mw08,Storage HW,0.0
UserD,h07_mw08,Radiators,0.0
UserD,h07_mw08,Floor heating,0.0
UserD,h07_mw08,Induction stove,0.0
UserD,h07_mw08,Gas stove,0.0
UserD,h07_mw08,Gas National Grid,0.0
UserD,h08_mw08,PV sys,0.0
UserD,h08_mw08,National Grid EE,0.0
UserD,h08_mw08,Storage EE,1.2633497072367614
UserD,h08_mw08,Gas Boiler,0.0
UserD,h08_mw08,HP,0.0
UserD,h08_mw08,AC,0.0
UserD,h08_mw08,Storage HW,0.0
UserD,h08_mw08,Radiators,0.0
UserD,h08_mw08,Floor heating,0.0
UserD,h08_mw08,Induction stove,0.0
UserD,h08_mw08,Gas stove,0.0
UserD,h08_mw08,Gas National Grid,0.0
UserD,h09_mw08,PV sys,0.0
UserD,h09_mw08,National Grid EE,0.0
UserD,h09_mw08,Storage EE,0.6
UserD,h09_mw08,Gas Boiler,0.0
UserD,h09_mw08,HP,0.0
UserD,h09_mw08,AC,0.0
UserD,h09_mw08,Storage HW,0.0
UserD,h09_mw08,Radiators,0.0
UserD,h09_mw08,Floor heating,0.0
UserD,h09_mw08,Induction stove,0.0
UserD,h09_mw08,Gas stove,0.0
UserD,h09_mw08,Gas National Grid,0.0
UserD,h10_mw08,PV sys,0.0
UserD,h10_mw08,National Grid EE,0.0
UserD,h10_mw08,Storage EE,0.7303217408063479
UserD,h10_mw08,Gas Boiler,0.0
UserD,h10_mw08,HP,0.0
UserD,h10_mw08,AC,0.0
UserD,h10_mw08,Storage HW,0.0
UserD,h10_mw08,Radiators,0.0
UserD,h10_mw08,Floor heating,0.0
UserD,h10_mw08,Induction stove,0.0
UserD,h10_mw08,Gas stove,0.0
UserD,h10_mw08,Gas National Grid,0.0
UserD,h11_mw08,PV sys,0.0
UserD,h11_mw08,National Grid EE,0.0
UserD,h11_mw08,Storage EE,1.3771849574730144
UserD,h11_mw08,Gas Boiler,0.0
UserD,h11_mw08,HP,0.0
UserD,h11_mw08,AC,0.0
UserD,h11_mw08,Storage HW,0.0
UserD,h11_mw08,Radiators,0.0
UserD,h11_mw08,Floor heating,0.0
UserD,h11_mw08,Induction stove,0.0
UserD,h11_mw08,Gas stove,0.0
UserD,h11_mw08,Gas National Grid,0.0
UserD,h12_mw08,PV sys,0.0
UserD,h12_mw08,National Grid EE,0.0
UserD,h12_mw08,Storage EE,2.180683057473014
UserD,h12_mw08,Gas Boiler,0.0
UserD,h12_mw08,HP,0.0
UserD,h12_mw08,AC,0.0
UserD,h12_mw08,Storage HW,0.0
UserD,h12_mw08,Radiators,0.0
UserD,h12_mw08,Floor heating,0.0
UserD,h12_mw08,Induction stove,0.0
UserD,h12_mw08,Gas stove,0.0
UserD,h12_mw08,Gas National Grid,0.0
UserD,h13_mw08,PV sys,0.0
UserD,h13_mw08,National Grid EE,0.0
UserD,h13_mw08,Storage EE,2.867363124139681
UserD,h13_mw08,Gas Boiler,0.0
UserD,h13_mw08,HP,0.0
UserD,h13_mw08,AC,0.0
UserD,h13_mw08,Storage HW,0.0
UserD,h13_mw08,Radiators,0.0
UserD,h13_mw08,Floor heating,0.0
UserD,h13_mw08,Induction stove,0.0
UserD,h13_mw08,Gas stove,0.0
UserD,h13_mw08,Gas National Grid,0.0
UserD,h14_mw08,PV sys,0.0
UserD,h14_mw08,National Grid EE,0.0
UserD,h14_mw08,Storage EE,3.113242874139681
UserD,h14_mw08,Gas Boiler,0.0
UserD,h14_mw08,HP,0.0
UserD,h14_mw08,AC,0.0
UserD,h14_mw08,Storage HW,0.0
UserD,h14_mw08,Radiators,0.0
UserD,h14_mw08,Floor heating,0.0
UserD,h14_mw08,Induction stove,0.0
UserD,h14_mw08,Gas stove,0.0
UserD,h14_mw08,Gas National Grid,0.0
UserD,h15_mw08,PV sys,0.0
UserD,h15_mw08,National Grid EE,0.0
UserD,h15_mw08,Storage EE,5.7
UserD,h15_mw08,Gas Boiler,0.0
UserD,h15_mw08,HP,0.0
UserD,h15_mw08,AC,0.0
UserD,h15_mw08,Storage HW,0.0
UserD,h15_mw08,Radiators,0.0
UserD,h15_mw08,Floor heating,0.0
UserD,h15_mw08,Induction stove,0.0
UserD,h15_mw08,Gas stove,0.0
UserD,h15_mw08,Gas National Grid,0.0
UserD,h16_mw08,PV sys,0.0
UserD,h16_mw08,National Grid EE,0.0
UserD,h16_mw08,Storage EE,4.7596332666666665
UserD,h16_mw08,Gas Boiler,0.0
UserD,h16_mw08,HP,0.0
UserD,h16_mw08,AC,0.0
UserD,h16_mw08,Storage HW,0.0
UserD,h16_mw08,Radiators,0.0
UserD,h16_mw08,Floor heating,0.0
UserD,h16_mw08,Induction stove,0.0
UserD,h16_mw08,Gas stove,0.0
UserD,h16_mw08,Gas National Grid,0.0
UserD,h17_mw08,PV sys,0.0
UserD,h17_mw08,National Grid EE,0.0
UserD,h17_mw08,Storage EE,5.7
UserD,h17_mw08,Gas Boiler,0.0
UserD,h17_mw08,HP,0.0
UserD,h17_mw08,AC,0.0
UserD,h17_mw08,Storage HW,0.0
UserD,h17_mw08,Radiators,0.0
UserD,h17_mw08,Floor heating,0.0
UserD,h17_mw08,Induction stove,0.0
UserD,h17_mw08,Gas stove,0.0
UserD,h17_mw08,Gas National Grid,0.0
UserD,h18_mw08,PV sys,0.0
UserD,h18_mw08,National Grid EE,0.0
UserD,h18_mw08,Storage EE,5.7
UserD,h18_mw08,Gas Boiler,0.0
UserD,h18_mw08,HP,0.0
UserD,h18_mw08,AC,0.0
UserD,h18_mw08,Storage HW,0.0
UserD,h18_mw08,Radiators,0.0
UserD,h18_mw08,Floor heating,0.0
UserD,h18_mw08,Induction stove,0.0
UserD,h18_mw08,Gas stove,0.0
UserD,h18_mw08,Gas National Grid,0.0
UserD,h19_mw08,PV sys,0.0
UserD,h19_mw08,National Grid EE,0.0
UserD,h19_mw08,Storage EE,5.7
UserD,h19_mw08,Gas Boiler,0.0
UserD,h19_mw08,HP,0.0
UserD,h19_mw08,AC,0.0
UserD,h19_mw08,Storage HW,0.0
UserD,h19_mw08,Radiators,0.0
UserD,h19_mw08,Floor heating,0.0
UserD,h19_mw08,Induction stove,0.0
UserD,h19_mw08,Gas stove,0.0
UserD,h19_mw08,Gas National Grid,0.0
UserD,h20_mw08,PV sys,0.0
UserD,h20_mw08,National Grid EE,0.0
UserD,h20_mw08,Storage EE,5.7
UserD,h20_mw08,Gas Boiler,0.0
UserD,h20_mw08,HP,0.0
UserD,h20_mw08,AC,0.0
UserD,h20_mw08,Storage HW,0.0
UserD,h20_mw08,Radiators,0.0
UserD,h20_mw08,Floor heating,0.0
UserD,h20_mw08,Induction stove,0.0
UserD,h20_mw08,Gas stove,0.0
UserD,h20_mw08,Gas National Grid,0.0
UserD,h21_mw08,PV sys,0.0
UserD,h21_mw08,National Grid EE,0.0
UserD,h21_mw08,Storage EE,5.7
UserD,h21_mw08,Gas Boiler,0.0
UserD,h21_mw08,HP,0.0
UserD,h21_mw08,AC,0.0
UserD,h21_mw08,Storage HW,0.0
UserD,h21_mw08,Radiators,0.0
UserD,h21_mw08,Floor heating,0.0
UserD,h21_mw08,Induction stove,0.0
UserD,h21_mw08,Gas stove,0.0
UserD,h21_mw08,Gas National Grid,0.0
UserD,h22_mw08,PV sys,0.0
UserD,h22_mw08,National Grid EE,0.0
UserD,h22_mw08,Storage EE,5.7
UserD,h22_mw08,Gas Boiler,0.0
UserD,h22_mw08,HP,0.0
UserD,h22_mw08,AC,0.0
UserD,h22_mw08,Storage HW,0.0
UserD,h22_mw08,Radiators,0.0
UserD,h22_mw08,Floor heating,0.0
UserD,h22_mw08,Induction stove,0.0
UserD,h22_mw08,Gas stove,0.0
UserD,h22_mw08,Gas National Grid,0.0
UserD,h23_mw08,PV sys,0.0
UserD,h23_mw08,National Grid EE,0.0
UserD,h23_mw08,Storage EE,4.393524236666669
UserD,h23_mw08,Gas Boiler,0.0
UserD,h23_mw08,HP,0.0
UserD,h23_mw08,AC,0.0
UserD,h23_mw08,Storage HW,0.0
UserD,h23_mw08,Radiators,0.0
UserD,h23_mw08,Floor heating,0.0
UserD,h23_mw08,Induction stove,0.0
UserD,h23_mw08,Gas stove,0.0
UserD,h23_mw08,Gas National Grid,0.0
UserD,h24_mw08,PV sys,0.0
UserD,h24_mw08,National Grid EE,0.0
UserD,h24_mw08,Storage EE,1.9667531533333347
UserD,h24_mw08,Gas Boiler,0.0
UserD,h24_mw08,HP,0.0
UserD,h24_mw08,AC,0.0
UserD,h24_mw08,Storage HW,0.0
UserD,h24_mw08,Radiators,0.0
UserD,h24_mw08,Floor heating,0.0
UserD,h24_mw08,Induction stove,0.0
UserD,h24_mw08,Gas stove,0.0
UserD,h24_mw08,Gas National Grid,0.0
UserD,h01_mw09,PV sys,0.0
UserD,h01_mw09,National Grid EE,0.0
UserD,h01_mw09,Storage EE,1.6315268366666675
UserD,h01_mw09,Gas Boiler,0.0
UserD,h01_mw09,HP,0.0
UserD,h01_mw09,AC,0.0
UserD,h01_mw09,Storage HW,0.0
UserD,h01_mw09,Radiators,0.0
UserD,h01_mw09,Floor heating,0.0
UserD,h01_mw09,Induction stove,0.0
UserD,h01_mw09,Gas stove,0.0
UserD,h01_mw09,Gas National Grid,0.0
UserD,h02_mw09,PV sys,0.0
UserD,h02_mw09,National Grid EE,0.0
UserD,h02_mw09,Storage EE,1.4474264700000008
UserD,h02_mw09,Gas Boiler,0.0
UserD,h02_mw09,HP,0.0
UserD,h02_mw09,AC,0.0
UserD,h02_mw09,Storage HW,0.0
UserD,h02_mw09,Radiators,0.0
UserD,h02_mw09,Floor heating,0.0
UserD,h02_mw09,Induction stove,0.0
UserD,h02_mw09,Gas stove,0.0
UserD,h02_mw09,Gas National Grid,0.0
UserD,h03_mw09,PV sys,0.0
UserD,h03_mw09,National Grid EE,0.0
UserD,h03_mw09,Storage EE,1.1567091866666672
UserD,h03_mw09,Gas Boiler,0.0
UserD,h03_mw09,HP,0.0
UserD,h03_mw09,AC,0.0
UserD,h03_mw09,Storage HW,0.0
UserD,h03_mw09,Radiators,0.0
UserD,h03_mw09,Floor heating,0.0
UserD,h03_mw09,Induction stove,0.0
UserD,h03_mw09,Gas stove,0.0
UserD,h03_mw09,Gas National Grid,0.0
UserD,h04_mw09,PV sys,0.0
UserD,h04_mw09,National Grid EE,0.0
UserD,h04_mw09,Storage EE,0.9187754866666671
UserD,h04_mw09,Gas Boiler,0.0
UserD,h04_mw09,HP,0.0
UserD,h04_mw09,AC,0.0
UserD,h04_mw09,Storage HW,0.0
UserD,h04_mw09,Radiators,0.0
UserD,h04_mw09,Floor heating,0.0
UserD,h04_mw09,Induction stove,0.0
UserD,h04_mw09,Gas stove,0.0
UserD,h04_mw09,Gas National Grid,0.0
UserD,h05_mw09,PV sys,0.0
UserD,h05_mw09,National Grid EE,0.0
UserD,h05_mw09,Storage EE,0.6756421366666663
UserD,h05_mw09,Gas Boiler,0.0
UserD,h05_mw09,HP,0.0
UserD,h05_mw09,AC,0.0
UserD,h05_mw09,Storage HW,0.0
UserD,h05_mw09,Radiators,0.0
UserD,h05_mw09,Floor heating,0.0
UserD,h05_mw09,Induction stove,0.0
UserD,h05_mw09,Gas stove,0.0
UserD,h05_mw09,Gas National Grid,0.0
UserD,h06_mw09,PV sys,0.0
UserD,h06_mw09,National Grid EE,0.0
UserD,h06_mw09,Storage EE,0.6
UserD,h06_mw09,Gas Boiler,0.0
UserD,h06_mw09,HP,0.0
UserD,h06_mw09,AC,0.0
UserD,h06_mw09,Storage HW,0.0
UserD,h06_mw09,Radiators,0.0
UserD,h06_mw09,Floor heating,0.0
UserD,h06_mw09,Induction stove,0.0
UserD,h06_mw09,Gas stove,0.0
UserD,h06_mw09,Gas National Grid,0.0
UserD,h07_mw09,PV sys,0.0
UserD,h07_mw09,National Grid EE,0.0
UserD,h07_mw09,Storage EE,0.7681078613271479
UserD,h07_mw09,Gas Boiler,0.0
UserD,h07_mw09,HP,0.0
UserD,h07_mw09,AC,0.0
UserD,h07_mw09,Storage HW,0.0
UserD,h07_mw09,Radiators,0.0
UserD,h07_mw09,Floor heating,0.0
UserD,h07_mw09,Induction stove,0.0
UserD,h07_mw09,Gas stove,0.0
UserD,h07_mw09,Gas National Grid,0.0
UserD,h08_mw09,PV sys,0.0
UserD,h08_mw09,National Grid EE,0.0
UserD,h08_mw09,Storage EE,1.7242684681893814
UserD,h08_mw09,Gas Boiler,0.0
UserD,h08_mw09,HP,0.0
UserD,h08_mw09,AC,0.0
UserD,h08_mw09,Storage HW,0.0
UserD,h08_mw09,Radiators,0.0
UserD,h08_mw09,Floor heating,0.0
UserD,h08_mw09,Induction stove,0.0
UserD,h08_mw09,Gas stove,0.0
UserD,h08_mw09,Gas National Grid,0.0
UserD,h09_mw09,PV sys,0.0
UserD,h09_mw09,National Grid EE,0.0
UserD,h09_mw09,Storage EE,3.0079393220016177
UserD,h09_mw09,Gas Boiler,0.0
UserD,h09_mw09,HP,0.0
UserD,h09_mw09,AC,0.0
UserD,h09_mw09,Storage HW,0.0
UserD,h09_mw09,Radiators,0.0
UserD,h09_mw09,Floor heating,0.0
UserD,h09_mw09,Induction stove,0.0
UserD,h09_mw09,Gas stove,0.0
UserD,h09_mw09,Gas National Grid,0.0
UserD,h10_mw09,PV sys,0.0
UserD,h10_mw09,National Grid EE,0.0
UserD,h10_mw09,Storage EE,2.1720867453349504
UserD,h10_mw09,Gas Boiler,0.0
UserD,h10_mw09,HP,0.0
UserD,h10_mw09,AC,0.0
UserD,h10_mw09,Storage HW,0.0
UserD,h10_mw09,Radiators,0.0
UserD,h10_mw09,Floor heating,0.0
UserD,h10_mw09,Induction stove,0.0
UserD,h10_mw09,Gas stove,0.0
UserD,h10_mw09,Gas National Grid,0.0
UserD,h11_mw09,PV sys,0.0
UserD,h11_mw09,National Grid EE,0.0
UserD,h11_mw09,Storage EE,1.4198687286682834
UserD,h11_mw09,Gas Boiler,0.0
UserD,h11_mw09,HP,0.0
UserD,h11_mw09,AC,0.0
UserD,h11_mw09,Storage HW,0.0
UserD,h11_mw09,Radiators,0.0
UserD,h11_mw09,Floor heating,0.0
UserD,h11_mw09,Induction stove,0.0
UserD,h11_mw09,Gas stove,0.0
UserD,h11_mw09,Gas National Grid,0.0
UserD,h12_mw09,PV sys,0.0
UserD,h12_mw09,National Grid EE,0.0
UserD,h12_mw09,Storage EE,1.0195185786682834
UserD,h12_mw09,Gas Boiler,0.0
UserD,h12_mw09,HP,0.0
UserD,h12_mw09,AC,0.0
UserD,h12_mw09,Storage HW,0.0
UserD,h12_mw09,Radiators,0.0
UserD,h12_mw09,Floor heating,0.0
UserD,h12_mw09,Induction stove,0.0
UserD,h12_mw09,Gas stove,0.0
UserD,h12_mw09,Gas National Grid,0.0
UserD,h13_mw09,PV sys,0.0
UserD,h13_mw09,National Grid EE,0.0
UserD,h13_mw09,Storage EE,3.3060419953349496
UserD,h13_mw09,Gas Boiler,0.0
UserD,h13_mw09,HP,0.0
UserD,h13_mw09,AC,0.0
UserD,h13_mw09,Storage HW,0.0
UserD,h13_mw09,Radiators,0.0
UserD,h13_mw09,Floor heating,0.0
UserD,h13_mw09,Induction stove,0.0
UserD,h13_mw09,Gas stove,0.0
UserD,h13_mw09,Gas National Grid,0.0
UserD,h14_mw09,PV sys,0.0
UserD,h14_mw09,National Grid EE,0.0
UserD,h14_mw09,Storage EE,5.223464578668283
UserD,h14_mw09,Gas Boiler,0.0
UserD,h14_mw09,HP,0.0
UserD,h14_mw09,AC,0.0
UserD,h14_mw09,Storage HW,0.0
UserD,h14_mw09,Radiators,0.0
UserD,h14_mw09,Floor heating,0.0
UserD,h14_mw09,Induction stove,0.0
UserD,h14_mw09,Gas stove,0.0
UserD,h14_mw09,Gas National Grid,0.0
UserD,h15_mw09,PV sys,0.0
UserD,h15_mw09,National Grid EE,0.0
UserD,h15_mw09,Storage EE,5.7
UserD,h15_mw09,Gas Boiler,0.0
UserD,h15_mw09,HP,0.0
UserD,h15_mw09,AC,0.0
UserD,h15_mw09,Storage HW,0.0
UserD,h15_mw09,Radiators,0.0
UserD,h15_mw09,Floor heating,0.0
UserD,h15_mw09,Induction stove,0.0
UserD,h15_mw09,Gas stove,0.0
UserD,h15_mw09,Gas National Grid,0.0
UserD,h16_mw09,PV sys,0.0
UserD,h16_mw09,National Grid EE,0.0
UserD,h16_mw09,Storage EE,5.7
UserD,h16_mw09,Gas Boiler,0.0
UserD,h16_mw09,HP,0.0
UserD,h16_mw09,AC,0.0
UserD,h16_mw09,Storage HW,0.0
UserD,h16_mw09,Radiators,0.0
UserD,h16_mw09,Floor heating,0.0
UserD,h16_mw09,Induction stove,0.0
UserD,h16_mw09,Gas stove,0.0
UserD,h16_mw09,Gas National Grid,0.0
UserD,h17_mw09,PV sys,0.0
UserD,h17_mw09,National Grid EE,0.0
UserD,h17_mw09,Storage EE,5.7
UserD,h17_mw09,Gas Boiler,0.0
UserD,h17_mw09,HP,0.0
UserD,h17_mw09,AC,0.0
UserD,h17_mw09,Storage HW,0.0
UserD,h17_mw09,Radiators,0.0
UserD,h17_mw09,Floor heating,0.0
UserD,h17_mw09,Induction stove,0.0
UserD,h17_mw09,Gas stove,0.0
UserD,h17_mw09,Gas National Grid,0.0
UserD,h18_mw09,PV sys,0.0
UserD,h18_mw09,National Grid EE,0.0
UserD,h18_mw09,Storage EE,5.644237961072431
UserD,h18_mw09,Gas Boiler,0.0
UserD,h18_mw09,HP,0.0
UserD,h18_mw09,AC,0.0
UserD,h18_mw09,Storage HW,0.0
UserD,h18_mw09,Radiators,0.0
UserD,h18_mw09,Floor heating,0.0
UserD,h18_mw09,Induction stove,0.0
UserD,h18_mw09,Gas stove,0.0
UserD,h18_mw09,Gas National Grid,0.0
UserD,h19_mw09,PV sys,0.0
UserD,h19_mw09,National Grid EE,0.0
UserD,h19_mw09,Storage EE,4.090161527739099
UserD,h19_mw09,Gas Boiler,0.0
UserD,h19_mw09,HP,0.0
UserD,h19_mw09,AC,0.0
UserD,h19_mw09,Storage HW,0.0
UserD,h19_mw09,Radiators,0.0
UserD,h19_mw09,Floor heating,0.0
UserD,h19_mw09,Induction stove,0.0
UserD,h19_mw09,Gas stove,0.0
UserD,h19_mw09,Gas National Grid,0.0
UserD,h20_mw09,PV sys,0.0
UserD,h20_mw09,National Grid EE,0.0
UserD,h20_mw09,Storage EE,3.1998200946202324
UserD,h20_mw09,Gas Boiler,0.0
UserD,h20_mw09,HP,0.0
UserD,h20_mw09,AC,0.0
UserD,h20_mw09,Storage HW,0.0
UserD,h20_mw09,Radiators,0.0
UserD,h20_mw09,Floor heating,0.0
UserD,h20_mw09,Induction stove,0.0
UserD,h20_mw09,Gas stove,0.0
UserD,h20_mw09,Gas National Grid,0.0
UserD,h21_mw09,PV sys,0.0
UserD,h21_mw09,National Grid EE,0.0
UserD,h21_mw09,Storage EE,2.6260799346202317
UserD,h21_mw09,Gas Boiler,0.0
UserD,h21_mw09,HP,0.0
UserD,h21_mw09,AC,0.0
UserD,h21_mw09,Storage HW,0.0
UserD,h21_mw09,Radiators,0.0
UserD,h21_mw09,Floor heating,0.0
UserD,h21_mw09,Induction stove,0.0
UserD,h21_mw09,Gas stove,0.0
UserD,h21_mw09,Gas National Grid,0.0
UserD,h22_mw09,PV sys,0.0
UserD,h22_mw09,National Grid EE,0.0
UserD,h22_mw09,Storage EE,2.6260799346202317
UserD,h22_mw09,Gas Boiler,0.0
UserD,h22_mw09,HP,0.0
UserD,h22_mw09,AC,0.0
UserD,h22_mw09,Storage HW,0.0
UserD,h22_mw09,Radiators,0.0
UserD,h22_mw09,Floor heating,0.0
UserD,h22_mw09,Induction stove,0.0
UserD,h22_mw09,Gas stove,0.0
UserD,h22_mw09,Gas National Grid,0.0
UserD,h23_mw09,PV sys,0.0
UserD,h23_mw09,National Grid EE,0.0
UserD,h23_mw09,Storage EE,2.381528116162415
UserD,h23_mw09,Gas Boiler,0.0
UserD,h23_mw09,HP,0.0
UserD,h23_mw09,AC,0.0
UserD,h23_mw09,Storage HW,0.0
UserD,h23_mw09,Radiators,0.0
UserD,h23_mw09,Floor heating,0.0
UserD,h23_mw09,Induction stove,0.0
UserD,h23_mw09,Gas stove,0.0
UserD,h23_mw09,Gas National Grid,0.0
UserD,h24_mw09,PV sys,0.0
UserD,h24_mw09,National Grid EE,0.0
UserD,h24_mw09,Storage EE,1.944260832829082
UserD,h24_mw09,Gas Boiler,0.0
UserD,h24_mw09,HP,0.0
UserD,h24_mw09,AC,0.0
UserD,h24_mw09,Storage HW,0.0
UserD,h24_mw09,Radiators,0.0
UserD,h24_mw09,Floor heating,0.0
UserD,h24_mw09,Induction stove,0.0
UserD,h24_mw09,Gas stove,0.0
UserD,h24_mw09,Gas National Grid,0.0
UserD,h01_mw10,PV sys,0.0
UserD,h01_mw10,National Grid EE,0.0
UserD,h01_mw10,Storage EE,1.5313094828290819
UserD,h01_mw10,Gas Boiler,0.0
UserD,h01_mw10,HP,0.0
UserD,h01_mw10,AC,0.0
UserD,h01_mw10,Storage HW,0.0
UserD,h01_mw10,Radiators,0.0
UserD,h01_mw10,Floor heating,0.0
UserD,h01_mw10,Induction stove,0.0
UserD,h01_mw10,Gas stove,0.0
UserD,h01_mw10,Gas National Grid,0.0
UserD,h02_mw10,PV sys,0.0
UserD,h02_mw10,National Grid EE,0.0
UserD,h02_mw10,Storage EE,1.3920419494957488
UserD,h02_mw10,Gas Boiler,0.0
UserD,h02_mw10,HP,0.0
UserD,h02_mw10,AC,0.0
UserD,h02_mw10,Storage HW,0.0
UserD,h02_mw10,Radiators,0.0
UserD,h02_mw10,Floor heating,0.0
UserD,h02_mw10,Induction stove,0.0
UserD,h02_mw10,Gas stove,0.0
UserD,h02_mw10,Gas National Grid,0.0
UserD,h03_mw10,PV sys,0.0
UserD,h03_mw10,National Grid EE,0.0
UserD,h03_mw10,Storage EE,1.2222247161624156
UserD,h03_mw10,Gas Boiler,0.0
UserD,h03_mw10,HP,0.0
UserD,h03_mw10,AC,0.0
UserD,h03_mw10,Storage HW,0.0
UserD,h03_mw10,Radiators,0.0
UserD,h03_mw10,Floor heating,0.0
UserD,h03_mw10,Induction stove,0.0
UserD,h03_mw10,Gas stove,0.0
UserD,h03_mw10,Gas National Grid,0.0
UserD,h04_mw10,PV sys,0.0
UserD,h04_mw10,National Grid EE,0.0
UserD,h04_mw10,Storage EE,1.063840899495749
UserD,h04_mw10,Gas Boiler,0.0
UserD,h04_mw10,HP,0.0
UserD,h04_mw10,AC,0.0
UserD,h04_mw10,Storage HW,0.0
UserD,h04_mw10,Radiators,0.0
UserD,h04_mw10,Floor heating,0.0
UserD,h04_mw10,Induction stove,0.0
UserD,h04_mw10,Gas stove,0.0
UserD,h04_mw10,Gas National Grid,0.0
UserD,h05_mw10,PV sys,0.0
UserD,h05_mw10,National Grid EE,0.0
UserD,h05_mw10,Storage EE,0.8584407828290821
UserD,h05_mw10,Gas Boiler,0.0
UserD,h05_mw10,HP,0.0
UserD,h05_mw10,AC,0.0
UserD,h05_mw10,Storage HW,0.0
UserD,h05_mw10,Radiators,0.0
UserD,h05_mw10,Floor heating,0.0
UserD,h05_mw10,Induction stove,0.0
UserD,h05_mw10,Gas stove,0.0
UserD,h05_mw10,Gas National Grid,0.0
UserD,h06_mw10,PV sys,0.0
UserD,h06_mw10,National Grid EE,0.0
UserD,h06_mw10,Storage EE,0.7715657828290822
UserD,h06_mw10,Gas Boiler,0.0
UserD,h06_mw10,HP,0.0
UserD,h06_mw10,AC,0.0
UserD,h06_mw10,Storage HW,0.0
UserD,h06_mw10,Radiators,0.0
UserD,h06_mw10,Floor heating,0.0
UserD,h06_mw10,Induction stove,0.0
UserD,h06_mw10,Gas stove,0.0
UserD,h06_mw10,Gas National Grid,0.0
UserD,h07_mw10,PV sys,0.0
UserD,h07_mw10,National Grid EE,0.0
UserD,h07_mw10,Storage EE,0.6
UserD,h07_mw10,Gas Boiler,0.0
UserD,h07_mw10,HP,0.0
UserD,h07_mw10,AC,0.0
UserD,h07_mw10,Storage HW,0.0
UserD,h07_mw10,Radiators,0.0
UserD,h07_mw10,Floor heating,0.0
UserD,h07_mw10,Induction stove,0.0
UserD,h07_mw10,Gas stove,0.0
UserD,h07_mw10,Gas National Grid,0.0
UserD,h08_mw10,PV sys,0.0
UserD,h08_mw10,National Grid EE,0.0
UserD,h08_mw10,Storage EE,1.7610244036728513
UserD,h08_mw10,Gas Boiler,0.0
UserD,h08_mw10,HP,0.0
UserD,h08_mw10,AC,0.0
UserD,h08_mw10,Storage HW,0.0
UserD,h08_mw10,Radiators,0.0
UserD,h08_mw10,Floor heating,0.0
UserD,h08_mw10,Induction stove,0.0
UserD,h08_mw10,Gas stove,0.0
UserD,h08_mw10,Gas National Grid,0.0
UserD,h09_mw10,PV sys,0.0
UserD,h09_mw10,National Grid EE,0.0
UserD,h09_mw10,Storage EE,0.6
UserD,h09_mw10,Gas Boiler,0.0
UserD,h09_mw10,HP,0.0
UserD,h09_mw10,AC,0.0
UserD,h09_mw10,Storage HW,0.0
UserD,h09_mw10,Radiators,0.0
UserD,h09_mw10,Floor heating,0.0
UserD,h09_mw10,Induction stove,0.0
UserD,h09_mw10,Gas stove,0.0
UserD,h09_mw10,Gas National Grid,0.0
UserD,h10_mw10,PV sys,0.0
UserD,h10_mw10,National Grid EE,0.0
UserD,h10_mw10,Storage EE,3.1599620701752427
UserD,h10_mw10,Gas Boiler,0.0
UserD,h10_mw10,HP,0.0
UserD,h10_mw10,AC,0.0
UserD,h10_mw10,Storage HW,0.0
UserD,h10_mw10,Radiators,0.0
UserD,h10_mw10,Floor heating,0.0
UserD,h10_mw10,Induction stove,0.0
UserD,h10_mw10,Gas stove,0.0
UserD,h10_mw10,Gas National Grid,0.0
UserD,h11_mw10,PV sys,0.0
UserD,h11_mw10,National Grid EE,0.0
UserD,h11_mw10,Storage EE,5.7
UserD,h11_mw10,Gas Boiler,0.0
UserD,h11_mw10,HP,0.0
UserD,h11_mw10,AC,0.0
UserD,h11_mw10,Storage HW,0.0
UserD,h11_mw10,Radiators,0.0
UserD,h11_mw10,Floor heating,0.0
UserD,h11_mw10,Induction stove,0.0
UserD,h11_mw10,Gas stove,0.0
UserD,h11_mw10,Gas National Grid,0.0
UserD,h12_mw10,PV sys,0.0
UserD,h12_mw10,National Grid EE,0.0
UserD,h12_mw10,Storage EE,5.7
UserD,h12_mw10,Gas Boiler,0.0
UserD,h12_mw10,HP,0.0
UserD,h12_mw10,AC,0.0
UserD,h12_mw10,Storage HW,0.0
UserD,h12_mw10,Radiators,0.0
UserD,h12_mw10,Floor heating,0.0
UserD,h12_mw10,Induction stove,0.0
UserD,h12_mw10,Gas stove,0.0
UserD,h12_mw10,Gas National Grid,0.0
UserD,h13_mw10,PV sys,0.0
UserD,h13_mw10,National Grid EE,0.0
UserD,h13_mw10,Storage EE,4.340046683333334
UserD,h13_mw10,Gas Boiler,0.0
UserD,h13_mw10,HP,0.0
UserD,h13_mw10,AC,0.0
UserD,h13_mw10,Storage HW,0.0
UserD,h13_mw10,Radiators,0.0
UserD,h13_mw10,Floor heating,0.0
UserD,h13_mw10,Induction stove,0.0
UserD,h13_mw10,Gas stove,0.0
UserD,h13_mw10,Gas National Grid,0.0
UserD,h14_mw10,PV sys,0.0
UserD,h14_mw10,National Grid EE,0.0
UserD,h14_mw10,Storage EE,5.7
UserD,h14_mw10,Gas Boiler,0.0
UserD,h14_mw10,HP,0.0
UserD,h14_mw10,AC,0.0
UserD,h14_mw10,Storage HW,0.0
UserD,h14_mw10,Radiators,0.0
UserD,h14_mw10,Floor heating,0.0
UserD,h14_mw10,Induction stove,0.0
UserD,h14_mw10,Gas stove,0.0
UserD,h14_mw10,Gas National Grid,0.0
UserD,h15_mw10,PV sys,0.0
UserD,h15_mw10,National Grid EE,0.0
UserD,h15_mw10,Storage EE,5.7
UserD,h15_mw10,Gas Boiler,0.0
UserD,h15_mw10,HP,0.0
UserD,h15_mw10,AC,0.0
UserD,h15_mw10,Storage HW,0.0
UserD,h15_mw10,Radiators,0.0
UserD,h15_mw10,Floor heating,0.0
UserD,h15_mw10,Induction stove,0.0
UserD,h15_mw10,Gas stove,0.0
UserD,h15_mw10,Gas National Grid,0.0
UserD,h16_mw10,PV sys,0.0
UserD,h16_mw10,National Grid EE,0.0
UserD,h16_mw10,Storage EE,4.791052383333334
UserD,h16_mw10,Gas Boiler,0.0
UserD,h16_mw10,HP,0.0
UserD,h16_mw10,AC,0.0
UserD,h16_mw10,Storage HW,0.0
UserD,h16_mw10,Radiators,0.0
UserD,h16_mw10,Floor heating,0.0
UserD,h16_mw10,Induction stove,0.0
UserD,h16_mw10,Gas stove,0.0
UserD,h16_mw10,Gas National Grid,0.0
UserD,h17_mw10,PV sys,0.0
UserD,h17_mw10,National Grid EE,0.0
UserD,h17_mw10,Storage EE,5.684876383333334
UserD,h17_mw10,Gas Boiler,0.0
UserD,h17_mw10,HP,0.0
UserD,h17_mw10,AC,0.0
UserD,h17_mw10,Storage HW,0.0
UserD,h17_mw10,Radiators,0.0
UserD,h17_mw10,Floor heating,0.0
UserD,h17_mw10,Induction stove,0.0
UserD,h17_mw10,Gas stove,0.0
UserD,h17_mw10,Gas National Grid,0.0
UserD,h18_mw10,PV sys,0.0
UserD,h18_mw10,National Grid EE,0.0
UserD,h18_mw10,Storage EE,5.7
UserD,h18_mw10,Gas Boiler,0.0
UserD,h18_mw10,HP,0.0
UserD,h18_mw10,AC,0.0
UserD,h18_mw10,Storage HW,0.0
UserD,h18_mw10,Radiators,0.0
UserD,h18_mw10,Floor heating,0.0
UserD,h18_mw10,Induction stove,0.0
UserD,h18_mw10,Gas stove,0.0
UserD,h18_mw10,Gas National Grid,0.0
UserD,h19_mw10,PV sys,0.0
UserD,h19_mw10,National Grid EE,0.0
UserD,h19_mw10,Storage EE,4.8145044352892565
UserD,h19_mw10,Gas Boiler,0.0
UserD,h19_mw10,HP,0.0
UserD,h19_mw10,AC,0.0
UserD,h19_mw10,Storage HW,0.0
UserD,h19_mw10,Radiators,0.0
UserD,h19_mw10,Floor heating,0.0
UserD,h19_mw10,Induction stove,0.0
UserD,h19_mw10,Gas stove,0.0
UserD,h19_mw10,Gas National Grid,0.0
UserD,h20_mw10,PV sys,0.0
UserD,h20_mw10,National Grid EE,0.0
UserD,h20_mw10,Storage EE,3.35446855333333
UserD,h20_mw10,Gas Boiler,0.0
UserD,h20_mw10,HP,0.0
UserD,h20_mw10,AC,0.0
UserD,h20_mw10,Storage HW,0.0
UserD,h20_mw10,Radiators,0.0
UserD,h20_mw10,Floor heating,0.0
UserD,h20_mw10,Induction stove,0.0
UserD,h20_mw10,Gas stove,0.0
UserD,h20_mw10,Gas National Grid,0.0
UserD,h21_mw10,PV sys,0.0
UserD,h21_mw10,National Grid EE,0.0
UserD,h21_mw10,Storage EE,2.371230366666663
UserD,h21_mw10,Gas Boiler,0.0
UserD,h21_mw10,HP,0.0
UserD,h21_mw10,AC,0.0
UserD,h21_mw10,Storage HW,0.0
UserD,h21_mw10,Radiators,0.0
UserD,h21_mw10,Floor heating,0.0
UserD,h21_mw10,Induction stove,0.0
UserD,h21_mw10,Gas stove,0.0
UserD,h21_mw10,Gas National Grid,0.0
UserD,h22_mw10,PV sys,0.0
UserD,h22_mw10,National Grid EE,0.0
UserD,h22_mw10,Storage EE,1.326183283333332
UserD,h22_mw10,Gas Boiler,0.0
UserD,h22_mw10,HP,0.0
UserD,h22_mw10,AC,0.0
UserD,h22_mw10,Storage HW,0.0
UserD,h22_mw10,Radiators,0.0
UserD,h22_mw10,Floor heating,0.0
UserD,h22_mw10,Induction stove,0.0
UserD,h22_mw10,Gas stove,0.0
UserD,h22_mw10,Gas National Grid,0.0
UserD,h23_mw10,PV sys,0.0
UserD,h23_mw10,National Grid EE,0.0
UserD,h23_mw10,Storage EE,0.6
UserD,h23_mw10,Gas Boiler,0.0
UserD,h23_mw10,HP,0.0
UserD,h23_mw10,AC,0.0
UserD,h23_mw10,Storage HW,0.0
UserD,h23_mw10,Radiators,0.0
UserD,h23_mw10,Floor heating,0.0
UserD,h23_mw10,Induction stove,0.0
UserD,h23_mw10,Gas stove,0.0
UserD,h23_mw10,Gas National Grid,0.0
UserD,h24_mw10,PV sys,0.0
UserD,h24_mw10,National Grid EE,0.0
UserD,h24_mw10,Storage EE,0.6
UserD,h24_mw10,Gas Boiler,0.0
UserD,h24_mw10,HP,0.0
UserD,h24_mw10,AC,0.0
UserD,h24_mw10,Storage HW,0.0
UserD,h24_mw10,Radiators,0.0
UserD,h24_mw10,Floor heating,0.0
UserD,h24_mw10,Induction stove,0.0
UserD,h24_mw10,Gas stove,0.0
UserD,h24_mw10,Gas National Grid,0.0
UserD,h01_mw11,PV sys,0.0
UserD,h01_mw11,National Grid EE,0.0
UserD,h01_mw11,Storage EE,0.6
UserD,h01_mw11,Gas Boiler,0.0
UserD,h01_mw11,HP,0.0
UserD,h01_mw11,AC,0.0
UserD,h01_mw11,Storage HW,0.0
UserD,h01_mw11,Radiators,0.0
UserD,h01_mw11,Floor heating,0.0
UserD,h01_mw11,Induction stove,0.0
UserD,h01_mw11,Gas stove,0.0
UserD,h01_mw11,Gas National Grid,0.0
UserD,h02_mw11,PV sys,0.0
UserD,h02_mw11,National Grid EE,0.0
UserD,h02_mw11,Storage EE,0.6
UserD,h02_mw11,Gas Boiler,0.0
UserD,h02_mw11,HP,0.0
UserD,h02_mw11,AC,0.0
UserD,h02_mw11,Storage HW,0.0
UserD,h02_mw11,Radiators,0.0
UserD,h02_mw11,Floor heating,0.0
UserD,h02_mw11,Induction stove,0.0
UserD,h02_mw11,Gas stove,0.0
UserD,h02_mw11,Gas National Grid,0.0
UserD,h03_mw11,PV sys,0.0
UserD,h03_mw11,National Grid EE,0.0
UserD,h03_mw11,Storage EE,0.6
UserD,h03_mw11,Gas Boiler,0.0
UserD,h03_mw11,HP,0.0
UserD,h03_mw11,AC,0.0
UserD,h03_mw11,Storage HW,0.0
UserD,h03_mw11,Radiators,0.0
UserD,h03_mw11,Floor heating,0.0
UserD,h03_mw11,Induction stove,0.0
UserD,h03_mw11,Gas stove,0.0
UserD,h03_mw11,Gas National Grid,0.0
UserD,h04_mw11,PV sys,0.0
UserD,h04_mw11,National Grid EE,0.0
UserD,h04_mw11,Storage EE,0.6
UserD,h04_mw11,Gas Boiler,0.0
UserD,h04_mw11,HP,0.0
UserD,h04_mw11,AC,0.0
UserD,h04_mw11,Storage HW,0.0
UserD,h04_mw11,Radiators,0.0
UserD,h04_mw11,Floor heating,0.0
UserD,h04_mw11,Induction stove,0.0
UserD,h04_mw11,Gas stove,0.0
UserD,h04_mw11,Gas National Grid,0.0
UserD,h05_mw11,PV sys,0.0
UserD,h05_mw11,National Grid EE,0.0
UserD,h05_mw11,Storage EE,0.6
UserD,h05_mw11,Gas Boiler,0.0
UserD,h05_mw11,HP,0.0
UserD,h05_mw11,AC,0.0
UserD,h05_mw11,Storage HW,0.0
UserD,h05_mw11,Radiators,0.0
UserD,h05_mw11,Floor heating,0.0
UserD,h05_mw11,Induction stove,0.0
UserD,h05_mw11,Gas stove,0.0
UserD,h05_mw11,Gas National Grid,0.0
UserD,h06_mw11,PV sys,0.0
UserD,h06_mw11,National Grid EE,0.0
UserD,h06_mw11,Storage EE,0.6
UserD,h06_mw11,Gas Boiler,0.0
UserD,h06_mw11,HP,0.0
UserD,h06_mw11,AC,0.0
UserD,h06_mw11,Storage HW,0.0
UserD,h06_mw11,Radiators,0.0
UserD,h06_mw11,Floor heating,0.0
UserD,h06_mw11,Induction stove,0.0
UserD,h06_mw11,Gas stove,0.0
UserD,h06_mw11,Gas National Grid,0.0
UserD,h07_mw11,PV sys,0.0
UserD,h07_mw11,National Grid EE,0.0
UserD,h07_mw11,Storage EE,0.7617499999999997
UserD,h07_mw11,Gas Boiler,0.0
UserD,h07_mw11,HP,0.0
UserD,h07_mw11,AC,0.0
UserD,h07_mw11,Storage HW,0.0
UserD,h07_mw11,Radiators,0.0
UserD,h07_mw11,Floor heating,0.0
UserD,h07_mw11,Induction stove,0.0
UserD,h07_mw11,Gas stove,0.0
UserD,h07_mw11,Gas National Grid,0.0
UserD,h08_mw11,PV sys,0.0
UserD,h08_mw11,National Grid EE,0.0
UserD,h08_mw11,Storage EE,0.6
UserD,h08_mw11,Gas Boiler,0.0
UserD,h08_mw11,HP,0.0
UserD,h08_mw11,AC,0.0
UserD,h08_mw11,Storage HW,0.0
UserD,h08_mw11,Radiators,0.0
UserD,h08_mw11,Floor heating,0.0
UserD,h08_mw11,Induction stove,0.0
UserD,h08_mw11,Gas stove,0.0
UserD,h08_mw11,Gas National Grid,0.0
UserD,h09_mw11,PV sys,0.0
UserD,h09_mw11,National Grid EE,0.0
UserD,h09_mw11,Storage EE,0.6
UserD,h09_mw11,Gas Boiler,0.0
UserD,h09_mw11,HP,0.0
UserD,h09_mw11,AC,0.0
UserD,h09_mw11,Storage HW,0.0
UserD,h09_mw11,Radiators,0.0
UserD,h09_mw11,Floor heating,0.0
UserD,h09_mw11,Induction stove,0.0
UserD,h09_mw11,Gas stove,0.0
UserD,h09_mw11,Gas National Grid,0.0
UserD,h10_mw11,PV sys,0.0
UserD,h10_mw11,National Grid EE,0.0
UserD,h10_mw11,Storage EE,0.6
UserD,h10_mw11,Gas Boiler,0.0
UserD,h10_mw11,HP,0.0
UserD,h10_mw11,AC,0.0
UserD,h10_mw11,Storage HW,0.0
UserD,h10_mw11,Radiators,0.0
UserD,h10_mw11,Floor heating,0.0
UserD,h10_mw11,Induction stove,0.0
UserD,h10_mw11,Gas stove,0.0
UserD,h10_mw11,Gas National Grid,0.0
UserD,h11_mw11,PV sys,0.0
UserD,h11_mw11,National Grid EE,0.0
UserD,h11_mw11,Storage EE,2.104564016666667
UserD,h11_mw11,Gas Boiler,0.0
UserD,h11_mw11,HP,0.0
UserD,h11_mw11,AC,0.0
UserD,h11_mw11,Storage HW,0.0
UserD,h11_mw11,Radiators,0.0
UserD,h11_mw11,Floor heating,0.0
UserD,h11_mw11,Induction stove,0.0
UserD,h11_mw11,Gas stove,0.0
UserD,h11_mw11,Gas National Grid,0.0
UserD,h12_mw11,PV sys,0.0
UserD,h12_mw11,National Grid EE,0.0
UserD,h12_mw11,Storage EE,4.290429166666667
UserD,h12_mw11,Gas Boiler,0.0
UserD,h12_mw11,HP,0.0
UserD,h12_mw11,AC,0.0
UserD,h12_mw11,Storage HW,0.0
UserD,h12_mw11,Radiators,0.0
UserD,h12_mw11,Floor heating,0.0
UserD,h12_mw11,Induction stove,0.0
UserD,h12_mw11,Gas stove,0.0
UserD,h12_mw11,Gas National Grid,0.0
UserD,h13_mw11,PV sys,0.0
UserD,h13_mw11,National Grid EE,0.0
UserD,h13_mw11,Storage EE,5.7
UserD,h13_mw11,Gas Boiler,0.0
UserD,h13_mw11,HP,0.0
UserD,h13_mw11,AC,0.0
UserD,h13_mw11,Storage HW,0.0
UserD,h13_mw11,Radiators,0.0
UserD,h13_mw11,Floor heating,0.0
UserD,h13_mw11,Induction stove,0.0
UserD,h13_mw11,Gas stove,0.0
UserD,h13_mw11,Gas National Grid,0.0
UserD,h14_mw11,PV sys,0.0
UserD,h14_mw11,National Grid EE,0.0
UserD,h14_mw11,Storage EE,4.931797616666666
UserD,h14_mw11,Gas Boiler,0.0
UserD,h14_mw11,HP,0.0
UserD,h14_mw11,AC,0.0
UserD,h14_mw11,Storage HW,0.0
UserD,h14_mw11,Radiators,0.0
UserD,h14_mw11,Floor heating,0.0
UserD,h14_mw11,Induction stove,0.0
UserD,h14_mw11,Gas stove,0.0
UserD,h14_mw11,Gas National Grid,0.0
UserD,h15_mw11,PV sys,0.0
UserD,h15_mw11,National Grid EE,0.0
UserD,h15_mw11,Storage EE,5.7
UserD,h15_mw11,Gas Boiler,0.0
UserD,h15_mw11,HP,0.0
UserD,h15_mw11,AC,0.0
UserD,h15_mw11,Storage HW,0.0
UserD,h15_mw11,Radiators,0.0
UserD,h15_mw11,Floor heating,0.0
UserD,h15_mw11,Induction stove,0.0
UserD,h15_mw11,Gas stove,0.0
UserD,h15_mw11,Gas National Grid,0.0
UserD,h16_mw11,PV sys,0.0
UserD,h16_mw11,National Grid EE,0.0
UserD,h16_mw11,Storage EE,5.555266683333333
UserD,h16_mw11,Gas Boiler,0.0
UserD,h16_mw11,HP,0.0
UserD,h16_mw11,AC,0.0
UserD,h16_mw11,Storage HW,0.0
UserD,h16_mw11,Radiators,0.0
UserD,h16_mw11,Floor heating,0.0
UserD,h16_mw11,Induction stove,0.0
UserD,h16_mw11,Gas stove,0.0
UserD,h16_mw11,Gas National Grid,0.0
UserD,h17_mw11,PV sys,0.0
UserD,h17_mw11,National Grid EE,0.0
UserD,h17_mw11,Storage EE,5.7
UserD,h17_mw11,Gas Boiler,0.0
UserD,h17_mw11,HP,0.0
UserD,h17_mw11,AC,0.0
UserD,h17_mw11,Storage HW,0.0
UserD,h17_mw11,Radiators,0.0
UserD,h17_mw11,Floor heating,0.0
UserD,h17_mw11,Induction stove,0.0
UserD,h17_mw11,Gas stove,0.0
UserD,h17_mw11,Gas National Grid,0.0
UserD,h18_mw11,PV sys,0.0
UserD,h18_mw11,National Grid EE,0.0
UserD,h18_mw11,Storage EE,5.4365
UserD,h18_mw11,Gas Boiler,0.0
UserD,h18_mw11,HP,0.0
UserD,h18_mw11,AC,0.0
UserD,h18_mw11,Storage HW,0.0
UserD,h18_mw11,Radiators,0.0
UserD,h18_mw11,Floor heating,0.0
UserD,h18_mw11,Induction stove,0.0
UserD,h18_mw11,Gas stove,0.0
UserD,h18_mw11,Gas National Grid,0.0
UserD,h19_mw11,PV sys,0.0
UserD,h19_mw11,National Grid EE,0.0
UserD,h19_mw11,Storage EE,3.6057091980610867
UserD,h19_mw11,Gas Boiler,0.0
UserD,h19_mw11,HP,0.0
UserD,h19_mw11,AC,0.0
UserD,h19_mw11,Storage HW,0.0
UserD,h19_mw11,Radiators,0.0
UserD,h19_mw11,Floor heating,0.0
UserD,h19_mw11,Induction stove,0.0
UserD,h19_mw11,Gas stove,0.0
UserD,h19_mw11,Gas National Grid,0.0
UserD,h20_mw11,PV sys,0.0
UserD,h20_mw11,National Grid EE,0.0
UserD,h20_mw11,Storage EE,2.4931699445116227
UserD,h20_mw11,Gas Boiler,0.0
UserD,h20_mw11,HP,0.0
UserD,h20_mw11,AC,0.0
UserD,h20_mw11,Storage HW,0.0
UserD,h20_mw11,Radiators,0.0
UserD,h20_mw11,Floor heating,0.0
UserD,h20_mw11,Induction stove,0.0
UserD,h20_mw11,Gas stove,0.0
UserD,h20_mw11,Gas National Grid,0.0
UserD,h21_mw11,PV sys,0.0
UserD,h21_mw11,National Grid EE,0.0
UserD,h21_mw11,Storage EE,2.4931699445116227
UserD,h21_mw11,Gas Boiler,0.0
UserD,h21_mw11,HP,0.0
UserD,h21_mw11,AC,0.0
UserD,h21_mw11,Storage HW,0.0
UserD,h21_mw11,Radiators,0.0
UserD,h21_mw11,Floor heating,0.0
UserD,h21_mw11,Induction stove,0.0
UserD,h21_mw11,Gas stove,0.0
UserD,h21_mw11,Gas National Grid,0.0
UserD,h22_mw11,PV sys,0.0
UserD,h22_mw11,National Grid EE,0.0
UserD,h22_mw11,Storage EE,2.4931699445116227
UserD,h22_mw11,Gas Boiler,0.0
UserD,h22_mw11,HP,0.0
UserD,h22_mw11,AC,0.0
UserD,h22_mw11,Storage HW,0.0
UserD,h22_mw11,Radiators,0.0
UserD,h22_mw11,Floor heating,0.0
UserD,h22_mw11,Induction stove,0.0
UserD,h22_mw11,Gas stove,0.0
UserD,h22_mw11,Gas National Grid,0.0
UserD,h23_mw11,PV sys,0.0
UserD,h23_mw11,National Grid EE,0.0
UserD,h23_mw11,Storage EE,1.9806632336886856
UserD,h23_mw11,Gas Boiler,0.0
UserD,h23_mw11,HP,0.0
UserD,h23_mw11,AC,0.0
UserD,h23_mw11,Storage HW,0.0
UserD,h23_mw11,Radiators,0.0
UserD,h23_mw11,Floor heating,0.0
UserD,h23_mw11,Induction stove,0.0
UserD,h23_mw11,Gas stove,0.0
UserD,h23_mw11,Gas National Grid,0.0
UserD,h24_mw11,PV sys,0.0
UserD,h24_mw11,National Grid EE,0.0
UserD,h24_mw11,Storage EE,1.9806632336886856
UserD,h24_mw11,Gas Boiler,0.0
UserD,h24_mw11,HP,0.0
UserD,h24_mw11,AC,0.0
UserD,h24_mw11,Storage HW,0.0
UserD,h24_mw11,Radiators,0.0
UserD,h24_mw11,Floor heating,0.0
UserD,h24_mw11,Induction stove,0.0
UserD,h24_mw11,Gas stove,0.0
UserD,h24_mw11,Gas National Grid,0.0
UserD,h01_mw12,PV sys,0.0
UserD,h01_mw12,National Grid EE,0.0
UserD,h01_mw12,Storage EE,1.6045791836886854
UserD,h01_mw12,Gas Boiler,0.0
UserD,h01_mw12,HP,0.0
UserD,h01_mw12,AC,0.0
UserD,h01_mw12,Storage HW,0.0
UserD,h01_mw12,Radiators,0.0
UserD,h01_mw12,Floor heating,0.0
UserD,h01_mw12,Induction stove,0.0
UserD,h01_mw12,Gas stove,0.0
UserD,h01_mw12,Gas National Grid,0.0
UserD,h02_mw12,PV sys,0.0
UserD,h02_mw12,National Grid EE,0.0
UserD,h02_mw12,Storage EE,1.429645567022019
UserD,h02_mw12,Gas Boiler,0.0
UserD,h02_mw12,HP,0.0
UserD,h02_mw12,AC,0.0
UserD,h02_mw12,Storage HW,0.0
UserD,h02_mw12,Radiators,0.0
UserD,h02_mw12,Floor heating,0.0
UserD,h02_mw12,Induction stove,0.0
UserD,h02_mw12,Gas stove,0.0
UserD,h02_mw12,Gas National Grid,0.0
UserD,h03_mw12,PV sys,0.0
UserD,h03_mw12,National Grid EE,0.0
UserD,h03_mw12,Storage EE,1.2551954170220183
UserD,h03_mw12,Gas Boiler,0.0
UserD,h03_mw12,HP,0.0
UserD,h03_mw12,AC,0.0
UserD,h03_mw12,Storage HW,0.0
UserD,h03_mw12,Radiators,0.0
UserD,h03_mw12,Floor heating,0.0
UserD,h03_mw12,Induction stove,0.0
UserD,h03_mw12,Gas stove,0.0
UserD,h03_mw12,Gas National Grid,0.0
UserD,h04_mw12,PV sys,0.0
UserD,h04_mw12,National Grid EE,0.0
UserD,h04_mw12,Storage EE,1.1024120170220186
UserD,h04_mw12,Gas Boiler,0.0
UserD,h04_mw12,HP,0.0
UserD,h04_mw12,AC,0.0
UserD,h04_mw12,Storage HW,0.0
UserD,h04_mw12,Radiators,0.0
UserD,h04_mw12,Floor heating,0.0
UserD,h04_mw12,Induction stove,0.0
UserD,h04_mw12,Gas stove,0.0
UserD,h04_mw12,Gas National Grid,0.0
UserD,h05_mw12,PV sys,0.0
UserD,h05_mw12,National Grid EE,0.0
UserD,h05_mw12,Storage EE,0.9529119336886849
UserD,h05_mw12,Gas Boiler,0.0
UserD,h05_mw12,HP,0.0
UserD,h05_mw12,AC,0.0
UserD,h05_mw12,Storage HW,0.0
UserD,h05_mw12,Radiators,0.0
UserD,h05_mw12,Floor heating,0.0
UserD,h05_mw12,Induction stove,0.0
UserD,h05_mw12,Gas stove,0.0
UserD,h05_mw12,Gas National Grid,0.0
UserD,h06_mw12,PV sys,0.0
UserD,h06_mw12,National Grid EE,0.0
UserD,h06_mw12,Storage EE,0.7804119336886841
UserD,h06_mw12,Gas Boiler,0.0
UserD,h06_mw12,HP,0.0
UserD,h06_mw12,AC,0.0
UserD,h06_mw12,Storage HW,0.0
UserD,h06_mw12,Radiators,0.0
UserD,h06_mw12,Floor heating,0.0
UserD,h06_mw12,Induction stove,0.0
UserD,h06_mw12,Gas stove,0.0
UserD,h06_mw12,Gas National Grid,0.0
UserD,h07_mw12,PV sys,0.0
UserD,h07_mw12,National Grid EE,0.0
UserD,h07_mw12,Storage EE,0.6
UserD,h07_mw12,Gas Boiler,0.0
UserD,h07_mw12,HP,0.0
UserD,h07_mw12,AC,0.0
UserD,h07_mw12,Storage HW,0.0
UserD,h07_mw12,Radiators,0.0
UserD,h07_mw12,Floor heating,0.0
UserD,h07_mw12,Induction stove,0.0
UserD,h07_mw12,Gas stove,0.0
UserD,h07_mw12,Gas National Grid,0.0
UserD,h08_mw12,PV sys,0.0
UserD,h08_mw12,National Grid EE,0.0
UserD,h08_mw12,Storage EE,0.6
UserD,h08_mw12,Gas Boiler,0.0
UserD,h08_mw12,HP,0.0
UserD,h08_mw12,AC,0.0
UserD,h08_mw12,Storage HW,0.0
UserD,h08_mw12,Radiators,0.0
UserD,h08_mw12,Floor heating,0.0
UserD,h08_mw12,Induction stove,0.0
UserD,h08_mw12,Gas stove,0.0
UserD,h08_mw12,Gas National Grid,0.0
UserD,h09_mw12,PV sys,0.0
UserD,h09_mw12,National Grid EE,0.0
UserD,h09_mw12,Storage EE,1.5060125594377838
UserD,h09_mw12,Gas Boiler,0.0
UserD,h09_mw12,HP,0.0
UserD,h09_mw12,AC,0.0
UserD,h09_mw12,Storage HW,0.0
UserD,h09_mw12,Radiators,0.0
UserD,h09_mw12,Floor heating,0.0
UserD,h09_mw12,Induction stove,0.0
UserD,h09_mw12,Gas stove,0.0
UserD,h09_mw12,Gas National Grid,0.0
UserD,h10_mw12,PV sys,0.0
UserD,h10_mw12,National Grid EE,0.0
UserD,h10_mw12,Storage EE,3.3852624372359537
UserD,h10_mw12,Gas Boiler,0.0
UserD,h10_mw12,HP,0.0
UserD,h10_mw12,AC,0.0
UserD,h10_mw12,Storage HW,0.0
UserD,h10_mw12,Radiators,0.0
UserD,h10_mw12,Floor heating,0.0
UserD,h10_mw12,Induction stove,0.0
UserD,h10_mw12,Gas stove,0.0
UserD,h10_mw12,Gas National Grid,0.0
UserD,h11_mw12,PV sys,0.0
UserD,h11_mw12,National Grid EE,0.0
UserD,h11_mw12,Storage EE,3.37545335390262
UserD,h11_mw12,Gas Boiler,0.0
UserD,h11_mw12,HP,0.0
UserD,h11_mw12,AC,0.0
UserD,h11_mw12,Storage HW,0.0
UserD,h11_mw12,Radiators,0.0
UserD,h11_mw12,Floor heating,0.0
UserD,h11_mw12,Induction stove,0.0
UserD,h11_mw12,Gas stove,0.0
UserD,h11_mw12,Gas National Grid,0.0
UserD,h12_mw12,PV sys,0.0
UserD,h12_mw12,National Grid EE,0.0
UserD,h12_mw12,Storage EE,5.372421769392908
UserD,h12_mw12,Gas Boiler,0.0
UserD,h12_mw12,HP,0.0
UserD,h12_mw12,AC,0.0
UserD,h12_mw12,Storage HW,0.0
UserD,h12_mw12,Radiators,0.0
UserD,h12_mw12,Floor heating,0.0
UserD,h12_mw12,Induction stove,0.0
UserD,h12_mw12,Gas stove,0.0
UserD,h12_mw12,Gas National Grid,0.0
UserD,h13_mw12,PV sys,0.0
UserD,h13_mw12,National Grid EE,0.0
UserD,h13_mw12,Storage EE,5.525019186059573
UserD,h13_mw12,Gas Boiler,0.0
UserD,h13_mw12,HP,0.0
UserD,h13_mw12,AC,0.0
UserD,h13_mw12,Storage HW,0.0
UserD,h13_mw12,Radiators,0.0
UserD,h13_mw12,Floor heating,0.0
UserD,h13_mw12,Induction stove,0.0
UserD,h13_mw12,Gas stove,0.0
UserD,h13_mw12,Gas National Grid,0.0
UserD,h14_mw12,PV sys,0.0
UserD,h14_mw12,National Grid EE,0.0
UserD,h14_mw12,Storage EE,5.114592352726239
UserD,h14_mw12,Gas Boiler,0.0
UserD,h14_mw12,HP,0.0
UserD,h14_mw12,AC,0.0
UserD,h14_mw12,Storage HW,0.0
UserD,h14_mw12,Radiators,0.0
UserD,h14_mw12,Floor heating,0.0
UserD,h14_mw12,Induction stove,0.0
UserD,h14_mw12,Gas stove,0.0
UserD,h14_mw12,Gas National Grid,0.0
UserD,h15_mw12,PV sys,0.0
UserD,h15_mw12,National Grid EE,0.0
UserD,h15_mw12,Storage EE,4.354116574661488
UserD,h15_mw12,Gas Boiler,0.0
UserD,h15_mw12,HP,0.0
UserD,h15_mw12,AC,0.0
UserD,h15_mw12,Storage HW,0.0
UserD,h15_mw12,Radiators,0.0
UserD,h15_mw12,Floor heating,0.0
UserD,h15_mw12,Induction stove,0.0
UserD,h15_mw12,Gas stove,0.0
UserD,h15_mw12,Gas National Grid,0.0
UserD,h16_mw12,PV sys,0.0
UserD,h16_mw12,National Grid EE,0.0
UserD,h16_mw12,Storage EE,5.7
UserD,h16_mw12,Gas Boiler,0.0
UserD,h16_mw12,HP,0.0
UserD,h16_mw12,AC,0.0
UserD,h16_mw12,Storage HW,0.0
UserD,h16_mw12,Radiators,0.0
UserD,h16_mw12,Floor heating,0.0
UserD,h16_mw12,Induction stove,0.0
UserD,h16_mw12,Gas stove,0.0
UserD,h16_mw12,Gas National Grid,0.0
UserD,h17_mw12,PV sys,0.0
UserD,h17_mw12,National Grid EE,0.0
UserD,h17_mw12,Storage EE,5.111382291332387
UserD,h17_mw12,Gas Boiler,0.0
UserD,h17_mw12,HP,0.0
UserD,h17_mw12,AC,0.0
UserD,h17_mw12,Storage HW,0.0
UserD,h17_mw12,Radiators,0.0
UserD,h17_mw12,Floor heating,0.0
UserD,h17_mw12,Induction stove,0.0
UserD,h17_mw12,Gas stove,0.0
UserD,h17_mw12,Gas National Grid,0.0
UserD,h18_mw12,PV sys,0.0
UserD,h18_mw12,National Grid EE,0.0
UserD,h18_mw12,Storage EE,4.838805221332387
UserD,h18_mw12,Gas Boiler,0.0
UserD,h18_mw12,HP,0.0
UserD,h18_mw12,AC,0.0
UserD,h18_mw12,Storage HW,0.0
UserD,h18_mw12,Radiators,0.0
UserD,h18_mw12,Floor heating,0.0
UserD,h18_mw12,Induction stove,0.0
UserD,h18_mw12,Gas stove,0.0
UserD,h18_mw12,Gas National Grid,0.0
UserD,h19_mw12,PV sys,0.0
UserD,h19_mw12,National Grid EE,0.0
UserD,h19_mw12,Storage EE,3.828534570190823
UserD,h19_mw12,Gas Boiler,0.0
UserD,h19_mw12,HP,0.0
UserD,h19_mw12,AC,0.0
UserD,h19_mw12,Storage HW,0.0
UserD,h19_mw12,Radiators,0.0
UserD,h19_mw12,Floor heating,0.0
UserD,h19_mw12,Induction stove,0.0
UserD,h19_mw12,Gas stove,0.0
UserD,h19_mw12,Gas National Grid,0.0
UserD,h20_mw12,PV sys,0.0
UserD,h20_mw12,National Grid EE,0.0
UserD,h20_mw12,Storage EE,3.217138666666666
UserD,h20_mw12,Gas Boiler,0.0
UserD,h20_mw12,HP,0.0
UserD,h20_mw12,AC,0.0
UserD,h20_mw12,Storage HW,0.0
UserD,h20_mw12,Radiators,0.0
UserD,h20_mw12,Floor heating,0.0
UserD,h20_mw12,Induction stove,0.0
UserD,h20_mw12,Gas stove,0.0
UserD,h20_mw12,Gas National Grid,0.0
UserD,h21_mw12,PV sys,0.0
UserD,h21_mw12,National Grid EE,0.0
UserD,h21_mw12,Storage EE,2.631109766666666
UserD,h21_mw12,Gas Boiler,0.0
UserD,h21_mw12,HP,0.0
UserD,h21_mw12,AC,0.0
UserD,h21_mw12,Storage HW,0.0
UserD,h21_mw12,Radiators,0.0
UserD,h21_mw12,Floor heating,0.0
UserD,h21_mw12,Induction stove,0.0
UserD,h21_mw12,Gas stove,0.0
UserD,h21_mw12,Gas National Grid,0.0
UserD,h22_mw12,PV sys,0.0
UserD,h22_mw12,National Grid EE,0.0
UserD,h22_mw12,Storage EE,1.8198895666666668
UserD,h22_mw12,Gas Boiler,0.0
UserD,h22_mw12,HP,0.0
UserD,h22_mw12,AC,0.0
UserD,h22_mw12,Storage HW,0.0
UserD,h22_mw12,Radiators,0.0
UserD,h22_mw12,Floor heating,0.0
UserD,h22_mw12,Induction stove,0.0
UserD,h22_mw12,Gas stove,0.0
UserD,h22_mw12,Gas National Grid,0.0
UserD,h23_mw12,PV sys,0.0
UserD,h23_mw12,National Grid EE,0.0
UserD,h23_mw12,Storage EE,0.901136216666667
UserD,h23_mw12,Gas Boiler,0.0
UserD,h23_mw12,HP,0.0
UserD,h23_mw12,AC,0.0
UserD,h23_mw12,Storage HW,0.0
UserD,h23_mw12,Radiators,0.0
UserD,h23_mw12,Floor heating,0.0
UserD,h23_mw12,Induction stove,0.0
UserD,h23_mw12,Gas stove,0.0
UserD,h23_mw12,Gas National Grid,0.0
UserD,h24_mw12,PV sys,0.0
UserD,h24_mw12,National Grid EE,0.0
UserD,h24_mw12,Storage EE,0.6
UserD,h24_mw12,Gas Boiler,0.0
UserD,h24_mw12,HP,0.0
UserD,h24_mw12,AC,0.0
UserD,h24_mw12,Storage HW,0.0
UserD,h24_mw12,Radiators,0.0
UserD,h24_mw12,Floor heating,0.0
UserD,h24_mw12,Induction stove,0.0
UserD,h24_mw12,Gas stove,0.0
UserD,h24_mw12,Gas National Grid,0.0
UserD,h01_mw13,PV sys,0.0
UserD,h01_mw13,National Grid EE,0.0
UserD,h01_mw13,Storage EE,0.6
UserD,h01_mw13,Gas Boiler,0.0
UserD,h01_mw13,HP,0.0
UserD,h01_mw13,AC,0.0
UserD,h01_mw13,Storage HW,0.0
UserD,h01_mw13,Radiators,0.0
UserD,h01_mw13,Floor heating,0.0
UserD,h01_mw13,Induction stove,0.0
UserD,h01_mw13,Gas stove,0.0
UserD,h01_mw13,Gas National Grid,0.0
UserD,h02_mw13,PV sys,0.0
UserD,h02_mw13,National Grid EE,0.0
UserD,h02_mw13,Storage EE,0.6
UserD,h02_mw13,Gas Boiler,0.0
UserD,h02_mw13,HP,0.0
UserD,h02_mw13,AC,0.0
UserD,h02_mw13,Storage HW,0.0
UserD,h02_mw13,Radiators,0.0
UserD,h02_mw13,Floor heating,0.0
UserD,h02_mw13,Induction stove,0.0
UserD,h02_mw13,Gas stove,0.0
UserD,h02_mw13,Gas National Grid,0.0
UserD,h03_mw13,PV sys,0.0
UserD,h03_mw13,National Grid EE,0.0
UserD,h03_mw13,Storage EE,0.6
UserD,h03_mw13,Gas Boiler,0.0
UserD,h03_mw13,HP,0.0
UserD,h03_mw13,AC,0.0
UserD,h03_mw13,Storage HW,0.0
UserD,h03_mw13,Radiators,0.0
UserD,h03_mw13,Floor heating,0.0
UserD,h03_mw13,Induction stove,0.0
UserD,h03_mw13,Gas stove,0.0
UserD,h03_mw13,Gas National Grid,0.0
UserD,h04_mw13,PV sys,0.0
UserD,h04_mw13,National Grid EE,0.0
UserD,h04_mw13,Storage EE,0.6
UserD,h04_mw13,Gas Boiler,0.0
UserD,h04_mw13,HP,0.0
UserD,h04_mw13,AC,0.0
UserD,h04_mw13,Storage HW,0.0
UserD,h04_mw13,Radiators,0.0
UserD,h04_mw13,Floor heating,0.0
UserD,h04_mw13,Induction stove,0.0
UserD,h04_mw13,Gas stove,0.0
UserD,h04_mw13,Gas National Grid,0.0
UserD,h05_mw13,PV sys,0.0
UserD,h05_mw13,National Grid EE,0.0
UserD,h05_mw13,Storage EE,0.6
UserD,h05_mw13,Gas Boiler,0.0
UserD,h05_mw13,HP,0.0
UserD,h05_mw13,AC,0.0
UserD,h05_mw13,Storage HW,0.0
UserD,h05_mw13,Radiators,0.0
UserD,h05_mw13,Floor heating,0.0
UserD,h05_mw13,Induction stove,0.0
UserD,h05_mw13,Gas stove,0.0
UserD,h05_mw13,Gas National Grid,0.0
UserD,h06_mw13,PV sys,0.0
UserD,h06_mw13,National Grid EE,0.0
UserD,h06_mw13,Storage EE,0.6518499999999996
UserD,h06_mw13,Gas Boiler,0.0
UserD,h06_mw13,HP,0.0
UserD,h06_mw13,AC,0.0
UserD,h06_mw13,Storage HW,0.0
UserD,h06_mw13,Radiators,0.0
UserD,h06_mw13,Floor heating,0.0
UserD,h06_mw13,Induction stove,0.0
UserD,h06_mw13,Gas stove,0.0
UserD,h06_mw13,Gas National Grid,0.0
UserD,h07_mw13,PV sys,0.0
UserD,h07_mw13,National Grid EE,0.0
UserD,h07_mw13,Storage EE,0.6522497166666662
UserD,h07_mw13,Gas Boiler,0.0
UserD,h07_mw13,HP,0.0
UserD,h07_mw13,AC,0.0
UserD,h07_mw13,Storage HW,0.0
UserD,h07_mw13,Radiators,0.0
UserD,h07_mw13,Floor heating,0.0
UserD,h07_mw13,Induction stove,0.0
UserD,h07_mw13,Gas stove,0.0
UserD,h07_mw13,Gas National Grid,0.0
UserD,h08_mw13,PV sys,0.0
UserD,h08_mw13,National Grid EE,0.0
UserD,h08_mw13,Storage EE,1.0385497166666662
UserD,h08_mw13,Gas Boiler,0.0
UserD,h08_mw13,HP,0.0
UserD,h08_mw13,AC,0.0
UserD,h08_mw13,Storage HW,0.0
UserD,h08_mw13,Radiators,0.0
UserD,h08_mw13,Floor heating,0.0
UserD,h08_mw13,Induction stove,0.0
UserD,h08_mw13,Gas stove,0.0
UserD,h08_mw13,Gas National Grid,0.0
UserD,h09_mw13,PV sys,0.0
UserD,h09_mw13,National Grid EE,0.0
UserD,h09_mw13,Storage EE,1.5915497166666661
UserD,h09_mw13,Gas Boiler,0.0
UserD,h09_mw13,HP,0.0
UserD,h09_mw13,AC,0.0
UserD,h09_mw13,Storage HW,0.0
UserD,h09_mw13,Radiators,0.0
UserD,h09_mw13,Floor heating,0.0
UserD,h09_mw13,Induction stove,0.0
UserD,h09_mw13,Gas stove,0.0
UserD,h09_mw13,Gas National Grid,0.0
UserD,h10_mw13,PV sys,0.0
UserD,h10_mw13,National Grid EE,0.0
UserD,h10_mw13,Storage EE,2.4159997166666662
UserD,h10_mw13,Gas Boiler,0.0
UserD,h10_mw13,HP,0.0
UserD,h10_mw13,AC,0.0
UserD,h10_mw13,Storage HW,0.0
UserD,h10_mw13,Radiators,0.0
UserD,h10_mw13,Floor heating,0.0
UserD,h10_mw13,Induction stove,0.0
UserD,h10_mw13,Gas stove,0.0
UserD,h10_mw13,Gas National Grid,0.0
UserD,h11_mw13,PV sys,0.0
UserD,h11_mw13,National Grid EE,0.0
UserD,h11_mw13,Storage EE,3.0988997166666663
UserD,h11_mw13,Gas Boiler,0.0
UserD,h11_mw13,HP,0.0
UserD,h11_mw13,AC,0.0
UserD,h11_mw13,Storage HW,0.0
UserD,h11_mw13,Radiators,0.0
UserD,h11_mw13,Floor heating,0.0
UserD,h11_mw13,Induction stove,0.0
UserD,h11_mw13,Gas stove,0.0
UserD,h11_mw13,Gas National Grid,0.0
UserD,h12_mw13,PV sys,0.0
UserD,h12_mw13,National Grid EE,0.0
UserD,h12_mw13,Storage EE,3.8945253666666657
UserD,h12_mw13,Gas Boiler,0.0
UserD,h12_mw13,HP,0.0
UserD,h12_mw13,AC,0.0
UserD,h12_mw13,Storage HW,0.0
UserD,h12_mw13,Radiators,0.0
UserD,h12_mw13,Floor heating,0.0
UserD,h12_mw13,Induction stove,0.0
UserD,h12_mw13,Gas stove,0.0
UserD,h12_mw13,Gas National Grid,0.0
UserD,h13_mw13,PV sys,0.0
UserD,h13_mw13,National Grid EE,0.0
UserD,h13_mw13,Storage EE,3.7451387999999985
UserD,h13_mw13,Gas Boiler,0.0
UserD,h13_mw13,HP,0.0
UserD,h13_mw13,AC,0.0
UserD,h13_mw13,Storage HW,0.0
UserD,h13_mw13,Radiators,0.0
UserD,h13_mw13,Floor heating,0.0
UserD,h13_mw13,Induction stove,0.0
UserD,h13_mw13,Gas stove,0.0
UserD,h13_mw13,Gas National Grid,0.0
UserD,h14_mw13,PV sys,0.0
UserD,h14_mw13,National Grid EE,0.0
UserD,h14_mw13,Storage EE,3.990484483333333
UserD,h14_mw13,Gas Boiler,0.0
UserD,h14_mw13,HP,0.0
UserD,h14_mw13,AC,0.0
UserD,h14_mw13,Storage HW,0.0
UserD,h14_mw13,Radiators,0.0
UserD,h14_mw13,Floor heating,0.0
UserD,h14_mw13,Induction stove,0.0
UserD,h14_mw13,Gas stove,0.0
UserD,h14_mw13,Gas National Grid,0.0
UserD,h15_mw13,PV sys,0.0
UserD,h15_mw13,National Grid EE,0.0
UserD,h15_mw13,Storage EE,4.7062176
UserD,h15_mw13,Gas Boiler,0.0
UserD,h15_mw13,HP,0.0
UserD,h15_mw13,AC,0.0
UserD,h15_mw13,Storage HW,0.0
UserD,h15_mw13,Radiators,0.0
UserD,h15_mw13,Floor heating,0.0
UserD,h15_mw13,Induction stove,0.0
UserD,h15_mw13,Gas stove,0.0
UserD,h15_mw13,Gas National Grid,0.0
UserD,h16_mw13,PV sys,0.0
UserD,h16_mw13,National Grid EE,0.0
UserD,h16_mw13,Storage EE,5.2971676
UserD,h16_mw13,Gas Boiler,0.0
UserD,h16_mw13,HP,0.0
UserD,h16_mw13,AC,0.0
UserD,h16_mw13,Storage HW,0.0
UserD,h16_mw13,Radiators,0.0
UserD,h16_mw13,Floor heating,0.0
UserD,h16_mw13,Induction stove,0.0
UserD,h16_mw13,Gas stove,0.0
UserD,h16_mw13,Gas National Grid,0.0
UserD,h17_mw13,PV sys,0.0
UserD,h17_mw13,National Grid EE,0.0
UserD,h17_mw13,Storage EE,5.7
UserD,h17_mw13,Gas Boiler,0.0
UserD,h17_mw13,HP,0.0
UserD,h17_mw13,AC,0.0
UserD,h17_mw13,Storage HW,0.0
UserD,h17_mw13,Radiators,0.0
UserD,h17_mw13,Floor heating,0.0
UserD,h17_mw13,Induction stove,0.0
UserD,h17_mw13,Gas stove,0.0
UserD,h17_mw13,Gas National Grid,0.0
UserD,h18_mw13,PV sys,0.0
UserD,h18_mw13,National Grid EE,0.0
UserD,h18_mw13,Storage EE,5.7
UserD,h18_mw13,Gas Boiler,0.0
UserD,h18_mw13,HP,0.0
UserD,h18_mw13,AC,0.0
UserD,h18_mw13,Storage HW,0.0
UserD,h18_mw13,Radiators,0.0
UserD,h18_mw13,Floor heating,0.0
UserD,h18_mw13,Induction stove,0.0
UserD,h18_mw13,Gas stove,0.0
UserD,h18_mw13,Gas National Grid,0.0
UserD,h19_mw13,PV sys,0.0
UserD,h19_mw13,National Grid EE,0.0
UserD,h19_mw13,Storage EE,5.7
UserD,h19_mw13,Gas Boiler,0.0
UserD,h19_mw13,HP,0.0
UserD,h19_mw13,AC,0.0
UserD,h19_mw13,Storage HW,0.0
UserD,h19_mw13,Radiators,0.0
UserD,h19_mw13,Floor heating,0.0
UserD,h19_mw13,Induction stove,0.0
UserD,h19_mw13,Gas stove,0.0
UserD,h19_mw13,Gas National Grid,0.0
UserD,h20_mw13,PV sys,0.0
UserD,h20_mw13,National Grid EE,0.0
UserD,h20_mw13,Storage EE,5.7
UserD,h20_mw13,Gas Boiler,0.0
UserD,h20_mw13,HP,0.0
UserD,h20_mw13,AC,0.0
UserD,h20_mw13,Storage HW,0.0
UserD,h20_mw13,Radiators,0.0
UserD,h20_mw13,Floor heating,0.0
UserD,h20_mw13,Induction stove,0.0
UserD,h20_mw13,Gas stove,0.0
UserD,h20_mw13,Gas National Grid,0.0
UserD,h21_mw13,PV sys,0.0
UserD,h21_mw13,National Grid EE,0.0
UserD,h21_mw13,Storage EE,5.7
UserD,h21_mw13,Gas Boiler,0.0
UserD,h21_mw13,HP,0.0
UserD,h21_mw13,AC,0.0
UserD,h21_mw13,Storage HW,0.0
UserD,h21_mw13,Radiators,0.0
UserD,h21_mw13,Floor heating,0.0
UserD,h21_mw13,Induction stove,0.0
UserD,h21_mw13,Gas stove,0.0
UserD,h21_mw13,Gas National Grid,0.0
UserD,h22_mw13,PV sys,0.0
UserD,h22_mw13,National Grid EE,0.0
UserD,h22_mw13,Storage EE,5.7
UserD,h22_mw13,Gas Boiler,0.0
UserD,h22_mw13,HP,0.0
UserD,h22_mw13,AC,0.0
UserD,h22_mw13,Storage HW,0.0
UserD,h22_mw13,Radiators,0.0
UserD,h22_mw13,Floor heating,0.0
UserD,h22_mw13,Induction stove,0.0
UserD,h22_mw13,Gas stove,0.0
UserD,h22_mw13,Gas National Grid,0.0
UserD,h23_mw13,PV sys,0.0
UserD,h23_mw13,National Grid EE,0.0
UserD,h23_mw13,Storage EE,5.7
UserD,h23_mw13,Gas Boiler,0.0
UserD,h23_mw13,HP,0.0
UserD,h23_mw13,AC,0.0
UserD,h23_mw13,Storage HW,0.0
UserD,h23_mw13,Radiators,0.0
UserD,h23_mw13,Floor heating,0.0
UserD,h23_mw13,Induction stove,0.0
UserD,h23_mw13,Gas stove,0.0
UserD,h23_mw13,Gas National Grid,0.0
UserD,h24_mw13,PV sys,0.0
UserD,h24_mw13,National Grid EE,0.0
UserD,h24_mw13,Storage EE,5.7
UserD,h24_mw13,Gas Boiler,0.0
UserD,h24_mw13,HP,0.0
UserD,h24_mw13,AC,0.0
UserD,h24_mw13,Storage HW,0.0
UserD,h24_mw13,Radiators,0.0
UserD,h24_mw13,Floor heating,0.0
UserD,h24_mw13,Induction stove,0.0
UserD,h24_mw13,Gas stove,0.0
UserD,h24_mw13,Gas National Grid,0.0
UserD,h01_mw14,PV sys,0.0
UserD,h01_mw14,National Grid EE,0.0
UserD,h01_mw14,Storage EE,5.413024766666666
UserD,h01_mw14,Gas Boiler,0.0
UserD,h01_mw14,HP,0.0
UserD,h01_mw14,AC,0.0
UserD,h01_mw14,Storage HW,0.0
UserD,h01_mw14,Radiators,0.0
UserD,h01_mw14,Floor heating,0.0
UserD,h01_mw14,Induction stove,0.0
UserD,h01_mw14,Gas stove,0.0
UserD,h01_mw14,Gas National Grid,0.0
UserD,h02_mw14,PV sys,0.0
UserD,h02_mw14,National Grid EE,0.0
UserD,h02_mw14,Storage EE,5.257290749999999
UserD,h02_mw14,Gas Boiler,0.0
UserD,h02_mw14,HP,0.0
UserD,h02_mw14,AC,0.0
UserD,h02_mw14,Storage HW,0.0
UserD,h02_mw14,Radiators,0.0
UserD,h02_mw14,Floor heating,0.0
UserD,h02_mw14,Induction stove,0.0
UserD,h02_mw14,Gas stove,0.0
UserD,h02_mw14,Gas National Grid,0.0
UserD,h03_mw14,PV sys,0.0
UserD,h03_mw14,National Grid EE,0.0
UserD,h03_mw14,Storage EE,5.056573733333333
UserD,h03_mw14,Gas Boiler,0.0
UserD,h03_mw14,HP,0.0
UserD,h03_mw14,AC,0.0
UserD,h03_mw14,Storage HW,0.0
UserD,h03_mw14,Radiators,0.0
UserD,h03_mw14,Floor heating,0.0
UserD,h03_mw14,Induction stove,0.0
UserD,h03_mw14,Gas stove,0.0
UserD,h03_mw14,Gas National Grid,0.0
UserD,h04_mw14,PV sys,0.0
UserD,h04_mw14,National Grid EE,0.0
UserD,h04_mw14,Storage EE,4.916656049999999
UserD,h04_mw14,Gas Boiler,0.0
UserD,h04_mw14,HP,0.0
UserD,h04_mw14,AC,0.0
UserD,h04_mw14,Storage HW,0.0
UserD,h04_mw14,Radiators,0.0
UserD,h04_mw14,Floor heating,0.0
UserD,h04_mw14,Induction stove,0.0
UserD,h04_mw14,Gas stove,0.0
UserD,h04_mw14,Gas National Grid,0.0
UserD,h05_mw14,PV sys,0.0
UserD,h05_mw14,National Grid EE,0.0
UserD,h05_mw14,Storage EE,1.9166560499999994
UserD,h05_mw14,Gas Boiler,0.0
UserD,h05_mw14,HP,0.0
UserD,h05_mw14,AC,0.0
UserD,h05_mw14,Storage HW,0.0
UserD,h05_mw14,Radiators,0.0
UserD,h05_mw14,Floor heating,0.0
UserD,h05_mw14,Induction stove,0.0
UserD,h05_mw14,Gas stove,0.0
UserD,h05_mw14,Gas National Grid,0.0
UserD,h06_mw14,PV sys,0.0
UserD,h06_mw14,National Grid EE,0.0
UserD,h06_mw14,Storage EE,1.6339059999999996
UserD,h06_mw14,Gas Boiler,0.0
UserD,h06_mw14,HP,0.0
UserD,h06_mw14,AC,0.0
UserD,h06_mw14,Storage HW,0.0
UserD,h06_mw14,Radiators,0.0
UserD,h06_mw14,Floor heating,0.0
UserD,h06_mw14,Induction stove,0.0
UserD,h06_mw14,Gas stove,0.0
UserD,h06_mw14,Gas National Grid,0.0
UserD,h07_mw14,PV sys,0.0
UserD,h07_mw14,National Grid EE,0.0
UserD,h07_mw14,Storage EE,0.6
UserD,h07_mw14,Gas Boiler,0.0
UserD,h07_mw14,HP,0.0
UserD,h07_mw14,AC,0.0
UserD,h07_mw14,Storage HW,0.0
UserD,h07_mw14,Radiators,0.0
UserD,h07_mw14,Floor heating,0.0
UserD,h07_mw14,Induction stove,0.0
UserD,h07_mw14,Gas stove,0.0
UserD,h07_mw14,Gas National Grid,0.0
UserD,h08_mw14,PV sys,0.0
UserD,h08_mw14,National Grid EE,0.0
UserD,h08_mw14,Storage EE,0.6
UserD,h08_mw14,Gas Boiler,0.0
UserD,h08_mw14,HP,0.0
UserD,h08_mw14,AC,0.0
UserD,h08_mw14,Storage HW,0.0
UserD,h08_mw14,Radiators,0.0
UserD,h08_mw14,Floor heating,0.0
UserD,h08_mw14,Induction stove,0.0
UserD,h08_mw14,Gas stove,0.0
UserD,h08_mw14,Gas National Grid,0.0
UserD,h09_mw14,PV sys,0.0
UserD,h09_mw14,National Grid EE,0.0
UserD,h09_mw14,Storage EE,0.6
UserD,h09_mw14,Gas Boiler,0.0
UserD,h09_mw14,HP,0.0
UserD,h09_mw14,AC,0.0
UserD,h09_mw14,Storage HW,0.0
UserD,h09_mw14,Radiators,0.0
UserD,h09_mw14,Floor heating,0.0
UserD,h09_mw14,Induction stove,0.0
UserD,h09_mw14,Gas stove,0.0
UserD,h09_mw14,Gas National Grid,0.0
UserD,h10_mw14,PV sys,0.0
UserD,h10_mw14,National Grid EE,0.0
UserD,h10_mw14,Storage EE,0.6
UserD,h10_mw14,Gas Boiler,0.0
UserD,h10_mw14,HP,0.0
UserD,h10_mw14,AC,0.0
UserD,h10_mw14,Storage HW,0.0
UserD,h10_mw14,Radiators,0.0
UserD,h10_mw14,Floor heating,0.0
UserD,h10_mw14,Induction stove,0.0
UserD,h10_mw14,Gas stove,0.0
UserD,h10_mw14,Gas National Grid,0.0
UserD,h11_mw14,PV sys,0.0
UserD,h11_mw14,National Grid EE,0.0
UserD,h11_mw14,Storage EE,3.4641053499999996
UserD,h11_mw14,Gas Boiler,0.0
UserD,h11_mw14,HP,0.0
UserD,h11_mw14,AC,0.0
UserD,h11_mw14,Storage HW,0.0
UserD,h11_mw14,Radiators,0.0
UserD,h11_mw14,Floor heating,0.0
UserD,h11_mw14,Induction stove,0.0
UserD,h11_mw14,Gas stove,0.0
UserD,h11_mw14,Gas National Grid,0.0
UserD,h12_mw14,PV sys,0.0
UserD,h12_mw14,National Grid EE,0.0
UserD,h12_mw14,Storage EE,5.7
UserD,h12_mw14,Gas Boiler,0.0
UserD,h12_mw14,HP,0.0
UserD,h12_mw14,AC,0.0
UserD,h12_mw14,Storage HW,0.0
UserD,h12_mw14,Radiators,0.0
UserD,h12_mw14,Floor heating,0.0
UserD,h12_mw14,Induction stove,0.0
UserD,h12_mw14,Gas stove,0.0
UserD,h12_mw14,Gas National Grid,0.0
UserD,h13_mw14,PV sys,0.0
UserD,h13_mw14,National Grid EE,0.0
UserD,h13_mw14,Storage EE,5.7
UserD,h13_mw14,Gas Boiler,0.0
UserD,h13_mw14,HP,0.0
UserD,h13_mw14,AC,0.0
UserD,h13_mw14,Storage HW,0.0
UserD,h13_mw14,Radiators,0.0
UserD,h13_mw14,Floor heating,0.0
UserD,h13_mw14,Induction stove,0.0
UserD,h13_mw14,Gas stove,0.0
UserD,h13_mw14,Gas National Grid,0.0
UserD,h14_mw14,PV sys,0.0
UserD,h14_mw14,National Grid EE,0.0
UserD,h14_mw14,Storage EE,5.7
UserD,h14_mw14,Gas Boiler,0.0
UserD,h14_mw14,HP,0.0
UserD,h14_mw14,AC,0.0
UserD,h14_mw14,Storage HW,0.0
UserD,h14_mw14,Radiators,0.0
UserD,h14_mw14,Floor heating,0.0
UserD,h14_mw14,Induction stove,0.0
UserD,h14_mw14,Gas stove,0.0
UserD,h14_mw14,Gas National Grid,0.0
UserD,h15_mw14,PV sys,0.0
UserD,h15_mw14,National Grid EE,0.0
UserD,h15_mw14,Storage EE,5.7
UserD,h15_mw14,Gas Boiler,0.0
UserD,h15_mw14,HP,0.0
UserD,h15_mw14,AC,0.0
UserD,h15_mw14,Storage HW,0.0
UserD,h15_mw14,Radiators,0.0
UserD,h15_mw14,Floor heating,0.0
UserD,h15_mw14,Induction stove,0.0
UserD,h15_mw14,Gas stove,0.0
UserD,h15_mw14,Gas National Grid,0.0
UserD,h16_mw14,PV sys,0.0
UserD,h16_mw14,National Grid EE,0.0
UserD,h16_mw14,Storage EE,5.7
UserD,h16_mw14,Gas Boiler,0.0
UserD,h16_mw14,HP,0.0
UserD,h16_mw14,AC,0.0
UserD,h16_mw14,Storage HW,0.0
UserD,h16_mw14,Radiators,0.0
UserD,h16_mw14,Floor heating,0.0
UserD,h16_mw14,Induction stove,0.0
UserD,h16_mw14,Gas stove,0.0
UserD,h16_mw14,Gas National Grid,0.0
UserD,h17_mw14,PV sys,0.0
UserD,h17_mw14,National Grid EE,0.0
UserD,h17_mw14,Storage EE,5.7
UserD,h17_mw14,Gas Boiler,0.0
UserD,h17_mw14,HP,0.0
UserD,h17_mw14,AC,0.0
UserD,h17_mw14,Storage HW,0.0
UserD,h17_mw14,Radiators,0.0
UserD,h17_mw14,Floor heating,0.0
UserD,h17_mw14,Induction stove,0.0
UserD,h17_mw14,Gas stove,0.0
UserD,h17_mw14,Gas National Grid,0.0
UserD,h18_mw14,PV sys,0.0
UserD,h18_mw14,National Grid EE,0.0
UserD,h18_mw14,Storage EE,5.210103333099912
UserD,h18_mw14,Gas Boiler,0.0
UserD,h18_mw14,HP,0.0
UserD,h18_mw14,AC,0.0
UserD,h18_mw14,Storage HW,0.0
UserD,h18_mw14,Radiators,0.0
UserD,h18_mw14,Floor heating,0.0
UserD,h18_mw14,Induction stove,0.0
UserD,h18_mw14,Gas stove,0.0
UserD,h18_mw14,Gas National Grid,0.0
UserD,h19_mw14,PV sys,0.0
UserD,h19_mw14,National Grid EE,0.0
UserD,h19_mw14,Storage EE,4.50750638498633
UserD,h19_mw14,Gas Boiler,0.0
UserD,h19_mw14,HP,0.0
UserD,h19_mw14,AC,0.0
UserD,h19_mw14,Storage HW,0.0
UserD,h19_mw14,Radiators,0.0
UserD,h19_mw14,Floor heating,0.0
UserD,h19_mw14,Induction stove,0.0
UserD,h19_mw14,Gas stove,0.0
UserD,h19_mw14,Gas National Grid,0.0
UserD,h20_mw14,PV sys,0.0
UserD,h20_mw14,National Grid EE,0.0
UserD,h20_mw14,Storage EE,3.6677168767803336
UserD,h20_mw14,Gas Boiler,0.0
UserD,h20_mw14,HP,0.0
UserD,h20_mw14,AC,0.0
UserD,h20_mw14,Storage HW,0.0
UserD,h20_mw14,Radiators,0.0
UserD,h20_mw14,Floor heating,0.0
UserD,h20_mw14,Induction stove,0.0
UserD,h20_mw14,Gas stove,0.0
UserD,h20_mw14,Gas National Grid,0.0
UserD,h21_mw14,PV sys,0.0
UserD,h21_mw14,National Grid EE,0.0
UserD,h21_mw14,Storage EE,3.1208402645149973
UserD,h21_mw14,Gas Boiler,0.0
UserD,h21_mw14,HP,0.0
UserD,h21_mw14,AC,0.0
UserD,h21_mw14,Storage HW,0.0
UserD,h21_mw14,Radiators,0.0
UserD,h21_mw14,Floor heating,0.0
UserD,h21_mw14,Induction stove,0.0
UserD,h21_mw14,Gas stove,0.0
UserD,h21_mw14,Gas National Grid,0.0
UserD,h22_mw14,PV sys,0.0
UserD,h22_mw14,National Grid EE,0.0
UserD,h22_mw14,Storage EE,2.4111614478483303
UserD,h22_mw14,Gas Boiler,0.0
UserD,h22_mw14,HP,0.0
UserD,h22_mw14,AC,0.0
UserD,h22_mw14,Storage HW,0.0
UserD,h22_mw14,Radiators,0.0
UserD,h22_mw14,Floor heating,0.0
UserD,h22_mw14,Induction stove,0.0
UserD,h22_mw14,Gas stove,0.0
UserD,h22_mw14,Gas National Grid,0.0
UserD,h23_mw14,PV sys,0.0
UserD,h23_mw14,National Grid EE,0.0
UserD,h23_mw14,Storage EE,1.179155450000001
UserD,h23_mw14,Gas Boiler,0.0
UserD,h23_mw14,HP,0.0
UserD,h23_mw14,AC,0.0
UserD,h23_mw14,Storage HW,0.0
UserD,h23_mw14,Radiators,0.0
UserD,h23_mw14,Floor heating,0.0
UserD,h23_mw14,Induction stove,0.0
UserD,h23_mw14,Gas stove,0.0
UserD,h23_mw14,Gas National Grid,0.0
UserD,h24_mw14,PV sys,0.0
UserD,h24_mw14,National Grid EE,0.0
UserD,h24_mw14,Storage EE,0.6
UserD,h24_mw14,Gas Boiler,0.0
UserD,h24_mw14,HP,0.0
UserD,h24_mw14,AC,0.0
UserD,h24_mw14,Storage HW,0.0
UserD,h24_mw14,Radiators,0.0
UserD,h24_mw14,Floor heating,0.0
UserD,h24_mw14,Induction stove,0.0
UserD,h24_mw14,Gas stove,0.0
UserD,h24_mw14,Gas National Grid,0.0
UserD,h01_su01,PV sys,0.0
UserD,h01_su01,National Grid EE,0.0
UserD,h01_su01,Storage EE,0.6
UserD,h01_su01,Gas Boiler,0.0
UserD,h01_su01,HP,0.0
UserD,h01_su01,AC,0.0
UserD,h01_su01,Storage HW,0.0
UserD,h01_su01,Radiators,0.0
UserD,h01_su01,Floor heating,0.0
UserD,h01_su01,Induction stove,0.0
UserD,h01_su01,Gas stove,0.0
UserD,h01_su01,Gas National Grid,0.0
UserD,h02_su01,PV sys,0.0
UserD,h02_su01,National Grid EE,0.0
UserD,h02_su01,Storage EE,0.6
UserD,h02_su01,Gas Boiler,0.0
UserD,h02_su01,HP,0.0
UserD,h02_su01,AC,0.0
UserD,h02_su01,Storage HW,0.0
UserD,h02_su01,Radiators,0.0
UserD,h02_su01,Floor heating,0.0
UserD,h02_su01,Induction stove,0.0
UserD,h02_su01,Gas stove,0.0
UserD,h02_su01,Gas National Grid,0.0
UserD,h03_su01,PV sys,0.0
UserD,h03_su01,National Grid EE,0.0
UserD,h03_su01,Storage EE,0.6
UserD,h03_su01,Gas Boiler,0.0
UserD,h03_su01,HP,0.0
UserD,h03_su01,AC,0.0
UserD,h03_su01,Storage HW,0.0
UserD,h03_su01,Radiators,0.0
UserD,h03_su01,Floor heating,0.0
UserD,h03_su01,Induction stove,0.0
UserD,h03_su01,Gas stove,0.0
UserD,h03_su01,Gas National Grid,0.0
UserD,h04_su01,PV sys,0.0
UserD,h04_su01,National Grid EE,0.0
UserD,h04_su01,Storage EE,0.6
UserD,h04_su01,Gas Boiler,0.0
UserD,h04_su01,HP,0.0
UserD,h04_su01,AC,0.0
UserD,h04_su01,Storage HW,0.0
UserD,h04_su01,Radiators,0.0
UserD,h04_su01,Floor heating,0.0
UserD,h04_su01,Induction stove,0.0
UserD,h04_su01,Gas stove,0.0
UserD,h04_su01,Gas National Grid,0.0
UserD,h05_su01,PV sys,0.0
UserD,h05_su01,National Grid EE,0.0
UserD,h05_su01,Storage EE,0.6
UserD,h05_su01,Gas Boiler,0.0
UserD,h05_su01,HP,0.0
UserD,h05_su01,AC,0.0
UserD,h05_su01,Storage HW,0.0
UserD,h05_su01,Radiators,0.0
UserD,h05_su01,Floor heating,0.0
UserD,h05_su01,Induction stove,0.0
UserD,h05_su01,Gas stove,0.0
UserD,h05_su01,Gas National Grid,0.0
UserD,h06_su01,PV sys,0.0
UserD,h06_su01,National Grid EE,0.0
UserD,h06_su01,Storage EE,0.6
UserD,h06_su01,Gas Boiler,0.0
UserD,h06_su01,HP,0.0
UserD,h06_su01,AC,0.0
UserD,h06_su01,Storage HW,0.0
UserD,h06_su01,Radiators,0.0
UserD,h06_su01,Floor heating,0.0
UserD,h06_su01,Induction stove,0.0
UserD,h06_su01,Gas stove,0.0
UserD,h06_su01,Gas National Grid,0.0
UserD,h07_su01,PV sys,0.0
UserD,h07_su01,National Grid EE,0.0
UserD,h07_su01,Storage EE,0.6
UserD,h07_su01,Gas Boiler,0.0
UserD,h07_su01,HP,0.0
UserD,h07_su01,AC,0.0
UserD,h07_su01,Storage HW,0.0
UserD,h07_su01,Radiators,0.0
UserD,h07_su01,Floor heating,0.0
UserD,h07_su01,Induction stove,0.0
UserD,h07_su01,Gas stove,0.0
UserD,h07_su01,Gas National Grid,0.0
UserD,h08_su01,PV sys,0.0
UserD,h08_su01,National Grid EE,0.0
UserD,h08_su01,Storage EE,0.8208157045069254
UserD,h08_su01,Gas Boiler,0.0
UserD,h08_su01,HP,0.0
UserD,h08_su01,AC,0.0
UserD,h08_su01,Storage HW,0.0
UserD,h08_su01,Radiators,0.0
UserD,h08_su01,Floor heating,0.0
UserD,h08_su01,Induction stove,0.0
UserD,h08_su01,Gas stove,0.0
UserD,h08_su01,Gas National Grid,0.0
UserD,h09_su01,PV sys,0.0
UserD,h09_su01,National Grid EE,0.0
UserD,h09_su01,Storage EE,2.2545348334370536
UserD,h09_su01,Gas Boiler,0.0
UserD,h09_su01,HP,0.0
UserD,h09_su01,AC,0.0
UserD,h09_su01,Storage HW,0.0
UserD,h09_su01,Radiators,0.0
UserD,h09_su01,Floor heating,0.0
UserD,h09_su01,Induction stove,0.0
UserD,h09_su01,Gas stove,0.0
UserD,h09_su01,Gas National Grid,0.0
UserD,h10_su01,PV sys,0.0
UserD,h10_su01,National Grid EE,0.0
UserD,h10_su01,Storage EE,1.4280190243187065
UserD,h10_su01,Gas Boiler,0.0
UserD,h10_su01,HP,0.0
UserD,h10_su01,AC,0.0
UserD,h10_su01,Storage HW,0.0
UserD,h10_su01,Radiators,0.0
UserD,h10_su01,Floor heating,0.0
UserD,h10_su01,Induction stove,0.0
UserD,h10_su01,Gas stove,0.0
UserD,h10_su01,Gas National Grid,0.0
UserD,h11_su01,PV sys,0.0
UserD,h11_su01,National Grid EE,0.0
UserD,h11_su01,Storage EE,4.097886235261719
UserD,h11_su01,Gas Boiler,0.0
UserD,h11_su01,HP,0.0
UserD,h11_su01,AC,0.0
UserD,h11_su01,Storage HW,0.0
UserD,h11_su01,Radiators,0.0
UserD,h11_su01,Floor heating,0.0
UserD,h11_su01,Induction stove,0.0
UserD,h11_su01,Gas stove,0.0
UserD,h11_su01,Gas National Grid,0.0
UserD,h12_su01,PV sys,0.0
UserD,h12_su01,National Grid EE,0.0
UserD,h12_su01,Storage EE,5.6343568629161505
UserD,h12_su01,Gas Boiler,0.0
UserD,h12_su01,HP,0.0
UserD,h12_su01,AC,0.0
UserD,h12_su01,Storage HW,0.0
UserD,h12_su01,Radiators,0.0
UserD,h12_su01,Floor heating,0.0
UserD,h12_su01,Induction stove,0.0
UserD,h12_su01,Gas stove,0.0
UserD,h12_su01,Gas National Grid,0.0
UserD,h13_su01,PV sys,0.0
UserD,h13_su01,National Grid EE,0.0
UserD,h13_su01,Storage EE,4.996786543851985
UserD,h13_su01,Gas Boiler,0.0
UserD,h13_su01,HP,0.0
UserD,h13_su01,AC,0.0
UserD,h13_su01,Storage HW,0.0
UserD,h13_su01,Radiators,0.0
UserD,h13_su01,Floor heating,0.0
UserD,h13_su01,Induction stove,0.0
UserD,h13_su01,Gas stove,0.0
UserD,h13_su01,Gas National Grid,0.0
UserD,h14_su01,PV sys,0.0
UserD,h14_su01,National Grid EE,0.0
UserD,h14_su01,Storage EE,3.977766291454486
UserD,h14_su01,Gas Boiler,0.0
UserD,h14_su01,HP,0.0
UserD,h14_su01,AC,0.0
UserD,h14_su01,Storage HW,0.0
UserD,h14_su01,Radiators,0.0
UserD,h14_su01,Floor heating,0.0
UserD,h14_su01,Induction stove,0.0
UserD,h14_su01,Gas stove,0.0
UserD,h14_su01,Gas National Grid,0.0
UserD,h15_su01,PV sys,0.0
UserD,h15_su01,National Grid EE,0.0
UserD,h15_su01,Storage EE,5.36216412239032
UserD,h15_su01,Gas Boiler,0.0
UserD,h15_su01,HP,0.0
UserD,h15_su01,AC,0.0
UserD,h15_su01,Storage HW,0.0
UserD,h15_su01,Radiators,0.0
UserD,h15_su01,Floor heating,0.0
UserD,h15_su01,Induction stove,0.0
UserD,h15_su01,Gas stove,0.0
UserD,h15_su01,Gas National Grid,0.0
UserD,h16_su01,PV sys,0.0
UserD,h16_su01,National Grid EE,0.0
UserD,h16_su01,Storage EE,5.7
UserD,h16_su01,Gas Boiler,0.0
UserD,h16_su01,HP,0.0
UserD,h16_su01,AC,0.0
UserD,h16_su01,Storage HW,0.0
UserD,h16_su01,Radiators,0.0
UserD,h16_su01,Floor heating,0.0
UserD,h16_su01,Induction stove,0.0
UserD,h16_su01,Gas stove,0.0
UserD,h16_su01,Gas National Grid,0.0
UserD,h17_su01,PV sys,0.0
UserD,h17_su01,National Grid EE,0.0
UserD,h17_su01,Storage EE,5.7
UserD,h17_su01,Gas Boiler,0.0
UserD,h17_su01,HP,0.0
UserD,h17_su01,AC,0.0
UserD,h17_su01,Storage HW,0.0
UserD,h17_su01,Radiators,0.0
UserD,h17_su01,Floor heating,0.0
UserD,h17_su01,Induction stove,0.0
UserD,h17_su01,Gas stove,0.0
UserD,h17_su01,Gas National Grid,0.0
UserD,h18_su01,PV sys,0.0
UserD,h18_su01,National Grid EE,0.0
UserD,h18_su01,Storage EE,5.426552833265747
UserD,h18_su01,Gas Boiler,0.0
UserD,h18_su01,HP,0.0
UserD,h18_su01,AC,0.0
UserD,h18_su01,Storage HW,0.0
UserD,h18_su01,Radiators,0.0
UserD,h18_su01,Floor heating,0.0
UserD,h18_su01,Induction stove,0.0
UserD,h18_su01,Gas stove,0.0
UserD,h18_su01,Gas National Grid,0.0
UserD,h19_su01,PV sys,0.0
UserD,h19_su01,National Grid EE,0.0
UserD,h19_su01,Storage EE,5.218104732024251
UserD,h19_su01,Gas Boiler,0.0
UserD,h19_su01,HP,0.0
UserD,h19_su01,AC,0.0
UserD,h19_su01,Storage HW,0.0
UserD,h19_su01,Radiators,0.0
UserD,h19_su01,Floor heating,0.0
UserD,h19_su01,Induction stove,0.0
UserD,h19_su01,Gas stove,0.0
UserD,h19_su01,Gas National Grid,0.0
UserD,h20_su01,PV sys,0.0
UserD,h20_su01,National Grid EE,0.0
UserD,h20_su01,Storage EE,4.4300047123949575
UserD,h20_su01,Gas Boiler,0.0
UserD,h20_su01,HP,0.0
UserD,h20_su01,AC,0.0
UserD,h20_su01,Storage HW,0.0
UserD,h20_su01,Radiators,0.0
UserD,h20_su01,Floor heating,0.0
UserD,h20_su01,Induction stove,0.0
UserD,h20_su01,Gas stove,0.0
UserD,h20_su01,Gas National Grid,0.0
UserD,h21_su01,PV sys,0.0
UserD,h21_su01,National Grid EE,0.0
UserD,h21_su01,Storage EE,3.3223307611710884
UserD,h21_su01,Gas Boiler,0.0
UserD,h21_su01,HP,0.0
UserD,h21_su01,AC,0.0
UserD,h21_su01,Storage HW,0.0
UserD,h21_su01,Radiators,0.0
UserD,h21_su01,Floor heating,0.0
UserD,h21_su01,Induction stove,0.0
UserD,h21_su01,Gas stove,0.0
UserD,h21_su01,Gas National Grid,0.0
UserD,h22_su01,PV sys,0.0
UserD,h22_su01,National Grid EE,0.0
UserD,h22_su01,Storage EE,2.3418732737226353
UserD,h22_su01,Gas Boiler,0.0
UserD,h22_su01,HP,0.0
UserD,h22_su01,AC,0.0
UserD,h22_su01,Storage HW,0.0
UserD,h22_su01,Radiators,0.0
UserD,h22_su01,Floor heating,0.0
UserD,h22_su01,Induction stove,0.0
UserD,h22_su01,Gas stove,0.0
UserD,h22_su01,Gas National Grid,0.0
UserD,h23_su01,PV sys,0.0
UserD,h23_su01,National Grid EE,0.0
UserD,h23_su01,Storage EE,2.3418732737226353
UserD,h23_su01,Gas Boiler,0.0
UserD,h23_su01,HP,0.0
UserD,h23_su01,AC,0.0
UserD,h23_su01,Storage HW,0.0
UserD,h23_su01,Radiators,0.0
UserD,h23_su01,Floor heating,0.0
UserD,h23_su01,Induction stove,0.0
UserD,h23_su01,Gas stove,0.0
UserD,h23_su01,Gas National Grid,0.0
UserD,h24_su01,PV sys,0.0
UserD,h24_su01,National Grid EE,0.0
UserD,h24_su01,Storage EE,2.3418732737226353
UserD,h24_su01,Gas Boiler,0.0
UserD,h24_su01,HP,0.0
UserD,h24_su01,AC,0.0
UserD,h24_su01,Storage HW,0.0
UserD,h24_su01,Radiators,0.0
UserD,h24_su01,Floor heating,0.0
UserD,h24_su01,Induction stove,0.0
UserD,h24_su01,Gas stove,0.0
UserD,h24_su01,Gas National Grid,0.0
UserD,h01_su02,PV sys,0.0
UserD,h01_su02,National Grid EE,0.0
UserD,h01_su02,Storage EE,1.6874233973066421
UserD,h01_su02,Gas Boiler,0.0
UserD,h01_su02,HP,0.0
UserD,h01_su02,AC,0.0
UserD,h01_su02,Storage HW,0.0
UserD,h01_su02,Radiators,0.0
UserD,h01_su02,Floor heating,0.0
UserD,h01_su02,Induction stove,0.0
UserD,h01_su02,Gas stove,0.0
UserD,h01_su02,Gas National Grid,0.0
UserD,h02_su02,PV sys,0.0
UserD,h02_su02,National Grid EE,0.0
UserD,h02_su02,Storage EE,1.4374025476906491
UserD,h02_su02,Gas Boiler,0.0
UserD,h02_su02,HP,0.0
UserD,h02_su02,AC,0.0
UserD,h02_su02,Storage HW,0.0
UserD,h02_su02,Radiators,0.0
UserD,h02_su02,Floor heating,0.0
UserD,h02_su02,Induction stove,0.0
UserD,h02_su02,Gas stove,0.0
UserD,h02_su02,Gas National Grid,0.0
UserD,h03_su02,PV sys,0.0
UserD,h03_su02,National Grid EE,0.0
UserD,h03_su02,Storage EE,1.1896169441013205
UserD,h03_su02,Gas Boiler,0.0
UserD,h03_su02,HP,0.0
UserD,h03_su02,AC,0.0
UserD,h03_su02,Storage HW,0.0
UserD,h03_su02,Radiators,0.0
UserD,h03_su02,Floor heating,0.0
UserD,h03_su02,Induction stove,0.0
UserD,h03_su02,Gas stove,0.0
UserD,h03_su02,Gas National Grid,0.0
UserD,h04_su02,PV sys,0.0
UserD,h04_su02,National Grid EE,0.0
UserD,h04_su02,Storage EE,0.950181023845325
UserD,h04_su02,Gas Boiler,0.0
UserD,h04_su02,HP,0.0
UserD,h04_su02,AC,0.0
UserD,h04_su02,Storage HW,0.0
UserD,h04_su02,Radiators,0.0
UserD,h04_su02,Floor heating,0.0
UserD,h04_su02,Induction stove,0.0
UserD,h04_su02,Gas stove,0.0
UserD,h04_su02,Gas National Grid,0.0
UserD,h05_su02,PV sys,0.0
UserD,h05_su02,National Grid EE,0.0
UserD,h05_su02,Storage EE,0.6541986535893296
UserD,h05_su02,Gas Boiler,0.0
UserD,h05_su02,HP,0.0
UserD,h05_su02,AC,0.0
UserD,h05_su02,Storage HW,0.0
UserD,h05_su02,Radiators,0.0
UserD,h05_su02,Floor heating,0.0
UserD,h05_su02,Induction stove,0.0
UserD,h05_su02,Gas stove,0.0
UserD,h05_su02,Gas National Grid,0.0
UserD,h06_su02,PV sys,0.0
UserD,h06_su02,National Grid EE,0.0
UserD,h06_su02,Storage EE,0.6
UserD,h06_su02,Gas Boiler,0.0
UserD,h06_su02,HP,0.0
UserD,h06_su02,AC,0.0
UserD,h06_su02,Storage HW,0.0
UserD,h06_su02,Radiators,0.0
UserD,h06_su02,Floor heating,0.0
UserD,h06_su02,Induction stove,0.0
UserD,h06_su02,Gas stove,0.0
UserD,h06_su02,Gas National Grid,0.0
UserD,h07_su02,PV sys,0.0
UserD,h07_su02,National Grid EE,0.0
UserD,h07_su02,Storage EE,0.6
UserD,h07_su02,Gas Boiler,0.0
UserD,h07_su02,HP,0.0
UserD,h07_su02,AC,0.0
UserD,h07_su02,Storage HW,0.0
UserD,h07_su02,Radiators,0.0
UserD,h07_su02,Floor heating,0.0
UserD,h07_su02,Induction stove,0.0
UserD,h07_su02,Gas stove,0.0
UserD,h07_su02,Gas National Grid,0.0
UserD,h08_su02,PV sys,0.0
UserD,h08_su02,National Grid EE,0.0
UserD,h08_su02,Storage EE,0.6
UserD,h08_su02,Gas Boiler,0.0
UserD,h08_su02,HP,0.0
UserD,h08_su02,AC,0.0
UserD,h08_su02,Storage HW,0.0
UserD,h08_su02,Radiators,0.0
UserD,h08_su02,Floor heating,0.0
UserD,h08_su02,Induction stove,0.0
UserD,h08_su02,Gas stove,0.0
UserD,h08_su02,Gas National Grid,0.0
UserD,h09_su02,PV sys,0.0
UserD,h09_su02,National Grid EE,0.0
UserD,h09_su02,Storage EE,0.6
UserD,h09_su02,Gas Boiler,0.0
UserD,h09_su02,HP,0.0
UserD,h09_su02,AC,0.0
UserD,h09_su02,Storage HW,0.0
UserD,h09_su02,Radiators,0.0
UserD,h09_su02,Floor heating,0.0
UserD,h09_su02,Induction stove,0.0
UserD,h09_su02,Gas stove,0.0
UserD,h09_su02,Gas National Grid,0.0
UserD,h10_su02,PV sys,0.0
UserD,h10_su02,National Grid EE,0.0
UserD,h10_su02,Storage EE,0.6
UserD,h10_su02,Gas Boiler,0.0
UserD,h10_su02,HP,0.0
UserD,h10_su02,AC,0.0
UserD,h10_su02,Storage HW,0.0
UserD,h10_su02,Radiators,0.0
UserD,h10_su02,Floor heating,0.0
UserD,h10_su02,Induction stove,0.0
UserD,h10_su02,Gas stove,0.0
UserD,h10_su02,Gas National Grid,0.0
UserD,h11_su02,PV sys,0.0
UserD,h11_su02,National Grid EE,0.0
UserD,h11_su02,Storage EE,2.32240892760968
UserD,h11_su02,Gas Boiler,0.0
UserD,h11_su02,HP,0.0
UserD,h11_su02,AC,0.0
UserD,h11_su02,Storage HW,0.0
UserD,h11_su02,Radiators,0.0
UserD,h11_su02,Floor heating,0.0
UserD,h11_su02,Induction stove,0.0
UserD,h11_su02,Gas stove,0.0
UserD,h11_su02,Gas National Grid,0.0
UserD,h12_su02,PV sys,0.0
UserD,h12_su02,National Grid EE,0.0
UserD,h12_su02,Storage EE,2.2228712904735852
UserD,h12_su02,Gas Boiler,0.0
UserD,h12_su02,HP,0.0
UserD,h12_su02,AC,0.0
UserD,h12_su02,Storage HW,0.0
UserD,h12_su02,Radiators,0.0
UserD,h12_su02,Floor heating,0.0
UserD,h12_su02,Induction stove,0.0
UserD,h12_su02,Gas stove,0.0
UserD,h12_su02,Gas National Grid,0.0
UserD,h13_su02,PV sys,0.0
UserD,h13_su02,National Grid EE,0.0
UserD,h13_su02,Storage EE,3.1643427047427557
UserD,h13_su02,Gas Boiler,0.0
UserD,h13_su02,HP,0.0
UserD,h13_su02,AC,0.0
UserD,h13_su02,Storage HW,0.0
UserD,h13_su02,Radiators,0.0
UserD,h13_su02,Floor heating,0.0
UserD,h13_su02,Induction stove,0.0
UserD,h13_su02,Gas stove,0.0
UserD,h13_su02,Gas National Grid,0.0
UserD,h14_su02,PV sys,0.0
UserD,h14_su02,National Grid EE,0.0
UserD,h14_su02,Storage EE,3.8450302356785917
UserD,h14_su02,Gas Boiler,0.0
UserD,h14_su02,HP,0.0
UserD,h14_su02,AC,0.0
UserD,h14_su02,Storage HW,0.0
UserD,h14_su02,Radiators,0.0
UserD,h14_su02,Floor heating,0.0
UserD,h14_su02,Induction stove,0.0
UserD,h14_su02,Gas stove,0.0
UserD,h14_su02,Gas National Grid,0.0
UserD,h15_su02,PV sys,0.0
UserD,h15_su02,National Grid EE,0.0
UserD,h15_su02,Storage EE,4.679328066614426
UserD,h15_su02,Gas Boiler,0.0
UserD,h15_su02,HP,0.0
UserD,h15_su02,AC,0.0
UserD,h15_su02,Storage HW,0.0
UserD,h15_su02,Radiators,0.0
UserD,h15_su02,Floor heating,0.0
UserD,h15_su02,Induction stove,0.0
UserD,h15_su02,Gas stove,0.0
UserD,h15_su02,Gas National Grid,0.0
UserD,h16_su02,PV sys,0.0
UserD,h16_su02,National Grid EE,0.0
UserD,h16_su02,Storage EE,5.310638944224106
UserD,h16_su02,Gas Boiler,0.0
UserD,h16_su02,HP,0.0
UserD,h16_su02,AC,0.0
UserD,h16_su02,Storage HW,0.0
UserD,h16_su02,Radiators,0.0
UserD,h16_su02,Floor heating,0.0
UserD,h16_su02,Induction stove,0.0
UserD,h16_su02,Gas stove,0.0
UserD,h16_su02,Gas National Grid,0.0
UserD,h17_su02,PV sys,0.0
UserD,h17_su02,National Grid EE,0.0
UserD,h17_su02,Storage EE,5.7
UserD,h17_su02,Gas Boiler,0.0
UserD,h17_su02,HP,0.0
UserD,h17_su02,AC,0.0
UserD,h17_su02,Storage HW,0.0
UserD,h17_su02,Radiators,0.0
UserD,h17_su02,Floor heating,0.0
UserD,h17_su02,Induction stove,0.0
UserD,h17_su02,Gas stove,0.0
UserD,h17_su02,Gas National Grid,0.0
UserD,h18_su02,PV sys,0.0
UserD,h18_su02,National Grid EE,0.0
UserD,h18_su02,Storage EE,5.657496526089587
UserD,h18_su02,Gas Boiler,0.0
UserD,h18_su02,HP,0.0
UserD,h18_su02,AC,0.0
UserD,h18_su02,Storage HW,0.0
UserD,h18_su02,Radiators,0.0
UserD,h18_su02,Floor heating,0.0
UserD,h18_su02,Induction stove,0.0
UserD,h18_su02,Gas stove,0.0
UserD,h18_su02,Gas National Grid,0.0
UserD,h19_su02,PV sys,0.0
UserD,h19_su02,National Grid EE,0.0
UserD,h19_su02,Storage EE,5.7
UserD,h19_su02,Gas Boiler,0.0
UserD,h19_su02,HP,0.0
UserD,h19_su02,AC,0.0
UserD,h19_su02,Storage HW,0.0
UserD,h19_su02,Radiators,0.0
UserD,h19_su02,Floor heating,0.0
UserD,h19_su02,Induction stove,0.0
UserD,h19_su02,Gas stove,0.0
UserD,h19_su02,Gas National Grid,0.0
UserD,h20_su02,PV sys,0.0
UserD,h20_su02,National Grid EE,0.0
UserD,h20_su02,Storage EE,5.7
UserD,h20_su02,Gas Boiler,0.0
UserD,h20_su02,HP,0.0
UserD,h20_su02,AC,0.0
UserD,h20_su02,Storage HW,0.0
UserD,h20_su02,Radiators,0.0
UserD,h20_su02,Floor heating,0.0
UserD,h20_su02,Induction stove,0.0
UserD,h20_su02,Gas stove,0.0
UserD,h20_su02,Gas National Grid,0.0
UserD,h21_su02,PV sys,0.0
UserD,h21_su02,National Grid EE,0.0
UserD,h21_su02,Storage EE,5.7
UserD,h21_su02,Gas Boiler,0.0
UserD,h21_su02,HP,0.0
UserD,h21_su02,AC,0.0
UserD,h21_su02,Storage HW,0.0
UserD,h21_su02,Radiators,0.0
UserD,h21_su02,Floor heating,0.0
UserD,h21_su02,Induction stove,0.0
UserD,h21_su02,Gas stove,0.0
UserD,h21_su02,Gas National Grid,0.0
UserD,h22_su02,PV sys,0.0
UserD,h22_su02,National Grid EE,0.0
UserD,h22_su02,Storage EE,5.7
UserD,h22_su02,Gas Boiler,0.0
UserD,h22_su02,HP,0.0
UserD,h22_su02,AC,0.0
UserD,h22_su02,Storage HW,0.0
UserD,h22_su02,Radiators,0.0
UserD,h22_su02,Floor heating,0.0
UserD,h22_su02,Induction stove,0.0
UserD,h22_su02,Gas stove,0.0
UserD,h22_su02,Gas National Grid,0.0
UserD,h23_su02,PV sys,0.0
UserD,h23_su02,National Grid EE,0.0
UserD,h23_su02,Storage EE,5.7
UserD,h23_su02,Gas Boiler,0.0
UserD,h23_su02,HP,0.0
UserD,h23_su02,AC,0.0
UserD,h23_su02,Storage HW,0.0
UserD,h23_su02,Radiators,0.0
UserD,h23_su02,Floor heating,0.0
UserD,h23_su02,Induction stove,0.0
UserD,h23_su02,Gas stove,0.0
UserD,h23_su02,Gas National Grid,0.0
UserD,h24_su02,PV sys,0.0
UserD,h24_su02,National Grid EE,0.0
UserD,h24_su02,Storage EE,5.7
UserD,h24_su02,Gas Boiler,0.0
UserD,h24_su02,HP,0.0
UserD,h24_su02,AC,0.0
UserD,h24_su02,Storage HW,0.0
UserD,h24_su02,Radiators,0.0
UserD,h24_su02,Floor heating,0.0
UserD,h24_su02,Induction stove,0.0
UserD,h24_su02,Gas stove,0.0
UserD,h24_su02,Gas National Grid,0.0
UserD,h01_su03,PV sys,0.0
UserD,h01_su03,National Grid EE,0.0
UserD,h01_su03,Storage EE,2.7
UserD,h01_su03,Gas Boiler,0.0
UserD,h01_su03,HP,0.0
UserD,h01_su03,AC,0.0
UserD,h01_su03,Storage HW,0.0
UserD,h01_su03,Radiators,0.0
UserD,h01_su03,Floor heating,0.0
UserD,h01_su03,Induction stove,0.0
UserD,h01_su03,Gas stove,0.0
UserD,h01_su03,Gas National Grid,0.0
UserD,h02_su03,PV sys,0.0
UserD,h02_su03,National Grid EE,0.0
UserD,h02_su03,Storage EE,1.8958377687740056
UserD,h02_su03,Gas Boiler,0.0
UserD,h02_su03,HP,0.0
UserD,h02_su03,AC,0.0
UserD,h02_su03,Storage HW,0.0
UserD,h02_su03,Radiators,0.0
UserD,h02_su03,Floor heating,0.0
UserD,h02_su03,Induction stove,0.0
UserD,h02_su03,Gas stove,0.0
UserD,h02_su03,Gas National Grid,0.0
UserD,h03_su03,PV sys,0.0
UserD,h03_su03,National Grid EE,0.0
UserD,h03_su03,Storage EE,1.62738569851801
UserD,h03_su03,Gas Boiler,0.0
UserD,h03_su03,HP,0.0
UserD,h03_su03,AC,0.0
UserD,h03_su03,Storage HW,0.0
UserD,h03_su03,Radiators,0.0
UserD,h03_su03,Floor heating,0.0
UserD,h03_su03,Induction stove,0.0
UserD,h03_su03,Gas stove,0.0
UserD,h03_su03,Gas National Grid,0.0
UserD,h04_su03,PV sys,0.0
UserD,h04_su03,National Grid EE,0.0
UserD,h04_su03,Storage EE,1.3839334449286813
UserD,h04_su03,Gas Boiler,0.0
UserD,h04_su03,HP,0.0
UserD,h04_su03,AC,0.0
UserD,h04_su03,Storage HW,0.0
UserD,h04_su03,Radiators,0.0
UserD,h04_su03,Floor heating,0.0
UserD,h04_su03,Induction stove,0.0
UserD,h04_su03,Gas stove,0.0
UserD,h04_su03,Gas National Grid,0.0
UserD,h05_su03,PV sys,0.0
UserD,h05_su03,National Grid EE,0.0
UserD,h05_su03,Storage EE,1.1041431246726856
UserD,h05_su03,Gas Boiler,0.0
UserD,h05_su03,HP,0.0
UserD,h05_su03,AC,0.0
UserD,h05_su03,Storage HW,0.0
UserD,h05_su03,Radiators,0.0
UserD,h05_su03,Floor heating,0.0
UserD,h05_su03,Induction stove,0.0
UserD,h05_su03,Gas stove,0.0
UserD,h05_su03,Gas National Grid,0.0
UserD,h06_su03,PV sys,0.0
UserD,h06_su03,National Grid EE,0.0
UserD,h06_su03,Storage EE,1.0237777844166902
UserD,h06_su03,Gas Boiler,0.0
UserD,h06_su03,HP,0.0
UserD,h06_su03,AC,0.0
UserD,h06_su03,Storage HW,0.0
UserD,h06_su03,Radiators,0.0
UserD,h06_su03,Floor heating,0.0
UserD,h06_su03,Induction stove,0.0
UserD,h06_su03,Gas stove,0.0
UserD,h06_su03,Gas National Grid,0.0
UserD,h07_su03,PV sys,0.0
UserD,h07_su03,National Grid EE,0.0
UserD,h07_su03,Storage EE,1.0871819048382902
UserD,h07_su03,Gas Boiler,0.0
UserD,h07_su03,HP,0.0
UserD,h07_su03,AC,0.0
UserD,h07_su03,Storage HW,0.0
UserD,h07_su03,Radiators,0.0
UserD,h07_su03,Floor heating,0.0
UserD,h07_su03,Induction stove,0.0
UserD,h07_su03,Gas stove,0.0
UserD,h07_su03,Gas National Grid,0.0
UserD,h08_su03,PV sys,0.0
UserD,h08_su03,National Grid EE,0.0
UserD,h08_su03,Storage EE,0.6
UserD,h08_su03,Gas Boiler,0.0
UserD,h08_su03,HP,0.0
UserD,h08_su03,AC,0.0
UserD,h08_su03,Storage HW,0.0
UserD,h08_su03,Radiators,0.0
UserD,h08_su03,Floor heating,0.0
UserD,h08_su03,Induction stove,0.0
UserD,h08_su03,Gas stove,0.0
UserD,h08_su03,Gas National Grid,0.0
UserD,h09_su03,PV sys,0.0
UserD,h09_su03,National Grid EE,0.0
UserD,h09_su03,Storage EE,0.6
UserD,h09_su03,Gas Boiler,0.0
UserD,h09_su03,HP,0.0
UserD,h09_su03,AC,0.0
UserD,h09_su03,Storage HW,0.0
UserD,h09_su03,Radiators,0.0
UserD,h09_su03,Floor heating,0.0
UserD,h09_su03,Induction stove,0.0
UserD,h09_su03,Gas stove,0.0
UserD,h09_su03,Gas National Grid,0.0
UserD,h10_su03,PV sys,0.0
UserD,h10_su03,National Grid EE,0.0
UserD,h10_su03,Storage EE,2.9533755223903198
UserD,h10_su03,Gas Boiler,0.0
UserD,h10_su03,HP,0.0
UserD,h10_su03,AC,0.0
UserD,h10_su03,Storage HW,0.0
UserD,h10_su03,Radiators,0.0
UserD,h10_su03,Floor heating,0.0
UserD,h10_su03,Induction stove,0.0
UserD,h10_su03,Gas stove,0.0
UserD,h10_su03,Gas National Grid,0.0
UserD,h11_su03,PV sys,0.0
UserD,h11_su03,National Grid EE,0.0
UserD,h11_su03,Storage EE,5.7
UserD,h11_su03,Gas Boiler,0.0
UserD,h11_su03,HP,0.0
UserD,h11_su03,AC,0.0
UserD,h11_su03,Storage HW,0.0
UserD,h11_su03,Radiators,0.0
UserD,h11_su03,Floor heating,0.0
UserD,h11_su03,Induction stove,0.0
UserD,h11_su03,Gas stove,0.0
UserD,h11_su03,Gas National Grid,0.0
UserD,h12_su03,PV sys,0.0
UserD,h12_su03,National Grid EE,0.0
UserD,h12_su03,Storage EE,3.9176432442763467
UserD,h12_su03,Gas Boiler,0.0
UserD,h12_su03,HP,0.0
UserD,h12_su03,AC,0.0
UserD,h12_su03,Storage HW,0.0
UserD,h12_su03,Radiators,0.0
UserD,h12_su03,Floor heating,0.0
UserD,h12_su03,Induction stove,0.0
UserD,h12_su03,Gas stove,0.0
UserD,h12_su03,Gas National Grid,0.0
UserD,h13_su03,PV sys,0.0
UserD,h13_su03,National Grid EE,0.0
UserD,h13_su03,Storage EE,2.3863808752121827
UserD,h13_su03,Gas Boiler,0.0
UserD,h13_su03,HP,0.0
UserD,h13_su03,AC,0.0
UserD,h13_su03,Storage HW,0.0
UserD,h13_su03,Radiators,0.0
UserD,h13_su03,Floor heating,0.0
UserD,h13_su03,Induction stove,0.0
UserD,h13_su03,Gas stove,0.0
UserD,h13_su03,Gas National Grid,0.0
UserD,h14_su03,PV sys,0.0
UserD,h14_su03,National Grid EE,0.0
UserD,h14_su03,Storage EE,3.292251719064165
UserD,h14_su03,Gas Boiler,0.0
UserD,h14_su03,HP,0.0
UserD,h14_su03,AC,0.0
UserD,h14_su03,Storage HW,0.0
UserD,h14_su03,Radiators,0.0
UserD,h14_su03,Floor heating,0.0
UserD,h14_su03,Induction stove,0.0
UserD,h14_su03,Gas stove,0.0
UserD,h14_su03,Gas National Grid,0.0
UserD,h15_su03,PV sys,0.0
UserD,h15_su03,National Grid EE,0.0
UserD,h15_su03,Storage EE,5.7
UserD,h15_su03,Gas Boiler,0.0
UserD,h15_su03,HP,0.0
UserD,h15_su03,AC,0.0
UserD,h15_su03,Storage HW,0.0
UserD,h15_su03,Radiators,0.0
UserD,h15_su03,Floor heating,0.0
UserD,h15_su03,Induction stove,0.0
UserD,h15_su03,Gas stove,0.0
UserD,h15_su03,Gas National Grid,0.0
UserD,h16_su03,PV sys,0.0
UserD,h16_su03,National Grid EE,0.0
UserD,h16_su03,Storage EE,4.795156782083716
UserD,h16_su03,Gas Boiler,0.0
UserD,h16_su03,HP,0.0
UserD,h16_su03,AC,0.0
UserD,h16_su03,Storage HW,0.0
UserD,h16_su03,Radiators,0.0
UserD,h16_su03,Floor heating,0.0
UserD,h16_su03,Induction stove,0.0
UserD,h16_su03,Gas stove,0.0
UserD,h16_su03,Gas National Grid,0.0
UserD,h17_su03,PV sys,0.0
UserD,h17_su03,National Grid EE,0.0
UserD,h17_su03,Storage EE,5.694359471192943
UserD,h17_su03,Gas Boiler,0.0
UserD,h17_su03,HP,0.0
UserD,h17_su03,AC,0.0
UserD,h17_su03,Storage HW,0.0
UserD,h17_su03,Radiators,0.0
UserD,h17_su03,Floor heating,0.0
UserD,h17_su03,Induction stove,0.0
UserD,h17_su03,Gas stove,0.0
UserD,h17_su03,Gas National Grid,0.0
UserD,h18_su03,PV sys,0.0
UserD,h18_su03,National Grid EE,0.0
UserD,h18_su03,Storage EE,5.664299659731435
UserD,h18_su03,Gas Boiler,0.0
UserD,h18_su03,HP,0.0
UserD,h18_su03,AC,0.0
UserD,h18_su03,Storage HW,0.0
UserD,h18_su03,Radiators,0.0
UserD,h18_su03,Floor heating,0.0
UserD,h18_su03,Induction stove,0.0
UserD,h18_su03,Gas stove,0.0
UserD,h18_su03,Gas National Grid,0.0
UserD,h19_su03,PV sys,0.0
UserD,h19_su03,National Grid EE,0.0
UserD,h19_su03,Storage EE,5.084818845210579
UserD,h19_su03,Gas Boiler,0.0
UserD,h19_su03,HP,0.0
UserD,h19_su03,AC,0.0
UserD,h19_su03,Storage HW,0.0
UserD,h19_su03,Radiators,0.0
UserD,h19_su03,Floor heating,0.0
UserD,h19_su03,Induction stove,0.0
UserD,h19_su03,Gas stove,0.0
UserD,h19_su03,Gas National Grid,0.0
UserD,h20_su03,PV sys,0.0
UserD,h20_su03,National Grid EE,0.0
UserD,h20_su03,Storage EE,3.909370264984333
UserD,h20_su03,Gas Boiler,0.0
UserD,h20_su03,HP,0.0
UserD,h20_su03,AC,0.0
UserD,h20_su03,Storage HW,0.0
UserD,h20_su03,Radiators,0.0
UserD,h20_su03,Floor heating,0.0
UserD,h20_su03,Induction stove,0.0
UserD,h20_su03,Gas stove,0.0
UserD,h20_su03,Gas National Grid,0.0
UserD,h21_su03,PV sys,0.0
UserD,h21_su03,National Grid EE,0.0
UserD,h21_su03,Storage EE,2.6159739200137717
UserD,h21_su03,Gas Boiler,0.0
UserD,h21_su03,HP,0.0
UserD,h21_su03,AC,0.0
UserD,h21_su03,Storage HW,0.0
UserD,h21_su03,Radiators,0.0
UserD,h21_su03,Floor heating,0.0
UserD,h21_su03,Induction stove,0.0
UserD,h21_su03,Gas stove,0.0
UserD,h21_su03,Gas National Grid,0.0
UserD,h22_su03,PV sys,0.0
UserD,h22_su03,National Grid EE,0.0
UserD,h22_su03,Storage EE,1.6667355825653187
UserD,h22_su03,Gas Boiler,0.0
UserD,h22_su03,HP,0.0
UserD,h22_su03,AC,0.0
UserD,h22_su03,Storage HW,0.0
UserD,h22_su03,Radiators,0.0
UserD,h22_su03,Floor heating,0.0
UserD,h22_su03,Induction stove,0.0
UserD,h22_su03,Gas stove,0.0
UserD,h22_su03,Gas National Grid,0.0
UserD,h23_su03,PV sys,0.0
UserD,h23_su03,National Grid EE,0.0
UserD,h23_su03,Storage EE,0.8510050496159929
UserD,h23_su03,Gas Boiler,0.0
UserD,h23_su03,HP,0.0
UserD,h23_su03,AC,0.0
UserD,h23_su03,Storage HW,0.0
UserD,h23_su03,Radiators,0.0
UserD,h23_su03,Floor heating,0.0
UserD,h23_su03,Induction stove,0.0
UserD,h23_su03,Gas stove,0.0
UserD,h23_su03,Gas National Grid,0.0
UserD,h24_su03,PV sys,0.0
UserD,h24_su03,National Grid EE,0.0
UserD,h24_su03,Storage EE,0.6
UserD,h24_su03,Gas Boiler,0.0
UserD,h24_su03,HP,0.0
UserD,h24_su03,AC,0.0
UserD,h24_su03,Storage HW,0.0
UserD,h24_su03,Radiators,0.0
UserD,h24_su03,Floor heating,0.0
UserD,h24_su03,Induction stove,0.0
UserD,h24_su03,Gas stove,0.0
UserD,h24_su03,Gas National Grid,0.0
UserD,h01_su04,PV sys,0.0
UserD,h01_su04,National Grid EE,0.0
UserD,h01_su04,Storage EE,0.6
UserD,h01_su04,Gas Boiler,0.0
UserD,h01_su04,HP,0.0
UserD,h01_su04,AC,0.0
UserD,h01_su04,Storage HW,0.0
UserD,h01_su04,Radiators,0.0
UserD,h01_su04,Floor heating,0.0
UserD,h01_su04,Induction stove,0.0
UserD,h01_su04,Gas stove,0.0
UserD,h01_su04,Gas National Grid,0.0
UserD,h02_su04,PV sys,0.0
UserD,h02_su04,National Grid EE,0.0
UserD,h02_su04,Storage EE,0.6
UserD,h02_su04,Gas Boiler,0.0
UserD,h02_su04,HP,0.0
UserD,h02_su04,AC,0.0
UserD,h02_su04,Storage HW,0.0
UserD,h02_su04,Radiators,0.0
UserD,h02_su04,Floor heating,0.0
UserD,h02_su04,Induction stove,0.0
UserD,h02_su04,Gas stove,0.0
UserD,h02_su04,Gas National Grid,0.0
UserD,h03_su04,PV sys,0.0
UserD,h03_su04,National Grid EE,0.0
UserD,h03_su04,Storage EE,0.6
UserD,h03_su04,Gas Boiler,0.0
UserD,h03_su04,HP,0.0
UserD,h03_su04,AC,0.0
UserD,h03_su04,Storage HW,0.0
UserD,h03_su04,Radiators,0.0
UserD,h03_su04,Floor heating,0.0
UserD,h03_su04,Induction stove,0.0
UserD,h03_su04,Gas stove,0.0
UserD,h03_su04,Gas National Grid,0.0
UserD,h04_su04,PV sys,0.0
UserD,h04_su04,National Grid EE,0.0
UserD,h04_su04,Storage EE,0.6
UserD,h04_su04,Gas Boiler,0.0
UserD,h04_su04,HP,0.0
UserD,h04_su04,AC,0.0
UserD,h04_su04,Storage HW,0.0
UserD,h04_su04,Radiators,0.0
UserD,h04_su04,Floor heating,0.0
UserD,h04_su04,Induction stove,0.0
UserD,h04_su04,Gas stove,0.0
UserD,h04_su04,Gas National Grid,0.0
UserD,h05_su04,PV sys,0.0
UserD,h05_su04,National Grid EE,0.0
UserD,h05_su04,Storage EE,0.6
UserD,h05_su04,Gas Boiler,0.0
UserD,h05_su04,HP,0.0
UserD,h05_su04,AC,0.0
UserD,h05_su04,Storage HW,0.0
UserD,h05_su04,Radiators,0.0
UserD,h05_su04,Floor heating,0.0
UserD,h05_su04,Induction stove,0.0
UserD,h05_su04,Gas stove,0.0
UserD,h05_su04,Gas National Grid,0.0
UserD,h06_su04,PV sys,0.0
UserD,h06_su04,National Grid EE,0.0
UserD,h06_su04,Storage EE,0.6
UserD,h06_su04,Gas Boiler,0.0
UserD,h06_su04,HP,0.0
UserD,h06_su04,AC,0.0
UserD,h06_su04,Storage HW,0.0
UserD,h06_su04,Radiators,0.0
UserD,h06_su04,Floor heating,0.0
UserD,h06_su04,Induction stove,0.0
UserD,h06_su04,Gas stove,0.0
UserD,h06_su04,Gas National Grid,0.0
UserD,h07_su04,PV sys,0.0
UserD,h07_su04,National Grid EE,0.0
UserD,h07_su04,Storage EE,0.6
UserD,h07_su04,Gas Boiler,0.0
UserD,h07_su04,HP,0.0
UserD,h07_su04,AC,0.0
UserD,h07_su04,Storage HW,0.0
UserD,h07_su04,Radiators,0.0
UserD,h07_su04,Floor heating,0.0
UserD,h07_su04,Induction stove,0.0
UserD,h07_su04,Gas stove,0.0
UserD,h07_su04,Gas National Grid,0.0
UserD,h08_su04,PV sys,0.0
UserD,h08_su04,National Grid EE,0.0
UserD,h08_su04,Storage EE,0.747043614148604
UserD,h08_su04,Gas Boiler,0.0
UserD,h08_su04,HP,0.0
UserD,h08_su04,AC,0.0
UserD,h08_su04,Storage HW,0.0
UserD,h08_su04,Radiators,0.0
UserD,h08_su04,Floor heating,0.0
UserD,h08_su04,Induction stove,0.0
UserD,h08_su04,Gas stove,0.0
UserD,h08_su04,Gas National Grid,0.0
UserD,h09_su04,PV sys,0.0
UserD,h09_su04,National Grid EE,0.0
UserD,h09_su04,Storage EE,0.6
UserD,h09_su04,Gas Boiler,0.0
UserD,h09_su04,HP,0.0
UserD,h09_su04,AC,0.0
UserD,h09_su04,Storage HW,0.0
UserD,h09_su04,Radiators,0.0
UserD,h09_su04,Floor heating,0.0
UserD,h09_su04,Induction stove,0.0
UserD,h09_su04,Gas stove,0.0
UserD,h09_su04,Gas National Grid,0.0
UserD,h10_su04,PV sys,0.0
UserD,h10_su04,National Grid EE,0.0
UserD,h10_su04,Storage EE,2.193524989935547
UserD,h10_su04,Gas Boiler,0.0
UserD,h10_su04,HP,0.0
UserD,h10_su04,AC,0.0
UserD,h10_su04,Storage HW,0.0
UserD,h10_su04,Radiators,0.0
UserD,h10_su04,Floor heating,0.0
UserD,h10_su04,Induction stove,0.0
UserD,h10_su04,Gas stove,0.0
UserD,h10_su04,Gas National Grid,0.0
UserD,h11_su04,PV sys,0.0
UserD,h11_su04,National Grid EE,0.0
UserD,h11_su04,Storage EE,4.6001417008785594
UserD,h11_su04,Gas Boiler,0.0
UserD,h11_su04,HP,0.0
UserD,h11_su04,AC,0.0
UserD,h11_su04,Storage HW,0.0
UserD,h11_su04,Radiators,0.0
UserD,h11_su04,Floor heating,0.0
UserD,h11_su04,Induction stove,0.0
UserD,h11_su04,Gas stove,0.0
UserD,h11_su04,Gas National Grid,0.0
UserD,h12_su04,PV sys,0.0
UserD,h12_su04,National Grid EE,0.0
UserD,h12_su04,Storage EE,4.345626595154906
UserD,h12_su04,Gas Boiler,0.0
UserD,h12_su04,HP,0.0
UserD,h12_su04,AC,0.0
UserD,h12_su04,Storage HW,0.0
UserD,h12_su04,Radiators,0.0
UserD,h12_su04,Floor heating,0.0
UserD,h12_su04,Induction stove,0.0
UserD,h12_su04,Gas stove,0.0
UserD,h12_su04,Gas National Grid,0.0
UserD,h13_su04,PV sys,0.0
UserD,h13_su04,National Grid EE,0.0
UserD,h13_su04,Storage EE,5.298952877185316
UserD,h13_su04,Gas Boiler,0.0
UserD,h13_su04,HP,0.0
UserD,h13_su04,AC,0.0
UserD,h13_su04,Storage HW,0.0
UserD,h13_su04,Radiators,0.0
UserD,h13_su04,Floor heating,0.0
UserD,h13_su04,Induction stove,0.0
UserD,h13_su04,Gas stove,0.0
UserD,h13_su04,Gas National Grid,0.0
UserD,h14_su04,PV sys,0.0
UserD,h14_su04,National Grid EE,0.0
UserD,h14_su04,Storage EE,4.019932291454484
UserD,h14_su04,Gas Boiler,0.0
UserD,h14_su04,HP,0.0
UserD,h14_su04,AC,0.0
UserD,h14_su04,Storage HW,0.0
UserD,h14_su04,Radiators,0.0
UserD,h14_su04,Floor heating,0.0
UserD,h14_su04,Induction stove,0.0
UserD,h14_su04,Gas stove,0.0
UserD,h14_su04,Gas National Grid,0.0
UserD,h15_su04,PV sys,0.0
UserD,h15_su04,National Grid EE,0.0
UserD,h15_su04,Storage EE,5.404330805723653
UserD,h15_su04,Gas Boiler,0.0
UserD,h15_su04,HP,0.0
UserD,h15_su04,AC,0.0
UserD,h15_su04,Storage HW,0.0
UserD,h15_su04,Radiators,0.0
UserD,h15_su04,Floor heating,0.0
UserD,h15_su04,Induction stove,0.0
UserD,h15_su04,Gas stove,0.0
UserD,h15_su04,Gas National Grid,0.0
UserD,h16_su04,PV sys,0.0
UserD,h16_su04,National Grid EE,0.0
UserD,h16_su04,Storage EE,5.7
UserD,h16_su04,Gas Boiler,0.0
UserD,h16_su04,HP,0.0
UserD,h16_su04,AC,0.0
UserD,h16_su04,Storage HW,0.0
UserD,h16_su04,Radiators,0.0
UserD,h16_su04,Floor heating,0.0
UserD,h16_su04,Induction stove,0.0
UserD,h16_su04,Gas stove,0.0
UserD,h16_su04,Gas National Grid,0.0
UserD,h17_su04,PV sys,0.0
UserD,h17_su04,National Grid EE,0.0
UserD,h17_su04,Storage EE,5.7
UserD,h17_su04,Gas Boiler,0.0
UserD,h17_su04,HP,0.0
UserD,h17_su04,AC,0.0
UserD,h17_su04,Storage HW,0.0
UserD,h17_su04,Radiators,0.0
UserD,h17_su04,Floor heating,0.0
UserD,h17_su04,Induction stove,0.0
UserD,h17_su04,Gas stove,0.0
UserD,h17_su04,Gas National Grid,0.0
UserD,h18_su04,PV sys,0.0
UserD,h18_su04,National Grid EE,0.0
UserD,h18_su04,Storage EE,5.6982
UserD,h18_su04,Gas Boiler,0.0
UserD,h18_su04,HP,0.0
UserD,h18_su04,AC,0.0
UserD,h18_su04,Storage HW,0.0
UserD,h18_su04,Radiators,0.0
UserD,h18_su04,Floor heating,0.0
UserD,h18_su04,Induction stove,0.0
UserD,h18_su04,Gas stove,0.0
UserD,h18_su04,Gas National Grid,0.0
UserD,h19_su04,PV sys,0.0
UserD,h19_su04,National Grid EE,0.0
UserD,h19_su04,Storage EE,5.7
UserD,h19_su04,Gas Boiler,0.0
UserD,h19_su04,HP,0.0
UserD,h19_su04,AC,0.0
UserD,h19_su04,Storage HW,0.0
UserD,h19_su04,Radiators,0.0
UserD,h19_su04,Floor heating,0.0
UserD,h19_su04,Induction stove,0.0
UserD,h19_su04,Gas stove,0.0
UserD,h19_su04,Gas National Grid,0.0
UserD,h20_su04,PV sys,0.0
UserD,h20_su04,National Grid EE,0.0
UserD,h20_su04,Storage EE,4.410326775902548
UserD,h20_su04,Gas Boiler,0.0
UserD,h20_su04,HP,0.0
UserD,h20_su04,AC,0.0
UserD,h20_su04,Storage HW,0.0
UserD,h20_su04,Radiators,0.0
UserD,h20_su04,Floor heating,0.0
UserD,h20_su04,Induction stove,0.0
UserD,h20_su04,Gas stove,0.0
UserD,h20_su04,Gas National Grid,0.0
UserD,h21_su04,PV sys,0.0
UserD,h21_su04,National Grid EE,0.0
UserD,h21_su04,Storage EE,3.682218964823905
UserD,h21_su04,Gas Boiler,0.0
UserD,h21_su04,HP,0.0
UserD,h21_su04,AC,0.0
UserD,h21_su04,Storage HW,0.0
UserD,h21_su04,Radiators,0.0
UserD,h21_su04,Floor heating,0.0
UserD,h21_su04,Induction stove,0.0
UserD,h21_su04,Gas stove,0.0
UserD,h21_su04,Gas National Grid,0.0
UserD,h22_su04,PV sys,0.0
UserD,h22_su04,National Grid EE,0.0
UserD,h22_su04,Storage EE,3.682218964823905
UserD,h22_su04,Gas Boiler,0.0
UserD,h22_su04,HP,0.0
UserD,h22_su04,AC,0.0
UserD,h22_su04,Storage HW,0.0
UserD,h22_su04,Radiators,0.0
UserD,h22_su04,Floor heating,0.0
UserD,h22_su04,Induction stove,0.0
UserD,h22_su04,Gas stove,0.0
UserD,h22_su04,Gas National Grid,0.0
UserD,h23_su04,PV sys,0.0
UserD,h23_su04,National Grid EE,0.0
UserD,h23_su04,Storage EE,3.682218964823905
UserD,h23_su04,Gas Boiler,0.0
UserD,h23_su04,HP,0.0
UserD,h23_su04,AC,0.0
UserD,h23_su04,Storage HW,0.0
UserD,h23_su04,Radiators,0.0
UserD,h23_su04,Floor heating,0.0
UserD,h23_su04,Induction stove,0.0
UserD,h23_su04,Gas stove,0.0
UserD,h23_su04,Gas National Grid,0.0
UserD,h24_su04,PV sys,0.0
UserD,h24_su04,National Grid EE,0.0
UserD,h24_su04,Storage EE,3.1854534152079115
UserD,h24_su04,Gas Boiler,0.0
UserD,h24_su04,HP,0.0
UserD,h24_su04,AC,0.0
UserD,h24_su04,Storage HW,0.0
UserD,h24_su04,Radiators,0.0
UserD,h24_su04,Floor heating,0.0
UserD,h24_su04,Induction stove,0.0
UserD,h24_su04,Gas stove,0.0
UserD,h24_su04,Gas National Grid,0.0
UserD,h01_su05,PV sys,0.0
UserD,h01_su05,National Grid EE,0.0
UserD,h01_su05,Storage EE,2.814006638791919
UserD,h01_su05,Gas Boiler,0.0
UserD,h01_su05,HP,0.0
UserD,h01_su05,AC,0.0
UserD,h01_su05,Storage HW,0.0
UserD,h01_su05,Radiators,0.0
UserD,h01_su05,Floor heating,0.0
UserD,h01_su05,Induction stove,0.0
UserD,h01_su05,Gas stove,0.0
UserD,h01_su05,Gas National Grid,0.0
UserD,h02_su05,PV sys,0.0
UserD,h02_su05,National Grid EE,0.0
UserD,h02_su05,Storage EE,2.6210190891759257
UserD,h02_su05,Gas Boiler,0.0
UserD,h02_su05,HP,0.0
UserD,h02_su05,AC,0.0
UserD,h02_su05,Storage HW,0.0
UserD,h02_su05,Radiators,0.0
UserD,h02_su05,Floor heating,0.0
UserD,h02_su05,Induction stove,0.0
UserD,h02_su05,Gas stove,0.0
UserD,h02_su05,Gas National Grid,0.0
UserD,h03_su05,PV sys,0.0
UserD,h03_su05,National Grid EE,0.0
UserD,h03_su05,Storage EE,2.32591671891993
UserD,h03_su05,Gas Boiler,0.0
UserD,h03_su05,HP,0.0
UserD,h03_su05,AC,0.0
UserD,h03_su05,Storage HW,0.0
UserD,h03_su05,Radiators,0.0
UserD,h03_su05,Floor heating,0.0
UserD,h03_su05,Induction stove,0.0
UserD,h03_su05,Gas stove,0.0
UserD,h03_su05,Gas National Grid,0.0
UserD,h04_su05,PV sys,0.0
UserD,h04_su05,National Grid EE,0.0
UserD,h04_su05,Storage EE,2.0364477153306013
UserD,h04_su05,Gas Boiler,0.0
UserD,h04_su05,HP,0.0
UserD,h04_su05,AC,0.0
UserD,h04_su05,Storage HW,0.0
UserD,h04_su05,Radiators,0.0
UserD,h04_su05,Floor heating,0.0
UserD,h04_su05,Induction stove,0.0
UserD,h04_su05,Gas stove,0.0
UserD,h04_su05,Gas National Grid,0.0
UserD,h05_su05,PV sys,0.0
UserD,h05_su05,National Grid EE,0.0
UserD,h05_su05,Storage EE,1.74646567840794
UserD,h05_su05,Gas Boiler,0.0
UserD,h05_su05,HP,0.0
UserD,h05_su05,AC,0.0
UserD,h05_su05,Storage HW,0.0
UserD,h05_su05,Radiators,0.0
UserD,h05_su05,Floor heating,0.0
UserD,h05_su05,Induction stove,0.0
UserD,h05_su05,Gas stove,0.0
UserD,h05_su05,Gas National Grid,0.0
UserD,h06_su05,PV sys,0.0
UserD,h06_su05,National Grid EE,0.0
UserD,h06_su05,Storage EE,1.4930420414852779
UserD,h06_su05,Gas Boiler,0.0
UserD,h06_su05,HP,0.0
UserD,h06_su05,AC,0.0
UserD,h06_su05,Storage HW,0.0
UserD,h06_su05,Radiators,0.0
UserD,h06_su05,Floor heating,0.0
UserD,h06_su05,Induction stove,0.0
UserD,h06_su05,Gas stove,0.0
UserD,h06_su05,Gas National Grid,0.0
UserD,h07_su05,PV sys,0.0
UserD,h07_su05,National Grid EE,0.0
UserD,h07_su05,Storage EE,0.9623308837481119
UserD,h07_su05,Gas Boiler,0.0
UserD,h07_su05,HP,0.0
UserD,h07_su05,AC,0.0
UserD,h07_su05,Storage HW,0.0
UserD,h07_su05,Radiators,0.0
UserD,h07_su05,Floor heating,0.0
UserD,h07_su05,Induction stove,0.0
UserD,h07_su05,Gas stove,0.0
UserD,h07_su05,Gas National Grid,0.0
UserD,h08_su05,PV sys,0.0
UserD,h08_su05,National Grid EE,0.0
UserD,h08_su05,Storage EE,0.6
UserD,h08_su05,Gas Boiler,0.0
UserD,h08_su05,HP,0.0
UserD,h08_su05,AC,0.0
UserD,h08_su05,Storage HW,0.0
UserD,h08_su05,Radiators,0.0
UserD,h08_su05,Floor heating,0.0
UserD,h08_su05,Induction stove,0.0
UserD,h08_su05,Gas stove,0.0
UserD,h08_su05,Gas National Grid,0.0
UserD,h09_su05,PV sys,0.0
UserD,h09_su05,National Grid EE,0.0
UserD,h09_su05,Storage EE,0.6
UserD,h09_su05,Gas Boiler,0.0
UserD,h09_su05,HP,0.0
UserD,h09_su05,AC,0.0
UserD,h09_su05,Storage HW,0.0
UserD,h09_su05,Radiators,0.0
UserD,h09_su05,Floor heating,0.0
UserD,h09_su05,Induction stove,0.0
UserD,h09_su05,Gas stove,0.0
UserD,h09_su05,Gas National Grid,0.0
UserD,h10_su05,PV sys,0.0
UserD,h10_su05,National Grid EE,0.0
UserD,h10_su05,Storage EE,0.6
UserD,h10_su05,Gas Boiler,0.0
UserD,h10_su05,HP,0.0
UserD,h10_su05,AC,0.0
UserD,h10_su05,Storage HW,0.0
UserD,h10_su05,Radiators,0.0
UserD,h10_su05,Floor heating,0.0
UserD,h10_su05,Induction stove,0.0
UserD,h10_su05,Gas stove,0.0
UserD,h10_su05,Gas National Grid,0.0
UserD,h11_su05,PV sys,0.0
UserD,h11_su05,National Grid EE,0.0
UserD,h11_su05,Storage EE,2.1126255276096804
UserD,h11_su05,Gas Boiler,0.0
UserD,h11_su05,HP,0.0
UserD,h11_su05,AC,0.0
UserD,h11_su05,Storage HW,0.0
UserD,h11_su05,Radiators,0.0
UserD,h11_su05,Floor heating,0.0
UserD,h11_su05,Induction stove,0.0
UserD,h11_su05,Gas stove,0.0
UserD,h11_su05,Gas National Grid,0.0
UserD,h12_su05,PV sys,0.0
UserD,h12_su05,National Grid EE,0.0
UserD,h12_su05,Storage EE,4.261876771886026
UserD,h12_su05,Gas Boiler,0.0
UserD,h12_su05,HP,0.0
UserD,h12_su05,AC,0.0
UserD,h12_su05,Storage HW,0.0
UserD,h12_su05,Radiators,0.0
UserD,h12_su05,Floor heating,0.0
UserD,h12_su05,Induction stove,0.0
UserD,h12_su05,Gas stove,0.0
UserD,h12_su05,Gas National Grid,0.0
UserD,h13_su05,PV sys,0.0
UserD,h13_su05,National Grid EE,0.0
UserD,h13_su05,Storage EE,3.775622302821861
UserD,h13_su05,Gas Boiler,0.0
UserD,h13_su05,HP,0.0
UserD,h13_su05,AC,0.0
UserD,h13_su05,Storage HW,0.0
UserD,h13_su05,Radiators,0.0
UserD,h13_su05,Floor heating,0.0
UserD,h13_su05,Induction stove,0.0
UserD,h13_su05,Gas stove,0.0
UserD,h13_su05,Gas National Grid,0.0
UserD,h14_su05,PV sys,0.0
UserD,h14_su05,National Grid EE,0.0
UserD,h14_su05,Storage EE,3.213376517091029
UserD,h14_su05,Gas Boiler,0.0
UserD,h14_su05,HP,0.0
UserD,h14_su05,AC,0.0
UserD,h14_su05,Storage HW,0.0
UserD,h14_su05,Radiators,0.0
UserD,h14_su05,Floor heating,0.0
UserD,h14_su05,Induction stove,0.0
UserD,h14_su05,Gas stove,0.0
UserD,h14_su05,Gas National Grid,0.0
UserD,h15_su05,PV sys,0.0
UserD,h15_su05,National Grid EE,0.0
UserD,h15_su05,Storage EE,5.369099664693531
UserD,h15_su05,Gas Boiler,0.0
UserD,h15_su05,HP,0.0
UserD,h15_su05,AC,0.0
UserD,h15_su05,Storage HW,0.0
UserD,h15_su05,Radiators,0.0
UserD,h15_su05,Floor heating,0.0
UserD,h15_su05,Induction stove,0.0
UserD,h15_su05,Gas stove,0.0
UserD,h15_su05,Gas National Grid,0.0
UserD,h16_su05,PV sys,0.0
UserD,h16_su05,National Grid EE,0.0
UserD,h16_su05,Storage EE,5.7
UserD,h16_su05,Gas Boiler,0.0
UserD,h16_su05,HP,0.0
UserD,h16_su05,AC,0.0
UserD,h16_su05,Storage HW,0.0
UserD,h16_su05,Radiators,0.0
UserD,h16_su05,Floor heating,0.0
UserD,h16_su05,Induction stove,0.0
UserD,h16_su05,Gas stove,0.0
UserD,h16_su05,Gas National Grid,0.0
UserD,h17_su05,PV sys,0.0
UserD,h17_su05,National Grid EE,0.0
UserD,h17_su05,Storage EE,5.7
UserD,h17_su05,Gas Boiler,0.0
UserD,h17_su05,HP,0.0
UserD,h17_su05,AC,0.0
UserD,h17_su05,Storage HW,0.0
UserD,h17_su05,Radiators,0.0
UserD,h17_su05,Floor heating,0.0
UserD,h17_su05,Induction stove,0.0
UserD,h17_su05,Gas stove,0.0
UserD,h17_su05,Gas National Grid,0.0
UserD,h18_su05,PV sys,0.0
UserD,h18_su05,National Grid EE,0.0
UserD,h18_su05,Storage EE,5.7
UserD,h18_su05,Gas Boiler,0.0
UserD,h18_su05,HP,0.0
UserD,h18_su05,AC,0.0
UserD,h18_su05,Storage HW,0.0
UserD,h18_su05,Radiators,0.0
UserD,h18_su05,Floor heating,0.0
UserD,h18_su05,Induction stove,0.0
UserD,h18_su05,Gas stove,0.0
UserD,h18_su05,Gas National Grid,0.0
UserD,h19_su05,PV sys,0.0
UserD,h19_su05,National Grid EE,0.0
UserD,h19_su05,Storage EE,5.7
UserD,h19_su05,Gas Boiler,0.0
UserD,h19_su05,HP,0.0
UserD,h19_su05,AC,0.0
UserD,h19_su05,Storage HW,0.0
UserD,h19_su05,Radiators,0.0
UserD,h19_su05,Floor heating,0.0
UserD,h19_su05,Induction stove,0.0
UserD,h19_su05,Gas stove,0.0
UserD,h19_su05,Gas National Grid,0.0
UserD,h20_su05,PV sys,0.0
UserD,h20_su05,National Grid EE,0.0
UserD,h20_su05,Storage EE,5.7
UserD,h20_su05,Gas Boiler,0.0
UserD,h20_su05,HP,0.0
UserD,h20_su05,AC,0.0
UserD,h20_su05,Storage HW,0.0
UserD,h20_su05,Radiators,0.0
UserD,h20_su05,Floor heating,0.0
UserD,h20_su05,Induction stove,0.0
UserD,h20_su05,Gas stove,0.0
UserD,h20_su05,Gas National Grid,0.0
UserD,h21_su05,PV sys,0.0
UserD,h21_su05,National Grid EE,0.0
UserD,h21_su05,Storage EE,5.7
UserD,h21_su05,Gas Boiler,0.0
UserD,h21_su05,HP,0.0
UserD,h21_su05,AC,0.0
UserD,h21_su05,Storage HW,0.0
UserD,h21_su05,Radiators,0.0
UserD,h21_su05,Floor heating,0.0
UserD,h21_su05,Induction stove,0.0
UserD,h21_su05,Gas stove,0.0
UserD,h21_su05,Gas National Grid,0.0
UserD,h22_su05,PV sys,0.0
UserD,h22_su05,National Grid EE,0.0
UserD,h22_su05,Storage EE,5.7
UserD,h22_su05,Gas Boiler,0.0
UserD,h22_su05,HP,0.0
UserD,h22_su05,AC,0.0
UserD,h22_su05,Storage HW,0.0
UserD,h22_su05,Radiators,0.0
UserD,h22_su05,Floor heating,0.0
UserD,h22_su05,Induction stove,0.0
UserD,h22_su05,Gas stove,0.0
UserD,h22_su05,Gas National Grid,0.0
UserD,h23_su05,PV sys,0.0
UserD,h23_su05,National Grid EE,0.0
UserD,h23_su05,Storage EE,5.7
UserD,h23_su05,Gas Boiler,0.0
UserD,h23_su05,HP,0.0
UserD,h23_su05,AC,0.0
UserD,h23_su05,Storage HW,0.0
UserD,h23_su05,Radiators,0.0
UserD,h23_su05,Floor heating,0.0
UserD,h23_su05,Induction stove,0.0
UserD,h23_su05,Gas stove,0.0
UserD,h23_su05,Gas National Grid,0.0
UserD,h24_su05,PV sys,0.0
UserD,h24_su05,National Grid EE,0.0
UserD,h24_su05,Storage EE,5.7
UserD,h24_su05,Gas Boiler,0.0
UserD,h24_su05,HP,0.0
UserD,h24_su05,AC,0.0
UserD,h24_su05,Storage HW,0.0
UserD,h24_su05,Radiators,0.0
UserD,h24_su05,Floor heating,0.0
UserD,h24_su05,Induction stove,0.0
UserD,h24_su05,Gas stove,0.0
UserD,h24_su05,Gas National Grid,0.0
UserD,h01_su06,PV sys,0.0
UserD,h01_su06,National Grid EE,0.0
UserD,h01_su06,Storage EE,2.7
UserD,h01_su06,Gas Boiler,0.0
UserD,h01_su06,HP,0.0
UserD,h01_su06,AC,0.0
UserD,h01_su06,Storage HW,0.0
UserD,h01_su06,Radiators,0.0
UserD,h01_su06,Floor heating,0.0
UserD,h01_su06,Induction stove,0.0
UserD,h01_su06,Gas stove,0.0
UserD,h01_su06,Gas National Grid,0.0
UserD,h02_su06,PV sys,0.0
UserD,h02_su06,National Grid EE,0.0
UserD,h02_su06,Storage EE,1.5342886474997806
UserD,h02_su06,Gas Boiler,0.0
UserD,h02_su06,HP,0.0
UserD,h02_su06,AC,0.0
UserD,h02_su06,Storage HW,0.0
UserD,h02_su06,Radiators,0.0
UserD,h02_su06,Floor heating,0.0
UserD,h02_su06,Induction stove,0.0
UserD,h02_su06,Gas stove,0.0
UserD,h02_su06,Gas National Grid,0.0
UserD,h03_su06,PV sys,0.0
UserD,h03_su06,National Grid EE,0.0
UserD,h03_su06,Storage EE,1.280302643910452
UserD,h03_su06,Gas Boiler,0.0
UserD,h03_su06,HP,0.0
UserD,h03_su06,AC,0.0
UserD,h03_su06,Storage HW,0.0
UserD,h03_su06,Radiators,0.0
UserD,h03_su06,Floor heating,0.0
UserD,h03_su06,Induction stove,0.0
UserD,h03_su06,Gas stove,0.0
UserD,h03_su06,Gas National Grid,0.0
UserD,h04_su06,PV sys,0.0
UserD,h04_su06,National Grid EE,0.0
UserD,h04_su06,Storage EE,1.01856700698779
UserD,h04_su06,Gas Boiler,0.0
UserD,h04_su06,HP,0.0
UserD,h04_su06,AC,0.0
UserD,h04_su06,Storage HW,0.0
UserD,h04_su06,Radiators,0.0
UserD,h04_su06,Floor heating,0.0
UserD,h04_su06,Induction stove,0.0
UserD,h04_su06,Gas stove,0.0
UserD,h04_su06,Gas National Grid,0.0
UserD,h05_su06,PV sys,0.0
UserD,h05_su06,National Grid EE,0.0
UserD,h05_su06,Storage EE,0.7565431533984612
UserD,h05_su06,Gas Boiler,0.0
UserD,h05_su06,HP,0.0
UserD,h05_su06,AC,0.0
UserD,h05_su06,Storage HW,0.0
UserD,h05_su06,Radiators,0.0
UserD,h05_su06,Floor heating,0.0
UserD,h05_su06,Induction stove,0.0
UserD,h05_su06,Gas stove,0.0
UserD,h05_su06,Gas National Grid,0.0
UserD,h06_su06,PV sys,0.0
UserD,h06_su06,National Grid EE,0.0
UserD,h06_su06,Storage EE,0.634094466475799
UserD,h06_su06,Gas Boiler,0.0
UserD,h06_su06,HP,0.0
UserD,h06_su06,AC,0.0
UserD,h06_su06,Storage HW,0.0
UserD,h06_su06,Radiators,0.0
UserD,h06_su06,Floor heating,0.0
UserD,h06_su06,Induction stove,0.0
UserD,h06_su06,Gas stove,0.0
UserD,h06_su06,Gas National Grid,0.0
UserD,h07_su06,PV sys,0.0
UserD,h07_su06,National Grid EE,0.0
UserD,h07_su06,Storage EE,0.6
UserD,h07_su06,Gas Boiler,0.0
UserD,h07_su06,HP,0.0
UserD,h07_su06,AC,0.0
UserD,h07_su06,Storage HW,0.0
UserD,h07_su06,Radiators,0.0
UserD,h07_su06,Floor heating,0.0
UserD,h07_su06,Induction stove,0.0
UserD,h07_su06,Gas stove,0.0
UserD,h07_su06,Gas National Grid,0.0
UserD,h08_su06,PV sys,0.0
UserD,h08_su06,National Grid EE,0.0
UserD,h08_su06,Storage EE,0.6
UserD,h08_su06,Gas Boiler,0.0
UserD,h08_su06,HP,0.0
UserD,h08_su06,AC,0.0
UserD,h08_su06,Storage HW,0.0
UserD,h08_su06,Radiators,0.0
UserD,h08_su06,Floor heating,0.0
UserD,h08_su06,Induction stove,0.0
UserD,h08_su06,Gas stove,0.0
UserD,h08_su06,Gas National Grid,0.0
UserD,h09_su06,PV sys,0.0
UserD,h09_su06,National Grid EE,0.0
UserD,h09_su06,Storage EE,2.214190241769868
UserD,h09_su06,Gas Boiler,0.0
UserD,h09_su06,HP,0.0
UserD,h09_su06,AC,0.0
UserD,h09_su06,Storage HW,0.0
UserD,h09_su06,Radiators,0.0
UserD,h09_su06,Floor heating,0.0
UserD,h09_su06,Induction stove,0.0
UserD,h09_su06,Gas stove,0.0
UserD,h09_su06,Gas National Grid,0.0
UserD,h10_su06,PV sys,0.0
UserD,h10_su06,National Grid EE,0.0
UserD,h10_su06,Storage EE,4.518980439318186
UserD,h10_su06,Gas Boiler,0.0
UserD,h10_su06,HP,0.0
UserD,h10_su06,AC,0.0
UserD,h10_su06,Storage HW,0.0
UserD,h10_su06,Radiators,0.0
UserD,h10_su06,Floor heating,0.0
UserD,h10_su06,Induction stove,0.0
UserD,h10_su06,Gas stove,0.0
UserD,h10_su06,Gas National Grid,0.0
UserD,h11_su06,PV sys,0.0
UserD,h11_su06,National Grid EE,0.0
UserD,h11_su06,Storage EE,4.279937216927866
UserD,h11_su06,Gas Boiler,0.0
UserD,h11_su06,HP,0.0
UserD,h11_su06,AC,0.0
UserD,h11_su06,Storage HW,0.0
UserD,h11_su06,Radiators,0.0
UserD,h11_su06,Floor heating,0.0
UserD,h11_su06,Induction stove,0.0
UserD,h11_su06,Gas stove,0.0
UserD,h11_su06,Gas National Grid,0.0
UserD,h12_su06,PV sys,0.0
UserD,h12_su06,National Grid EE,0.0
UserD,h12_su06,Storage EE,5.7
UserD,h12_su06,Gas Boiler,0.0
UserD,h12_su06,HP,0.0
UserD,h12_su06,AC,0.0
UserD,h12_su06,Storage HW,0.0
UserD,h12_su06,Radiators,0.0
UserD,h12_su06,Floor heating,0.0
UserD,h12_su06,Induction stove,0.0
UserD,h12_su06,Gas stove,0.0
UserD,h12_su06,Gas National Grid,0.0
UserD,h13_su06,PV sys,0.0
UserD,h13_su06,National Grid EE,0.0
UserD,h13_su06,Storage EE,5.7
UserD,h13_su06,Gas Boiler,0.0
UserD,h13_su06,HP,0.0
UserD,h13_su06,AC,0.0
UserD,h13_su06,Storage HW,0.0
UserD,h13_su06,Radiators,0.0
UserD,h13_su06,Floor heating,0.0
UserD,h13_su06,Induction stove,0.0
UserD,h13_su06,Gas stove,0.0
UserD,h13_su06,Gas National Grid,0.0
UserD,h14_su06,PV sys,0.0
UserD,h14_su06,National Grid EE,0.0
UserD,h14_su06,Storage EE,2.8076616309358338
UserD,h14_su06,Gas Boiler,0.0
UserD,h14_su06,HP,0.0
UserD,h14_su06,AC,0.0
UserD,h14_su06,Storage HW,0.0
UserD,h14_su06,Radiators,0.0
UserD,h14_su06,Floor heating,0.0
UserD,h14_su06,Induction stove,0.0
UserD,h14_su06,Gas stove,0.0
UserD,h14_su06,Gas National Grid,0.0
UserD,h15_su06,PV sys,0.0
UserD,h15_su06,National Grid EE,0.0
UserD,h15_su06,Storage EE,5.157476295205
UserD,h15_su06,Gas Boiler,0.0
UserD,h15_su06,HP,0.0
UserD,h15_su06,AC,0.0
UserD,h15_su06,Storage HW,0.0
UserD,h15_su06,Radiators,0.0
UserD,h15_su06,Floor heating,0.0
UserD,h15_su06,Induction stove,0.0
UserD,h15_su06,Gas stove,0.0
UserD,h15_su06,Gas National Grid,0.0
UserD,h16_su06,PV sys,0.0
UserD,h16_su06,National Grid EE,0.0
UserD,h16_su06,Storage EE,5.7
UserD,h16_su06,Gas Boiler,0.0
UserD,h16_su06,HP,0.0
UserD,h16_su06,AC,0.0
UserD,h16_su06,Storage HW,0.0
UserD,h16_su06,Radiators,0.0
UserD,h16_su06,Floor heating,0.0
UserD,h16_su06,Induction stove,0.0
UserD,h16_su06,Gas stove,0.0
UserD,h16_su06,Gas National Grid,0.0
UserD,h17_su06,PV sys,0.0
UserD,h17_su06,National Grid EE,0.0
UserD,h17_su06,Storage EE,5.669570200067586
UserD,h17_su06,Gas Boiler,0.0
UserD,h17_su06,HP,0.0
UserD,h17_su06,AC,0.0
UserD,h17_su06,Storage HW,0.0
UserD,h17_su06,Radiators,0.0
UserD,h17_su06,Floor heating,0.0
UserD,h17_su06,Induction stove,0.0
UserD,h17_su06,Gas stove,0.0
UserD,h17_su06,Gas National Grid,0.0
UserD,h18_su06,PV sys,0.0
UserD,h18_su06,National Grid EE,0.0
UserD,h18_su06,Storage EE,5.7
UserD,h18_su06,Gas Boiler,0.0
UserD,h18_su06,HP,0.0
UserD,h18_su06,AC,0.0
UserD,h18_su06,Storage HW,0.0
UserD,h18_su06,Radiators,0.0
UserD,h18_su06,Floor heating,0.0
UserD,h18_su06,Induction stove,0.0
UserD,h18_su06,Gas stove,0.0
UserD,h18_su06,Gas National Grid,0.0
UserD,h19_su06,PV sys,0.0
UserD,h19_su06,National Grid EE,0.0
UserD,h19_su06,Storage EE,5.7
UserD,h19_su06,Gas Boiler,0.0
UserD,h19_su06,HP,0.0
UserD,h19_su06,AC,0.0
UserD,h19_su06,Storage HW,0.0
UserD,h19_su06,Radiators,0.0
UserD,h19_su06,Floor heating,0.0
UserD,h19_su06,Induction stove,0.0
UserD,h19_su06,Gas stove,0.0
UserD,h19_su06,Gas National Grid,0.0
UserD,h20_su06,PV sys,0.0
UserD,h20_su06,National Grid EE,0.0
UserD,h20_su06,Storage EE,4.91079969961599
UserD,h20_su06,Gas Boiler,0.0
UserD,h20_su06,HP,0.0
UserD,h20_su06,AC,0.0
UserD,h20_su06,Storage HW,0.0
UserD,h20_su06,Radiators,0.0
UserD,h20_su06,Floor heating,0.0
UserD,h20_su06,Induction stove,0.0
UserD,h20_su06,Gas stove,0.0
UserD,h20_su06,Gas National Grid,0.0
UserD,h21_su06,PV sys,0.0
UserD,h21_su06,National Grid EE,0.0
UserD,h21_su06,Storage EE,4.91079969961599
UserD,h21_su06,Gas Boiler,0.0
UserD,h21_su06,HP,0.0
UserD,h21_su06,AC,0.0
UserD,h21_su06,Storage HW,0.0
UserD,h21_su06,Radiators,0.0
UserD,h21_su06,Floor heating,0.0
UserD,h21_su06,Induction stove,0.0
UserD,h21_su06,Gas stove,0.0
UserD,h21_su06,Gas National Grid,0.0
UserD,h22_su06,PV sys,0.0
UserD,h22_su06,National Grid EE,0.0
UserD,h22_su06,Storage EE,4.91079969961599
UserD,h22_su06,Gas Boiler,0.0
UserD,h22_su06,HP,0.0
UserD,h22_su06,AC,0.0
UserD,h22_su06,Storage HW,0.0
UserD,h22_su06,Radiators,0.0
UserD,h22_su06,Floor heating,0.0
UserD,h22_su06,Induction stove,0.0
UserD,h22_su06,Gas stove,0.0
UserD,h22_su06,Gas National Grid,0.0
UserD,h23_su06,PV sys,0.0
UserD,h23_su06,National Grid EE,0.0
UserD,h23_su06,Storage EE,1.91079969961599
UserD,h23_su06,Gas Boiler,0.0
UserD,h23_su06,HP,0.0
UserD,h23_su06,AC,0.0
UserD,h23_su06,Storage HW,0.0
UserD,h23_su06,Radiators,0.0
UserD,h23_su06,Floor heating,0.0
UserD,h23_su06,Induction stove,0.0
UserD,h23_su06,Gas stove,0.0
UserD,h23_su06,Gas National Grid,0.0
UserD,h24_su06,PV sys,0.0
UserD,h24_su06,National Grid EE,0.0
UserD,h24_su06,Storage EE,0.6
UserD,h24_su06,Gas Boiler,0.0
UserD,h24_su06,HP,0.0
UserD,h24_su06,AC,0.0
UserD,h24_su06,Storage HW,0.0
UserD,h24_su06,Radiators,0.0
UserD,h24_su06,Floor heating,0.0
UserD,h24_su06,Induction stove,0.0
UserD,h24_su06,Gas stove,0.0
UserD,h24_su06,Gas National Grid,0.0
UserD,h01_su07,PV sys,0.0
UserD,h01_su07,National Grid EE,0.0
UserD,h01_su07,Storage EE,0.6
UserD,h01_su07,Gas Boiler,0.0
UserD,h01_su07,HP,0.0
UserD,h01_su07,AC,0.0
UserD,h01_su07,Storage HW,0.0
UserD,h01_su07,Radiators,0.0
UserD,h01_su07,Floor heating,0.0
UserD,h01_su07,Induction stove,0.0
UserD,h01_su07,Gas stove,0.0
UserD,h01_su07,Gas National Grid,0.0
UserD,h02_su07,PV sys,0.0
UserD,h02_su07,National Grid EE,0.0
UserD,h02_su07,Storage EE,0.6
UserD,h02_su07,Gas Boiler,0.0
UserD,h02_su07,HP,0.0
UserD,h02_su07,AC,0.0
UserD,h02_su07,Storage HW,0.0
UserD,h02_su07,Radiators,0.0
UserD,h02_su07,Floor heating,0.0
UserD,h02_su07,Induction stove,0.0
UserD,h02_su07,Gas stove,0.0
UserD,h02_su07,Gas National Grid,0.0
UserD,h03_su07,PV sys,0.0
UserD,h03_su07,National Grid EE,0.0
UserD,h03_su07,Storage EE,0.6
UserD,h03_su07,Gas Boiler,0.0
UserD,h03_su07,HP,0.0
UserD,h03_su07,AC,0.0
UserD,h03_su07,Storage HW,0.0
UserD,h03_su07,Radiators,0.0
UserD,h03_su07,Floor heating,0.0
UserD,h03_su07,Induction stove,0.0
UserD,h03_su07,Gas stove,0.0
UserD,h03_su07,Gas National Grid,0.0
UserD,h04_su07,PV sys,0.0
UserD,h04_su07,National Grid EE,0.0
UserD,h04_su07,Storage EE,0.6
UserD,h04_su07,Gas Boiler,0.0
UserD,h04_su07,HP,0.0
UserD,h04_su07,AC,0.0
UserD,h04_su07,Storage HW,0.0
UserD,h04_su07,Radiators,0.0
UserD,h04_su07,Floor heating,0.0
UserD,h04_su07,Induction stove,0.0
UserD,h04_su07,Gas stove,0.0
UserD,h04_su07,Gas National Grid,0.0
UserD,h05_su07,PV sys,0.0
UserD,h05_su07,National Grid EE,0.0
UserD,h05_su07,Storage EE,0.6
UserD,h05_su07,Gas Boiler,0.0
UserD,h05_su07,HP,0.0
UserD,h05_su07,AC,0.0
UserD,h05_su07,Storage HW,0.0
UserD,h05_su07,Radiators,0.0
UserD,h05_su07,Floor heating,0.0
UserD,h05_su07,Induction stove,0.0
UserD,h05_su07,Gas stove,0.0
UserD,h05_su07,Gas National Grid,0.0
UserD,h06_su07,PV sys,0.0
UserD,h06_su07,National Grid EE,0.0
UserD,h06_su07,Storage EE,0.6
UserD,h06_su07,Gas Boiler,0.0
UserD,h06_su07,HP,0.0
UserD,h06_su07,AC,0.0
UserD,h06_su07,Storage HW,0.0
UserD,h06_su07,Radiators,0.0
UserD,h06_su07,Floor heating,0.0
UserD,h06_su07,Induction stove,0.0
UserD,h06_su07,Gas stove,0.0
UserD,h06_su07,Gas National Grid,0.0
UserD,h07_su07,PV sys,0.0
UserD,h07_su07,National Grid EE,0.0
UserD,h07_su07,Storage EE,0.8740250000000005
UserD,h07_su07,Gas Boiler,0.0
UserD,h07_su07,HP,0.0
UserD,h07_su07,AC,0.0
UserD,h07_su07,Storage HW,0.0
UserD,h07_su07,Radiators,0.0
UserD,h07_su07,Floor heating,0.0
UserD,h07_su07,Induction stove,0.0
UserD,h07_su07,Gas stove,0.0
UserD,h07_su07,Gas National Grid,0.0
UserD,h08_su07,PV sys,0.0
UserD,h08_su07,National Grid EE,0.0
UserD,h08_su07,Storage EE,1.1247298555373704
UserD,h08_su07,Gas Boiler,0.0
UserD,h08_su07,HP,0.0
UserD,h08_su07,AC,0.0
UserD,h08_su07,Storage HW,0.0
UserD,h08_su07,Radiators,0.0
UserD,h08_su07,Floor heating,0.0
UserD,h08_su07,Induction stove,0.0
UserD,h08_su07,Gas stove,0.0
UserD,h08_su07,Gas National Grid,0.0
UserD,h09_su07,PV sys,0.0
UserD,h09_su07,National Grid EE,0.0
UserD,h09_su07,Storage EE,0.6
UserD,h09_su07,Gas Boiler,0.0
UserD,h09_su07,HP,0.0
UserD,h09_su07,AC,0.0
UserD,h09_su07,Storage HW,0.0
UserD,h09_su07,Radiators,0.0
UserD,h09_su07,Floor heating,0.0
UserD,h09_su07,Induction stove,0.0
UserD,h09_su07,Gas stove,0.0
UserD,h09_su07,Gas National Grid,0.0
UserD,h10_su07,PV sys,0.0
UserD,h10_su07,National Grid EE,0.0
UserD,h10_su07,Storage EE,0.6
UserD,h10_su07,Gas Boiler,0.0
UserD,h10_su07,HP,0.0
UserD,h10_su07,AC,0.0
UserD,h10_su07,Storage HW,0.0
UserD,h10_su07,Radiators,0.0
UserD,h10_su07,Floor heating,0.0
UserD,h10_su07,Induction stove,0.0
UserD,h10_su07,Gas stove,0.0
UserD,h10_su07,Gas National Grid,0.0
UserD,h11_su07,PV sys,0.0
UserD,h11_su07,National Grid EE,0.0
UserD,h11_su07,Storage EE,2.0547910776096803
UserD,h11_su07,Gas Boiler,0.0
UserD,h11_su07,HP,0.0
UserD,h11_su07,AC,0.0
UserD,h11_su07,Storage HW,0.0
UserD,h11_su07,Radiators,0.0
UserD,h11_su07,Floor heating,0.0
UserD,h11_su07,Induction stove,0.0
UserD,h11_su07,Gas stove,0.0
UserD,h11_su07,Gas National Grid,0.0
UserD,h12_su07,PV sys,0.0
UserD,h12_su07,National Grid EE,0.0
UserD,h12_su07,Storage EE,4.079540121886026
UserD,h12_su07,Gas Boiler,0.0
UserD,h12_su07,HP,0.0
UserD,h12_su07,AC,0.0
UserD,h12_su07,Storage HW,0.0
UserD,h12_su07,Radiators,0.0
UserD,h12_su07,Floor heating,0.0
UserD,h12_su07,Induction stove,0.0
UserD,h12_su07,Gas stove,0.0
UserD,h12_su07,Gas National Grid,0.0
UserD,h13_su07,PV sys,0.0
UserD,h13_su07,National Grid EE,0.0
UserD,h13_su07,Storage EE,3.605952352821861
UserD,h13_su07,Gas Boiler,0.0
UserD,h13_su07,HP,0.0
UserD,h13_su07,AC,0.0
UserD,h13_su07,Storage HW,0.0
UserD,h13_su07,Radiators,0.0
UserD,h13_su07,Floor heating,0.0
UserD,h13_su07,Induction stove,0.0
UserD,h13_su07,Gas stove,0.0
UserD,h13_su07,Gas National Grid,0.0
UserD,h14_su07,PV sys,0.0
UserD,h14_su07,National Grid EE,0.0
UserD,h14_su07,Storage EE,3.0097077670910286
UserD,h14_su07,Gas Boiler,0.0
UserD,h14_su07,HP,0.0
UserD,h14_su07,AC,0.0
UserD,h14_su07,Storage HW,0.0
UserD,h14_su07,Radiators,0.0
UserD,h14_su07,Floor heating,0.0
UserD,h14_su07,Induction stove,0.0
UserD,h14_su07,Gas stove,0.0
UserD,h14_su07,Gas National Grid,0.0
UserD,h15_su07,PV sys,0.0
UserD,h15_su07,National Grid EE,0.0
UserD,h15_su07,Storage EE,5.1654312980268635
UserD,h15_su07,Gas Boiler,0.0
UserD,h15_su07,HP,0.0
UserD,h15_su07,AC,0.0
UserD,h15_su07,Storage HW,0.0
UserD,h15_su07,Radiators,0.0
UserD,h15_su07,Floor heating,0.0
UserD,h15_su07,Induction stove,0.0
UserD,h15_su07,Gas stove,0.0
UserD,h15_su07,Gas National Grid,0.0
UserD,h16_su07,PV sys,0.0
UserD,h16_su07,National Grid EE,0.0
UserD,h16_su07,Storage EE,5.7
UserD,h16_su07,Gas Boiler,0.0
UserD,h16_su07,HP,0.0
UserD,h16_su07,AC,0.0
UserD,h16_su07,Storage HW,0.0
UserD,h16_su07,Radiators,0.0
UserD,h16_su07,Floor heating,0.0
UserD,h16_su07,Induction stove,0.0
UserD,h16_su07,Gas stove,0.0
UserD,h16_su07,Gas National Grid,0.0
UserD,h17_su07,PV sys,0.0
UserD,h17_su07,National Grid EE,0.0
UserD,h17_su07,Storage EE,5.7
UserD,h17_su07,Gas Boiler,0.0
UserD,h17_su07,HP,0.0
UserD,h17_su07,AC,0.0
UserD,h17_su07,Storage HW,0.0
UserD,h17_su07,Radiators,0.0
UserD,h17_su07,Floor heating,0.0
UserD,h17_su07,Induction stove,0.0
UserD,h17_su07,Gas stove,0.0
UserD,h17_su07,Gas National Grid,0.0
UserD,h18_su07,PV sys,0.0
UserD,h18_su07,National Grid EE,0.0
UserD,h18_su07,Storage EE,5.7
UserD,h18_su07,Gas Boiler,0.0
UserD,h18_su07,HP,0.0
UserD,h18_su07,AC,0.0
UserD,h18_su07,Storage HW,0.0
UserD,h18_su07,Radiators,0.0
UserD,h18_su07,Floor heating,0.0
UserD,h18_su07,Induction stove,0.0
UserD,h18_su07,Gas stove,0.0
UserD,h18_su07,Gas National Grid,0.0
UserD,h19_su07,PV sys,0.0
UserD,h19_su07,National Grid EE,0.0
UserD,h19_su07,Storage EE,5.7
UserD,h19_su07,Gas Boiler,0.0
UserD,h19_su07,HP,0.0
UserD,h19_su07,AC,0.0
UserD,h19_su07,Storage HW,0.0
UserD,h19_su07,Radiators,0.0
UserD,h19_su07,Floor heating,0.0
UserD,h19_su07,Induction stove,0.0
UserD,h19_su07,Gas stove,0.0
UserD,h19_su07,Gas National Grid,0.0
UserD,h20_su07,PV sys,0.0
UserD,h20_su07,National Grid EE,0.0
UserD,h20_su07,Storage EE,4.907180556097325
UserD,h20_su07,Gas Boiler,0.0
UserD,h20_su07,HP,0.0
UserD,h20_su07,AC,0.0
UserD,h20_su07,Storage HW,0.0
UserD,h20_su07,Radiators,0.0
UserD,h20_su07,Floor heating,0.0
UserD,h20_su07,Induction stove,0.0
UserD,h20_su07,Gas stove,0.0
UserD,h20_su07,Gas National Grid,0.0
UserD,h21_su07,PV sys,0.0
UserD,h21_su07,National Grid EE,0.0
UserD,h21_su07,Storage EE,4.086822746575498
UserD,h21_su07,Gas Boiler,0.0
UserD,h21_su07,HP,0.0
UserD,h21_su07,AC,0.0
UserD,h21_su07,Storage HW,0.0
UserD,h21_su07,Radiators,0.0
UserD,h21_su07,Floor heating,0.0
UserD,h21_su07,Induction stove,0.0
UserD,h21_su07,Gas stove,0.0
UserD,h21_su07,Gas National Grid,0.0
UserD,h22_su07,PV sys,0.0
UserD,h22_su07,National Grid EE,0.0
UserD,h22_su07,Storage EE,4.086822746575498
UserD,h22_su07,Gas Boiler,0.0
UserD,h22_su07,HP,0.0
UserD,h22_su07,AC,0.0
UserD,h22_su07,Storage HW,0.0
UserD,h22_su07,Radiators,0.0
UserD,h22_su07,Floor heating,0.0
UserD,h22_su07,Induction stove,0.0
UserD,h22_su07,Gas stove,0.0
UserD,h22_su07,Gas National Grid,0.0
UserD,h23_su07,PV sys,0.0
UserD,h23_su07,National Grid EE,0.0
UserD,h23_su07,Storage EE,3.396395463626172
UserD,h23_su07,Gas Boiler,0.0
UserD,h23_su07,HP,0.0
UserD,h23_su07,AC,0.0
UserD,h23_su07,Storage HW,0.0
UserD,h23_su07,Radiators,0.0
UserD,h23_su07,Floor heating,0.0
UserD,h23_su07,Induction stove,0.0
UserD,h23_su07,Gas stove,0.0
UserD,h23_su07,Gas National Grid,0.0
UserD,h24_su07,PV sys,0.0
UserD,h24_su07,National Grid EE,0.0
UserD,h24_su07,Storage EE,2.883209247343512
UserD,h24_su07,Gas Boiler,0.0
UserD,h24_su07,HP,0.0
UserD,h24_su07,AC,0.0
UserD,h24_su07,Storage HW,0.0
UserD,h24_su07,Radiators,0.0
UserD,h24_su07,Floor heating,0.0
UserD,h24_su07,Induction stove,0.0
UserD,h24_su07,Gas stove,0.0
UserD,h24_su07,Gas National Grid,0.0
UserD,h01_su08,PV sys,0.0
UserD,h01_su08,National Grid EE,0.0
UserD,h01_su08,Storage EE,2.5446895709275186
UserD,h01_su08,Gas Boiler,0.0
UserD,h01_su08,HP,0.0
UserD,h01_su08,AC,0.0
UserD,h01_su08,Storage HW,0.0
UserD,h01_su08,Radiators,0.0
UserD,h01_su08,Floor heating,0.0
UserD,h01_su08,Induction stove,0.0
UserD,h01_su08,Gas stove,0.0
UserD,h01_su08,Gas National Grid,0.0
UserD,h02_su08,PV sys,0.0
UserD,h02_su08,National Grid EE,0.0
UserD,h02_su08,Storage EE,2.280259471311525
UserD,h02_su08,Gas Boiler,0.0
UserD,h02_su08,HP,0.0
UserD,h02_su08,AC,0.0
UserD,h02_su08,Storage HW,0.0
UserD,h02_su08,Radiators,0.0
UserD,h02_su08,Floor heating,0.0
UserD,h02_su08,Induction stove,0.0
UserD,h02_su08,Gas stove,0.0
UserD,h02_su08,Gas National Grid,0.0
UserD,h03_su08,PV sys,0.0
UserD,h03_su08,National Grid EE,0.0
UserD,h03_su08,Storage EE,2.0225400843888632
UserD,h03_su08,Gas Boiler,0.0
UserD,h03_su08,HP,0.0
UserD,h03_su08,AC,0.0
UserD,h03_su08,Storage HW,0.0
UserD,h03_su08,Radiators,0.0
UserD,h03_su08,Floor heating,0.0
UserD,h03_su08,Induction stove,0.0
UserD,h03_su08,Gas stove,0.0
UserD,h03_su08,Gas National Grid,0.0
UserD,h04_su08,PV sys,0.0
UserD,h04_su08,National Grid EE,0.0
UserD,h04_su08,Storage EE,1.7603710141328675
UserD,h04_su08,Gas Boiler,0.0
UserD,h04_su08,HP,0.0
UserD,h04_su08,AC,0.0
UserD,h04_su08,Storage HW,0.0
UserD,h04_su08,Radiators,0.0
UserD,h04_su08,Floor heating,0.0
UserD,h04_su08,Induction stove,0.0
UserD,h04_su08,Gas stove,0.0
UserD,h04_su08,Gas National Grid,0.0
UserD,h05_su08,PV sys,0.0
UserD,h05_su08,National Grid EE,0.0
UserD,h05_su08,Storage EE,1.459122377210206
UserD,h05_su08,Gas Boiler,0.0
UserD,h05_su08,HP,0.0
UserD,h05_su08,AC,0.0
UserD,h05_su08,Storage HW,0.0
UserD,h05_su08,Radiators,0.0
UserD,h05_su08,Floor heating,0.0
UserD,h05_su08,Induction stove,0.0
UserD,h05_su08,Gas stove,0.0
UserD,h05_su08,Gas National Grid,0.0
UserD,h06_su08,PV sys,0.0
UserD,h06_su08,National Grid EE,0.0
UserD,h06_su08,Storage EE,0.9348921665885677
UserD,h06_su08,Gas Boiler,0.0
UserD,h06_su08,HP,0.0
UserD,h06_su08,AC,0.0
UserD,h06_su08,Storage HW,0.0
UserD,h06_su08,Radiators,0.0
UserD,h06_su08,Floor heating,0.0
UserD,h06_su08,Induction stove,0.0
UserD,h06_su08,Gas stove,0.0
UserD,h06_su08,Gas National Grid,0.0
UserD,h07_su08,PV sys,0.0
UserD,h07_su08,National Grid EE,0.0
UserD,h07_su08,Storage EE,0.6
UserD,h07_su08,Gas Boiler,0.0
UserD,h07_su08,HP,0.0
UserD,h07_su08,AC,0.0
UserD,h07_su08,Storage HW,0.0
UserD,h07_su08,Radiators,0.0
UserD,h07_su08,Floor heating,0.0
UserD,h07_su08,Induction stove,0.0
UserD,h07_su08,Gas stove,0.0
UserD,h07_su08,Gas National Grid,0.0
UserD,h08_su08,PV sys,0.0
UserD,h08_su08,National Grid EE,0.0
UserD,h08_su08,Storage EE,0.9565657045069249
UserD,h08_su08,Gas Boiler,0.0
UserD,h08_su08,HP,0.0
UserD,h08_su08,AC,0.0
UserD,h08_su08,Storage HW,0.0
UserD,h08_su08,Radiators,0.0
UserD,h08_su08,Floor heating,0.0
UserD,h08_su08,Induction stove,0.0
UserD,h08_su08,Gas stove,0.0
UserD,h08_su08,Gas National Grid,0.0
UserD,h09_su08,PV sys,0.0
UserD,h09_su08,National Grid EE,0.0
UserD,h09_su08,Storage EE,2.1564509110392445
UserD,h09_su08,Gas Boiler,0.0
UserD,h09_su08,HP,0.0
UserD,h09_su08,AC,0.0
UserD,h09_su08,Storage HW,0.0
UserD,h09_su08,Radiators,0.0
UserD,h09_su08,Floor heating,0.0
UserD,h09_su08,Induction stove,0.0
UserD,h09_su08,Gas stove,0.0
UserD,h09_su08,Gas National Grid,0.0
UserD,h10_su08,PV sys,0.0
UserD,h10_su08,National Grid EE,0.0
UserD,h10_su08,Storage EE,1.4856851019208972
UserD,h10_su08,Gas Boiler,0.0
UserD,h10_su08,HP,0.0
UserD,h10_su08,AC,0.0
UserD,h10_su08,Storage HW,0.0
UserD,h10_su08,Radiators,0.0
UserD,h10_su08,Floor heating,0.0
UserD,h10_su08,Induction stove,0.0
UserD,h10_su08,Gas stove,0.0
UserD,h10_su08,Gas National Grid,0.0
UserD,h11_su08,PV sys,0.0
UserD,h11_su08,National Grid EE,0.0
UserD,h11_su08,Storage EE,1.4315523128639103
UserD,h11_su08,Gas Boiler,0.0
UserD,h11_su08,HP,0.0
UserD,h11_su08,AC,0.0
UserD,h11_su08,Storage HW,0.0
UserD,h11_su08,Radiators,0.0
UserD,h11_su08,Floor heating,0.0
UserD,h11_su08,Induction stove,0.0
UserD,h11_su08,Gas stove,0.0
UserD,h11_su08,Gas National Grid,0.0
UserD,h12_su08,PV sys,0.0
UserD,h12_su08,National Grid EE,0.0
UserD,h12_su08,Storage EE,1.4851208071402566
UserD,h12_su08,Gas Boiler,0.0
UserD,h12_su08,HP,0.0
UserD,h12_su08,AC,0.0
UserD,h12_su08,Storage HW,0.0
UserD,h12_su08,Radiators,0.0
UserD,h12_su08,Floor heating,0.0
UserD,h12_su08,Induction stove,0.0
UserD,h12_su08,Gas stove,0.0
UserD,h12_su08,Gas National Grid,0.0
UserD,h13_su08,PV sys,0.0
UserD,h13_su08,National Grid EE,0.0
UserD,h13_su08,Storage EE,1.2242504880760912
UserD,h13_su08,Gas Boiler,0.0
UserD,h13_su08,HP,0.0
UserD,h13_su08,AC,0.0
UserD,h13_su08,Storage HW,0.0
UserD,h13_su08,Radiators,0.0
UserD,h13_su08,Floor heating,0.0
UserD,h13_su08,Induction stove,0.0
UserD,h13_su08,Gas stove,0.0
UserD,h13_su08,Gas National Grid,0.0
UserD,h14_su08,PV sys,0.0
UserD,h14_su08,National Grid EE,0.0
UserD,h14_su08,Storage EE,0.9235302356785922
UserD,h14_su08,Gas Boiler,0.0
UserD,h14_su08,HP,0.0
UserD,h14_su08,AC,0.0
UserD,h14_su08,Storage HW,0.0
UserD,h14_su08,Radiators,0.0
UserD,h14_su08,Floor heating,0.0
UserD,h14_su08,Induction stove,0.0
UserD,h14_su08,Gas stove,0.0
UserD,h14_su08,Gas National Grid,0.0
UserD,h15_su08,PV sys,0.0
UserD,h15_su08,National Grid EE,0.0
UserD,h15_su08,Storage EE,3.270378066614427
UserD,h15_su08,Gas Boiler,0.0
UserD,h15_su08,HP,0.0
UserD,h15_su08,AC,0.0
UserD,h15_su08,Storage HW,0.0
UserD,h15_su08,Radiators,0.0
UserD,h15_su08,Floor heating,0.0
UserD,h15_su08,Induction stove,0.0
UserD,h15_su08,Gas stove,0.0
UserD,h15_su08,Gas National Grid,0.0
UserD,h16_su08,PV sys,0.0
UserD,h16_su08,National Grid EE,0.0
UserD,h16_su08,Storage EE,4.912113944224107
UserD,h16_su08,Gas Boiler,0.0
UserD,h16_su08,HP,0.0
UserD,h16_su08,AC,0.0
UserD,h16_su08,Storage HW,0.0
UserD,h16_su08,Radiators,0.0
UserD,h16_su08,Floor heating,0.0
UserD,h16_su08,Induction stove,0.0
UserD,h16_su08,Gas stove,0.0
UserD,h16_su08,Gas National Grid,0.0
UserD,h17_su08,PV sys,0.0
UserD,h17_su08,National Grid EE,0.0
UserD,h17_su08,Storage EE,5.7
UserD,h17_su08,Gas Boiler,0.0
UserD,h17_su08,HP,0.0
UserD,h17_su08,AC,0.0
UserD,h17_su08,Storage HW,0.0
UserD,h17_su08,Radiators,0.0
UserD,h17_su08,Floor heating,0.0
UserD,h17_su08,Induction stove,0.0
UserD,h17_su08,Gas stove,0.0
UserD,h17_su08,Gas National Grid,0.0
UserD,h18_su08,PV sys,0.0
UserD,h18_su08,National Grid EE,0.0
UserD,h18_su08,Storage EE,5.594502833265748
UserD,h18_su08,Gas Boiler,0.0
UserD,h18_su08,HP,0.0
UserD,h18_su08,AC,0.0
UserD,h18_su08,Storage HW,0.0
UserD,h18_su08,Radiators,0.0
UserD,h18_su08,Floor heating,0.0
UserD,h18_su08,Induction stove,0.0
UserD,h18_su08,Gas stove,0.0
UserD,h18_su08,Gas National Grid,0.0
UserD,h19_su08,PV sys,0.0
UserD,h19_su08,National Grid EE,0.0
UserD,h19_su08,Storage EE,5.193482388032465
UserD,h19_su08,Gas Boiler,0.0
UserD,h19_su08,HP,0.0
UserD,h19_su08,AC,0.0
UserD,h19_su08,Storage HW,0.0
UserD,h19_su08,Radiators,0.0
UserD,h19_su08,Floor heating,0.0
UserD,h19_su08,Induction stove,0.0
UserD,h19_su08,Gas stove,0.0
UserD,h19_su08,Gas National Grid,0.0
UserD,h20_su08,PV sys,0.0
UserD,h20_su08,National Grid EE,0.0
UserD,h20_su08,Storage EE,4.40538236840317
UserD,h20_su08,Gas Boiler,0.0
UserD,h20_su08,HP,0.0
UserD,h20_su08,AC,0.0
UserD,h20_su08,Storage HW,0.0
UserD,h20_su08,Radiators,0.0
UserD,h20_su08,Floor heating,0.0
UserD,h20_su08,Induction stove,0.0
UserD,h20_su08,Gas stove,0.0
UserD,h20_su08,Gas National Grid,0.0
UserD,h21_su08,PV sys,0.0
UserD,h21_su08,National Grid EE,0.0
UserD,h21_su08,Storage EE,3.2977084171793005
UserD,h21_su08,Gas Boiler,0.0
UserD,h21_su08,HP,0.0
UserD,h21_su08,AC,0.0
UserD,h21_su08,Storage HW,0.0
UserD,h21_su08,Radiators,0.0
UserD,h21_su08,Floor heating,0.0
UserD,h21_su08,Induction stove,0.0
UserD,h21_su08,Gas stove,0.0
UserD,h21_su08,Gas National Grid,0.0
UserD,h22_su08,PV sys,0.0
UserD,h22_su08,National Grid EE,0.0
UserD,h22_su08,Storage EE,2.317250929730848
UserD,h22_su08,Gas Boiler,0.0
UserD,h22_su08,HP,0.0
UserD,h22_su08,AC,0.0
UserD,h22_su08,Storage HW,0.0
UserD,h22_su08,Radiators,0.0
UserD,h22_su08,Floor heating,0.0
UserD,h22_su08,Induction stove,0.0
UserD,h22_su08,Gas stove,0.0
UserD,h22_su08,Gas National Grid,0.0
UserD,h23_su08,PV sys,0.0
UserD,h23_su08,National Grid EE,0.0
UserD,h23_su08,Storage EE,1.7591721634481883
UserD,h23_su08,Gas Boiler,0.0
UserD,h23_su08,HP,0.0
UserD,h23_su08,AC,0.0
UserD,h23_su08,Storage HW,0.0
UserD,h23_su08,Radiators,0.0
UserD,h23_su08,Floor heating,0.0
UserD,h23_su08,Induction stove,0.0
UserD,h23_su08,Gas stove,0.0
UserD,h23_su08,Gas National Grid,0.0
UserD,h24_su08,PV sys,0.0
UserD,h24_su08,National Grid EE,0.0
UserD,h24_su08,Storage EE,1.0318262471655282
UserD,h24_su08,Gas Boiler,0.0
UserD,h24_su08,HP,0.0
UserD,h24_su08,AC,0.0
UserD,h24_su08,Storage HW,0.0
UserD,h24_su08,Radiators,0.0
UserD,h24_su08,Floor heating,0.0
UserD,h24_su08,Induction stove,0.0
UserD,h24_su08,Gas stove,0.0
UserD,h24_su08,Gas National Grid,0.0
UserD,h01_su09,PV sys,0.0
UserD,h01_su09,National Grid EE,0.0
UserD,h01_su09,Storage EE,1.0318262471655282
UserD,h01_su09,Gas Boiler,0.0
UserD,h01_su09,HP,0.0
UserD,h01_su09,AC,0.0
UserD,h01_su09,Storage HW,0.0
UserD,h01_su09,Radiators,0.0
UserD,h01_su09,Floor heating,0.0
UserD,h01_su09,Induction stove,0.0
UserD,h01_su09,Gas stove,0.0
UserD,h01_su09,Gas National Grid,0.0
UserD,h02_su09,PV sys,0.0
UserD,h02_su09,National Grid EE,0.0
UserD,h02_su09,Storage EE,0.7818053975495352
UserD,h02_su09,Gas Boiler,0.0
UserD,h02_su09,HP,0.0
UserD,h02_su09,AC,0.0
UserD,h02_su09,Storage HW,0.0
UserD,h02_su09,Radiators,0.0
UserD,h02_su09,Floor heating,0.0
UserD,h02_su09,Induction stove,0.0
UserD,h02_su09,Gas stove,0.0
UserD,h02_su09,Gas National Grid,0.0
UserD,h03_su09,PV sys,0.0
UserD,h03_su09,National Grid EE,0.0
UserD,h03_su09,Storage EE,0.7818053975495352
UserD,h03_su09,Gas Boiler,0.0
UserD,h03_su09,HP,0.0
UserD,h03_su09,AC,0.0
UserD,h03_su09,Storage HW,0.0
UserD,h03_su09,Radiators,0.0
UserD,h03_su09,Floor heating,0.0
UserD,h03_su09,Induction stove,0.0
UserD,h03_su09,Gas stove,0.0
UserD,h03_su09,Gas National Grid,0.0
UserD,h04_su09,PV sys,0.0
UserD,h04_su09,National Grid EE,0.0
UserD,h04_su09,Storage EE,0.7818053975495352
UserD,h04_su09,Gas Boiler,0.0
UserD,h04_su09,HP,0.0
UserD,h04_su09,AC,0.0
UserD,h04_su09,Storage HW,0.0
UserD,h04_su09,Radiators,0.0
UserD,h04_su09,Floor heating,0.0
UserD,h04_su09,Induction stove,0.0
UserD,h04_su09,Gas stove,0.0
UserD,h04_su09,Gas National Grid,0.0
UserD,h05_su09,PV sys,0.0
UserD,h05_su09,National Grid EE,0.0
UserD,h05_su09,Storage EE,0.7818053975495352
UserD,h05_su09,Gas Boiler,0.0
UserD,h05_su09,HP,0.0
UserD,h05_su09,AC,0.0
UserD,h05_su09,Storage HW,0.0
UserD,h05_su09,Radiators,0.0
UserD,h05_su09,Floor heating,0.0
UserD,h05_su09,Induction stove,0.0
UserD,h05_su09,Gas stove,0.0
UserD,h05_su09,Gas National Grid,0.0
UserD,h06_su09,PV sys,0.0
UserD,h06_su09,National Grid EE,0.0
UserD,h06_su09,Storage EE,0.6
UserD,h06_su09,Gas Boiler,0.0
UserD,h06_su09,HP,0.0
UserD,h06_su09,AC,0.0
UserD,h06_su09,Storage HW,0.0
UserD,h06_su09,Radiators,0.0
UserD,h06_su09,Floor heating,0.0
UserD,h06_su09,Induction stove,0.0
UserD,h06_su09,Gas stove,0.0
UserD,h06_su09,Gas National Grid,0.0
UserD,h07_su09,PV sys,0.0
UserD,h07_su09,National Grid EE,0.0
UserD,h07_su09,Storage EE,0.6
UserD,h07_su09,Gas Boiler,0.0
UserD,h07_su09,HP,0.0
UserD,h07_su09,AC,0.0
UserD,h07_su09,Storage HW,0.0
UserD,h07_su09,Radiators,0.0
UserD,h07_su09,Floor heating,0.0
UserD,h07_su09,Induction stove,0.0
UserD,h07_su09,Gas stove,0.0
UserD,h07_su09,Gas National Grid,0.0
UserD,h08_su09,PV sys,0.0
UserD,h08_su09,National Grid EE,0.0
UserD,h08_su09,Storage EE,1.4553220337744817
UserD,h08_su09,Gas Boiler,0.0
UserD,h08_su09,HP,0.0
UserD,h08_su09,AC,0.0
UserD,h08_su09,Storage HW,0.0
UserD,h08_su09,Radiators,0.0
UserD,h08_su09,Floor heating,0.0
UserD,h08_su09,Induction stove,0.0
UserD,h08_su09,Gas stove,0.0
UserD,h08_su09,Gas National Grid,0.0
UserD,h09_su09,PV sys,0.0
UserD,h09_su09,National Grid EE,0.0
UserD,h09_su09,Storage EE,2.56998032964495
UserD,h09_su09,Gas Boiler,0.0
UserD,h09_su09,HP,0.0
UserD,h09_su09,AC,0.0
UserD,h09_su09,Storage HW,0.0
UserD,h09_su09,Radiators,0.0
UserD,h09_su09,Floor heating,0.0
UserD,h09_su09,Induction stove,0.0
UserD,h09_su09,Gas stove,0.0
UserD,h09_su09,Gas National Grid,0.0
UserD,h10_su09,PV sys,0.0
UserD,h10_su09,National Grid EE,0.0
UserD,h10_su09,Storage EE,4.8008471102589505
UserD,h10_su09,Gas Boiler,0.0
UserD,h10_su09,HP,0.0
UserD,h10_su09,AC,0.0
UserD,h10_su09,Storage HW,0.0
UserD,h10_su09,Radiators,0.0
UserD,h10_su09,Floor heating,0.0
UserD,h10_su09,Induction stove,0.0
UserD,h10_su09,Gas stove,0.0
UserD,h10_su09,Gas National Grid,0.0
UserD,h11_su09,PV sys,0.0
UserD,h11_su09,National Grid EE,0.0
UserD,h11_su09,Storage EE,4.48888103786863
UserD,h11_su09,Gas Boiler,0.0
UserD,h11_su09,HP,0.0
UserD,h11_su09,AC,0.0
UserD,h11_su09,Storage HW,0.0
UserD,h11_su09,Radiators,0.0
UserD,h11_su09,Floor heating,0.0
UserD,h11_su09,Induction stove,0.0
UserD,h11_su09,Gas stove,0.0
UserD,h11_su09,Gas National Grid,0.0
UserD,h12_su09,PV sys,0.0
UserD,h12_su09,National Grid EE,0.0
UserD,h12_su09,Storage EE,5.7
UserD,h12_su09,Gas Boiler,0.0
UserD,h12_su09,HP,0.0
UserD,h12_su09,AC,0.0
UserD,h12_su09,Storage HW,0.0
UserD,h12_su09,Radiators,0.0
UserD,h12_su09,Floor heating,0.0
UserD,h12_su09,Induction stove,0.0
UserD,h12_su09,Gas stove,0.0
UserD,h12_su09,Gas National Grid,0.0
UserD,h13_su09,PV sys,0.0
UserD,h13_su09,National Grid EE,0.0
UserD,h13_su09,Storage EE,5.7
UserD,h13_su09,Gas Boiler,0.0
UserD,h13_su09,HP,0.0
UserD,h13_su09,AC,0.0
UserD,h13_su09,Storage HW,0.0
UserD,h13_su09,Radiators,0.0
UserD,h13_su09,Floor heating,0.0
UserD,h13_su09,Induction stove,0.0
UserD,h13_su09,Gas stove,0.0
UserD,h13_su09,Gas National Grid,0.0
UserD,h14_su09,PV sys,0.0
UserD,h14_su09,National Grid EE,0.0
UserD,h14_su09,Storage EE,5.077612530935836
UserD,h14_su09,Gas Boiler,0.0
UserD,h14_su09,HP,0.0
UserD,h14_su09,AC,0.0
UserD,h14_su09,Storage HW,0.0
UserD,h14_su09,Radiators,0.0
UserD,h14_su09,Floor heating,0.0
UserD,h14_su09,Induction stove,0.0
UserD,h14_su09,Gas stove,0.0
UserD,h14_su09,Gas National Grid,0.0
UserD,h15_su09,PV sys,0.0
UserD,h15_su09,National Grid EE,0.0
UserD,h15_su09,Storage EE,5.7
UserD,h15_su09,Gas Boiler,0.0
UserD,h15_su09,HP,0.0
UserD,h15_su09,AC,0.0
UserD,h15_su09,Storage HW,0.0
UserD,h15_su09,Radiators,0.0
UserD,h15_su09,Floor heating,0.0
UserD,h15_su09,Induction stove,0.0
UserD,h15_su09,Gas stove,0.0
UserD,h15_su09,Gas National Grid,0.0
UserD,h16_su09,PV sys,0.0
UserD,h16_su09,National Grid EE,0.0
UserD,h16_su09,Storage EE,5.7
UserD,h16_su09,Gas Boiler,0.0
UserD,h16_su09,HP,0.0
UserD,h16_su09,AC,0.0
UserD,h16_su09,Storage HW,0.0
UserD,h16_su09,Radiators,0.0
UserD,h16_su09,Floor heating,0.0
UserD,h16_su09,Induction stove,0.0
UserD,h16_su09,Gas stove,0.0
UserD,h16_su09,Gas National Grid,0.0
UserD,h17_su09,PV sys,0.0
UserD,h17_su09,National Grid EE,0.0
UserD,h17_su09,Storage EE,5.7
UserD,h17_su09,Gas Boiler,0.0
UserD,h17_su09,HP,0.0
UserD,h17_su09,AC,0.0
UserD,h17_su09,Storage HW,0.0
UserD,h17_su09,Radiators,0.0
UserD,h17_su09,Floor heating,0.0
UserD,h17_su09,Induction stove,0.0
UserD,h17_su09,Gas stove,0.0
UserD,h17_su09,Gas National Grid,0.0
UserD,h18_su09,PV sys,0.0
UserD,h18_su09,National Grid EE,0.0
UserD,h18_su09,Storage EE,5.6984
UserD,h18_su09,Gas Boiler,0.0
UserD,h18_su09,HP,0.0
UserD,h18_su09,AC,0.0
UserD,h18_su09,Storage HW,0.0
UserD,h18_su09,Radiators,0.0
UserD,h18_su09,Floor heating,0.0
UserD,h18_su09,Induction stove,0.0
UserD,h18_su09,Gas stove,0.0
UserD,h18_su09,Gas National Grid,0.0
UserD,h19_su09,PV sys,0.0
UserD,h19_su09,National Grid EE,0.0
UserD,h19_su09,Storage EE,5.7
UserD,h19_su09,Gas Boiler,0.0
UserD,h19_su09,HP,0.0
UserD,h19_su09,AC,0.0
UserD,h19_su09,Storage HW,0.0
UserD,h19_su09,Radiators,0.0
UserD,h19_su09,Floor heating,0.0
UserD,h19_su09,Induction stove,0.0
UserD,h19_su09,Gas stove,0.0
UserD,h19_su09,Gas National Grid,0.0
UserD,h20_su09,PV sys,0.0
UserD,h20_su09,National Grid EE,0.0
UserD,h20_su09,Storage EE,5.201156052475056
UserD,h20_su09,Gas Boiler,0.0
UserD,h20_su09,HP,0.0
UserD,h20_su09,AC,0.0
UserD,h20_su09,Storage HW,0.0
UserD,h20_su09,Radiators,0.0
UserD,h20_su09,Floor heating,0.0
UserD,h20_su09,Induction stove,0.0
UserD,h20_su09,Gas stove,0.0
UserD,h20_su09,Gas National Grid,0.0
UserD,h21_su09,PV sys,0.0
UserD,h21_su09,National Grid EE,0.0
UserD,h21_su09,Storage EE,4.3349636366804365
UserD,h21_su09,Gas Boiler,0.0
UserD,h21_su09,HP,0.0
UserD,h21_su09,AC,0.0
UserD,h21_su09,Storage HW,0.0
UserD,h21_su09,Radiators,0.0
UserD,h21_su09,Floor heating,0.0
UserD,h21_su09,Induction stove,0.0
UserD,h21_su09,Gas stove,0.0
UserD,h21_su09,Gas National Grid,0.0
UserD,h22_su09,PV sys,0.0
UserD,h22_su09,National Grid EE,0.0
UserD,h22_su09,Storage EE,3.1956181325653215
UserD,h22_su09,Gas Boiler,0.0
UserD,h22_su09,HP,0.0
UserD,h22_su09,AC,0.0
UserD,h22_su09,Storage HW,0.0
UserD,h22_su09,Radiators,0.0
UserD,h22_su09,Floor heating,0.0
UserD,h22_su09,Induction stove,0.0
UserD,h22_su09,Gas stove,0.0
UserD,h22_su09,Gas National Grid,0.0
UserD,h23_su09,PV sys,0.0
UserD,h23_su09,National Grid EE,0.0
UserD,h23_su09,Storage EE,1.0753838996159937
UserD,h23_su09,Gas Boiler,0.0
UserD,h23_su09,HP,0.0
UserD,h23_su09,AC,0.0
UserD,h23_su09,Storage HW,0.0
UserD,h23_su09,Radiators,0.0
UserD,h23_su09,Floor heating,0.0
UserD,h23_su09,Induction stove,0.0
UserD,h23_su09,Gas stove,0.0
UserD,h23_su09,Gas National Grid,0.0
UserD,h24_su09,PV sys,0.0
UserD,h24_su09,National Grid EE,0.0
UserD,h24_su09,Storage EE,0.6
UserD,h24_su09,Gas Boiler,0.0
UserD,h24_su09,HP,0.0
UserD,h24_su09,AC,0.0
UserD,h24_su09,Storage HW,0.0
UserD,h24_su09,Radiators,0.0
UserD,h24_su09,Floor heating,0.0
UserD,h24_su09,Induction stove,0.0
UserD,h24_su09,Gas stove,0.0
UserD,h24_su09,Gas National Grid,0.0
UserD,h01_su10,PV sys,0.0
UserD,h01_su10,National Grid EE,0.0
UserD,h01_su10,Storage EE,0.6
UserD,h01_su10,Gas Boiler,0.0
UserD,h01_su10,HP,0.0
UserD,h01_su10,AC,0.0
UserD,h01_su10,Storage HW,0.0
UserD,h01_su10,Radiators,0.0
UserD,h01_su10,Floor heating,0.0
UserD,h01_su10,Induction stove,0.0
UserD,h01_su10,Gas stove,0.0
UserD,h01_su10,Gas National Grid,0.0
UserD,h02_su10,PV sys,0.0
UserD,h02_su10,National Grid EE,0.0
UserD,h02_su10,Storage EE,0.6
UserD,h02_su10,Gas Boiler,0.0
UserD,h02_su10,HP,0.0
UserD,h02_su10,AC,0.0
UserD,h02_su10,Storage HW,0.0
UserD,h02_su10,Radiators,0.0
UserD,h02_su10,Floor heating,0.0
UserD,h02_su10,Induction stove,0.0
UserD,h02_su10,Gas stove,0.0
UserD,h02_su10,Gas National Grid,0.0
UserD,h03_su10,PV sys,0.0
UserD,h03_su10,National Grid EE,0.0
UserD,h03_su10,Storage EE,0.6
UserD,h03_su10,Gas Boiler,0.0
UserD,h03_su10,HP,0.0
UserD,h03_su10,AC,0.0
UserD,h03_su10,Storage HW,0.0
UserD,h03_su10,Radiators,0.0
UserD,h03_su10,Floor heating,0.0
UserD,h03_su10,Induction stove,0.0
UserD,h03_su10,Gas stove,0.0
UserD,h03_su10,Gas National Grid,0.0
UserD,h04_su10,PV sys,0.0
UserD,h04_su10,National Grid EE,0.0
UserD,h04_su10,Storage EE,0.6
UserD,h04_su10,Gas Boiler,0.0
UserD,h04_su10,HP,0.0
UserD,h04_su10,AC,0.0
UserD,h04_su10,Storage HW,0.0
UserD,h04_su10,Radiators,0.0
UserD,h04_su10,Floor heating,0.0
UserD,h04_su10,Induction stove,0.0
UserD,h04_su10,Gas stove,0.0
UserD,h04_su10,Gas National Grid,0.0
UserD,h05_su10,PV sys,0.0
UserD,h05_su10,National Grid EE,0.0
UserD,h05_su10,Storage EE,0.6106000000000001
UserD,h05_su10,Gas Boiler,0.0
UserD,h05_su10,HP,0.0
UserD,h05_su10,AC,0.0
UserD,h05_su10,Storage HW,0.0
UserD,h05_su10,Radiators,0.0
UserD,h05_su10,Floor heating,0.0
UserD,h05_su10,Induction stove,0.0
UserD,h05_su10,Gas stove,0.0
UserD,h05_su10,Gas National Grid,0.0
UserD,h06_su10,PV sys,0.0
UserD,h06_su10,National Grid EE,0.0
UserD,h06_su10,Storage EE,0.8290500000000002
UserD,h06_su10,Gas Boiler,0.0
UserD,h06_su10,HP,0.0
UserD,h06_su10,AC,0.0
UserD,h06_su10,Storage HW,0.0
UserD,h06_su10,Radiators,0.0
UserD,h06_su10,Floor heating,0.0
UserD,h06_su10,Induction stove,0.0
UserD,h06_su10,Gas stove,0.0
UserD,h06_su10,Gas National Grid,0.0
UserD,h07_su10,PV sys,0.0
UserD,h07_su10,National Grid EE,0.0
UserD,h07_su10,Storage EE,0.8544041204216002
UserD,h07_su10,Gas Boiler,0.0
UserD,h07_su10,HP,0.0
UserD,h07_su10,AC,0.0
UserD,h07_su10,Storage HW,0.0
UserD,h07_su10,Radiators,0.0
UserD,h07_su10,Floor heating,0.0
UserD,h07_su10,Induction stove,0.0
UserD,h07_su10,Gas stove,0.0
UserD,h07_su10,Gas National Grid,0.0
UserD,h08_su10,PV sys,0.0
UserD,h08_su10,National Grid EE,0.0
UserD,h08_su10,Storage EE,0.6
UserD,h08_su10,Gas Boiler,0.0
UserD,h08_su10,HP,0.0
UserD,h08_su10,AC,0.0
UserD,h08_su10,Storage HW,0.0
UserD,h08_su10,Radiators,0.0
UserD,h08_su10,Floor heating,0.0
UserD,h08_su10,Induction stove,0.0
UserD,h08_su10,Gas stove,0.0
UserD,h08_su10,Gas National Grid,0.0
UserD,h09_su10,PV sys,0.0
UserD,h09_su10,National Grid EE,0.0
UserD,h09_su10,Storage EE,0.8424514775773502
UserD,h09_su10,Gas Boiler,0.0
UserD,h09_su10,HP,0.0
UserD,h09_su10,AC,0.0
UserD,h09_su10,Storage HW,0.0
UserD,h09_su10,Radiators,0.0
UserD,h09_su10,Floor heating,0.0
UserD,h09_su10,Induction stove,0.0
UserD,h09_su10,Gas stove,0.0
UserD,h09_su10,Gas National Grid,0.0
UserD,h10_su10,PV sys,0.0
UserD,h10_su10,National Grid EE,0.0
UserD,h10_su10,Storage EE,0.9823869352542265
UserD,h10_su10,Gas Boiler,0.0
UserD,h10_su10,HP,0.0
UserD,h10_su10,AC,0.0
UserD,h10_su10,Storage HW,0.0
UserD,h10_su10,Radiators,0.0
UserD,h10_su10,Floor heating,0.0
UserD,h10_su10,Induction stove,0.0
UserD,h10_su10,Gas stove,0.0
UserD,h10_su10,Gas National Grid,0.0
UserD,h11_su10,PV sys,0.0
UserD,h11_su10,National Grid EE,0.0
UserD,h11_su10,Storage EE,2.755961412863906
UserD,h11_su10,Gas Boiler,0.0
UserD,h11_su10,HP,0.0
UserD,h11_su10,AC,0.0
UserD,h11_su10,Storage HW,0.0
UserD,h11_su10,Radiators,0.0
UserD,h11_su10,Floor heating,0.0
UserD,h11_su10,Induction stove,0.0
UserD,h11_su10,Gas stove,0.0
UserD,h11_su10,Gas National Grid,0.0
UserD,h12_su10,PV sys,0.0
UserD,h12_su10,National Grid EE,0.0
UserD,h12_su10,Storage EE,2.713454657140254
UserD,h12_su10,Gas Boiler,0.0
UserD,h12_su10,HP,0.0
UserD,h12_su10,AC,0.0
UserD,h12_su10,Storage HW,0.0
UserD,h12_su10,Radiators,0.0
UserD,h12_su10,Floor heating,0.0
UserD,h12_su10,Induction stove,0.0
UserD,h12_su10,Gas stove,0.0
UserD,h12_su10,Gas National Grid,0.0
UserD,h13_su10,PV sys,0.0
UserD,h13_su10,National Grid EE,0.0
UserD,h13_su10,Storage EE,2.7615922880760904
UserD,h13_su10,Gas Boiler,0.0
UserD,h13_su10,HP,0.0
UserD,h13_su10,AC,0.0
UserD,h13_su10,Storage HW,0.0
UserD,h13_su10,Radiators,0.0
UserD,h13_su10,Floor heating,0.0
UserD,h13_su10,Induction stove,0.0
UserD,h13_su10,Gas stove,0.0
UserD,h13_su10,Gas National Grid,0.0
UserD,h14_su10,PV sys,0.0
UserD,h14_su10,National Grid EE,0.0
UserD,h14_su10,Storage EE,3.7506131523452577
UserD,h14_su10,Gas Boiler,0.0
UserD,h14_su10,HP,0.0
UserD,h14_su10,AC,0.0
UserD,h14_su10,Storage HW,0.0
UserD,h14_su10,Radiators,0.0
UserD,h14_su10,Floor heating,0.0
UserD,h14_su10,Induction stove,0.0
UserD,h14_su10,Gas stove,0.0
UserD,h14_su10,Gas National Grid,0.0
UserD,h15_su10,PV sys,0.0
UserD,h15_su10,National Grid EE,0.0
UserD,h15_su10,Storage EE,4.6174114332810925
UserD,h15_su10,Gas Boiler,0.0
UserD,h15_su10,HP,0.0
UserD,h15_su10,AC,0.0
UserD,h15_su10,Storage HW,0.0
UserD,h15_su10,Radiators,0.0
UserD,h15_su10,Floor heating,0.0
UserD,h15_su10,Induction stove,0.0
UserD,h15_su10,Gas stove,0.0
UserD,h15_su10,Gas National Grid,0.0
UserD,h16_su10,PV sys,0.0
UserD,h16_su10,National Grid EE,0.0
UserD,h16_su10,Storage EE,5.2617223108907725
UserD,h16_su10,Gas Boiler,0.0
UserD,h16_su10,HP,0.0
UserD,h16_su10,AC,0.0
UserD,h16_su10,Storage HW,0.0
UserD,h16_su10,Radiators,0.0
UserD,h16_su10,Floor heating,0.0
UserD,h16_su10,Induction stove,0.0
UserD,h16_su10,Gas stove,0.0
UserD,h16_su10,Gas National Grid,0.0
UserD,h17_su10,PV sys,0.0
UserD,h17_su10,National Grid EE,0.0
UserD,h17_su10,Storage EE,5.7
UserD,h17_su10,Gas Boiler,0.0
UserD,h17_su10,HP,0.0
UserD,h17_su10,AC,0.0
UserD,h17_su10,Storage HW,0.0
UserD,h17_su10,Radiators,0.0
UserD,h17_su10,Floor heating,0.0
UserD,h17_su10,Induction stove,0.0
UserD,h17_su10,Gas stove,0.0
UserD,h17_su10,Gas National Grid,0.0
UserD,h18_su10,PV sys,0.0
UserD,h18_su10,National Grid EE,0.0
UserD,h18_su10,Storage EE,5.629290188538492
UserD,h18_su10,Gas Boiler,0.0
UserD,h18_su10,HP,0.0
UserD,h18_su10,AC,0.0
UserD,h18_su10,Storage HW,0.0
UserD,h18_su10,Radiators,0.0
UserD,h18_su10,Floor heating,0.0
UserD,h18_su10,Induction stove,0.0
UserD,h18_su10,Gas stove,0.0
UserD,h18_su10,Gas National Grid,0.0
UserD,h19_su10,PV sys,0.0
UserD,h19_su10,National Grid EE,0.0
UserD,h19_su10,Storage EE,5.029434374017636
UserD,h19_su10,Gas Boiler,0.0
UserD,h19_su10,HP,0.0
UserD,h19_su10,AC,0.0
UserD,h19_su10,Storage HW,0.0
UserD,h19_su10,Radiators,0.0
UserD,h19_su10,Floor heating,0.0
UserD,h19_su10,Induction stove,0.0
UserD,h19_su10,Gas stove,0.0
UserD,h19_su10,Gas National Grid,0.0
UserD,h20_su10,PV sys,0.0
UserD,h20_su10,National Grid EE,0.0
UserD,h20_su10,Storage EE,3.853985793791389
UserD,h20_su10,Gas Boiler,0.0
UserD,h20_su10,HP,0.0
UserD,h20_su10,AC,0.0
UserD,h20_su10,Storage HW,0.0
UserD,h20_su10,Radiators,0.0
UserD,h20_su10,Floor heating,0.0
UserD,h20_su10,Induction stove,0.0
UserD,h20_su10,Gas stove,0.0
UserD,h20_su10,Gas National Grid,0.0
UserD,h21_su10,PV sys,0.0
UserD,h21_su10,National Grid EE,0.0
UserD,h21_su10,Storage EE,2.560589448820828
UserD,h21_su10,Gas Boiler,0.0
UserD,h21_su10,HP,0.0
UserD,h21_su10,AC,0.0
UserD,h21_su10,Storage HW,0.0
UserD,h21_su10,Radiators,0.0
UserD,h21_su10,Floor heating,0.0
UserD,h21_su10,Induction stove,0.0
UserD,h21_su10,Gas stove,0.0
UserD,h21_su10,Gas National Grid,0.0
UserD,h22_su10,PV sys,0.0
UserD,h22_su10,National Grid EE,0.0
UserD,h22_su10,Storage EE,1.6113511113723749
UserD,h22_su10,Gas Boiler,0.0
UserD,h22_su10,HP,0.0
UserD,h22_su10,AC,0.0
UserD,h22_su10,Storage HW,0.0
UserD,h22_su10,Radiators,0.0
UserD,h22_su10,Floor heating,0.0
UserD,h22_su10,Induction stove,0.0
UserD,h22_su10,Gas stove,0.0
UserD,h22_su10,Gas National Grid,0.0
UserD,h23_su10,PV sys,0.0
UserD,h23_su10,National Grid EE,0.0
UserD,h23_su10,Storage EE,0.7956205784230488
UserD,h23_su10,Gas Boiler,0.0
UserD,h23_su10,HP,0.0
UserD,h23_su10,AC,0.0
UserD,h23_su10,Storage HW,0.0
UserD,h23_su10,Radiators,0.0
UserD,h23_su10,Floor heating,0.0
UserD,h23_su10,Induction stove,0.0
UserD,h23_su10,Gas stove,0.0
UserD,h23_su10,Gas National Grid,0.0
UserD,h24_su10,PV sys,0.0
UserD,h24_su10,National Grid EE,0.0
UserD,h24_su10,Storage EE,0.6
UserD,h24_su10,Gas Boiler,0.0
UserD,h24_su10,HP,0.0
UserD,h24_su10,AC,0.0
UserD,h24_su10,Storage HW,0.0
UserD,h24_su10,Radiators,0.0
UserD,h24_su10,Floor heating,0.0
UserD,h24_su10,Induction stove,0.0
UserD,h24_su10,Gas stove,0.0
UserD,h24_su10,Gas National Grid,0.0
UserD,h01_su11,PV sys,0.0
UserD,h01_su11,National Grid EE,0.0
UserD,h01_su11,Storage EE,0.6
UserD,h01_su11,Gas Boiler,0.0
UserD,h01_su11,HP,0.0
UserD,h01_su11,AC,0.0
UserD,h01_su11,Storage HW,0.0
UserD,h01_su11,Radiators,0.0
UserD,h01_su11,Floor heating,0.0
UserD,h01_su11,Induction stove,0.0
UserD,h01_su11,Gas stove,0.0
UserD,h01_su11,Gas National Grid,0.0
UserD,h02_su11,PV sys,0.0
UserD,h02_su11,National Grid EE,0.0
UserD,h02_su11,Storage EE,0.6
UserD,h02_su11,Gas Boiler,0.0
UserD,h02_su11,HP,0.0
UserD,h02_su11,AC,0.0
UserD,h02_su11,Storage HW,0.0
UserD,h02_su11,Radiators,0.0
UserD,h02_su11,Floor heating,0.0
UserD,h02_su11,Induction stove,0.0
UserD,h02_su11,Gas stove,0.0
UserD,h02_su11,Gas National Grid,0.0
UserD,h03_su11,PV sys,0.0
UserD,h03_su11,National Grid EE,0.0
UserD,h03_su11,Storage EE,0.6
UserD,h03_su11,Gas Boiler,0.0
UserD,h03_su11,HP,0.0
UserD,h03_su11,AC,0.0
UserD,h03_su11,Storage HW,0.0
UserD,h03_su11,Radiators,0.0
UserD,h03_su11,Floor heating,0.0
UserD,h03_su11,Induction stove,0.0
UserD,h03_su11,Gas stove,0.0
UserD,h03_su11,Gas National Grid,0.0
UserD,h04_su11,PV sys,0.0
UserD,h04_su11,National Grid EE,0.0
UserD,h04_su11,Storage EE,0.6
UserD,h04_su11,Gas Boiler,0.0
UserD,h04_su11,HP,0.0
UserD,h04_su11,AC,0.0
UserD,h04_su11,Storage HW,0.0
UserD,h04_su11,Radiators,0.0
UserD,h04_su11,Floor heating,0.0
UserD,h04_su11,Induction stove,0.0
UserD,h04_su11,Gas stove,0.0
UserD,h04_su11,Gas National Grid,0.0
UserD,h05_su11,PV sys,0.0
UserD,h05_su11,National Grid EE,0.0
UserD,h05_su11,Storage EE,0.6
UserD,h05_su11,Gas Boiler,0.0
UserD,h05_su11,HP,0.0
UserD,h05_su11,AC,0.0
UserD,h05_su11,Storage HW,0.0
UserD,h05_su11,Radiators,0.0
UserD,h05_su11,Floor heating,0.0
UserD,h05_su11,Induction stove,0.0
UserD,h05_su11,Gas stove,0.0
UserD,h05_su11,Gas National Grid,0.0
UserD,h06_su11,PV sys,0.0
UserD,h06_su11,National Grid EE,0.0
UserD,h06_su11,Storage EE,0.6
UserD,h06_su11,Gas Boiler,0.0
UserD,h06_su11,HP,0.0
UserD,h06_su11,AC,0.0
UserD,h06_su11,Storage HW,0.0
UserD,h06_su11,Radiators,0.0
UserD,h06_su11,Floor heating,0.0
UserD,h06_su11,Induction stove,0.0
UserD,h06_su11,Gas stove,0.0
UserD,h06_su11,Gas National Grid,0.0
UserD,h07_su11,PV sys,0.0
UserD,h07_su11,National Grid EE,0.0
UserD,h07_su11,Storage EE,0.6
UserD,h07_su11,Gas Boiler,0.0
UserD,h07_su11,HP,0.0
UserD,h07_su11,AC,0.0
UserD,h07_su11,Storage HW,0.0
UserD,h07_su11,Radiators,0.0
UserD,h07_su11,Floor heating,0.0
UserD,h07_su11,Induction stove,0.0
UserD,h07_su11,Gas stove,0.0
UserD,h07_su11,Gas National Grid,0.0
UserD,h08_su11,PV sys,0.0
UserD,h08_su11,National Grid EE,0.0
UserD,h08_su11,Storage EE,1.0760936141486037
UserD,h08_su11,Gas Boiler,0.0
UserD,h08_su11,HP,0.0
UserD,h08_su11,AC,0.0
UserD,h08_su11,Storage HW,0.0
UserD,h08_su11,Radiators,0.0
UserD,h08_su11,Floor heating,0.0
UserD,h08_su11,Induction stove,0.0
UserD,h08_su11,Gas stove,0.0
UserD,h08_su11,Gas National Grid,0.0
UserD,h09_su11,PV sys,0.0
UserD,h09_su11,National Grid EE,0.0
UserD,h09_su11,Storage EE,0.6
UserD,h09_su11,Gas Boiler,0.0
UserD,h09_su11,HP,0.0
UserD,h09_su11,AC,0.0
UserD,h09_su11,Storage HW,0.0
UserD,h09_su11,Radiators,0.0
UserD,h09_su11,Floor heating,0.0
UserD,h09_su11,Induction stove,0.0
UserD,h09_su11,Gas stove,0.0
UserD,h09_su11,Gas National Grid,0.0
UserD,h10_su11,PV sys,0.0
UserD,h10_su11,National Grid EE,0.0
UserD,h10_su11,Storage EE,0.6
UserD,h10_su11,Gas Boiler,0.0
UserD,h10_su11,HP,0.0
UserD,h10_su11,AC,0.0
UserD,h10_su11,Storage HW,0.0
UserD,h10_su11,Radiators,0.0
UserD,h10_su11,Floor heating,0.0
UserD,h10_su11,Induction stove,0.0
UserD,h10_su11,Gas stove,0.0
UserD,h10_su11,Gas National Grid,0.0
UserD,h11_su11,PV sys,0.0
UserD,h11_su11,National Grid EE,0.0
UserD,h11_su11,Storage EE,0.7045167109430128
UserD,h11_su11,Gas Boiler,0.0
UserD,h11_su11,HP,0.0
UserD,h11_su11,AC,0.0
UserD,h11_su11,Storage HW,0.0
UserD,h11_su11,Radiators,0.0
UserD,h11_su11,Floor heating,0.0
UserD,h11_su11,Induction stove,0.0
UserD,h11_su11,Gas stove,0.0
UserD,h11_su11,Gas National Grid,0.0
UserD,h12_su11,PV sys,0.0
UserD,h12_su11,National Grid EE,0.0
UserD,h12_su11,Storage EE,2.786240654794996
UserD,h12_su11,Gas Boiler,0.0
UserD,h12_su11,HP,0.0
UserD,h12_su11,AC,0.0
UserD,h12_su11,Storage HW,0.0
UserD,h12_su11,Radiators,0.0
UserD,h12_su11,Floor heating,0.0
UserD,h12_su11,Induction stove,0.0
UserD,h12_su11,Gas stove,0.0
UserD,h12_su11,Gas National Grid,0.0
UserD,h13_su11,PV sys,0.0
UserD,h13_su11,National Grid EE,0.0
UserD,h13_su11,Storage EE,2.86072058573083
UserD,h13_su11,Gas Boiler,0.0
UserD,h13_su11,HP,0.0
UserD,h13_su11,AC,0.0
UserD,h13_su11,Storage HW,0.0
UserD,h13_su11,Radiators,0.0
UserD,h13_su11,Floor heating,0.0
UserD,h13_su11,Induction stove,0.0
UserD,h13_su11,Gas stove,0.0
UserD,h13_su11,Gas National Grid,0.0
UserD,h14_su11,PV sys,0.0
UserD,h14_su11,National Grid EE,0.0
UserD,h14_su11,Storage EE,5.7
UserD,h14_su11,Gas Boiler,0.0
UserD,h14_su11,HP,0.0
UserD,h14_su11,AC,0.0
UserD,h14_su11,Storage HW,0.0
UserD,h14_su11,Radiators,0.0
UserD,h14_su11,Floor heating,0.0
UserD,h14_su11,Induction stove,0.0
UserD,h14_su11,Gas stove,0.0
UserD,h14_su11,Gas National Grid,0.0
UserD,h15_su11,PV sys,0.0
UserD,h15_su11,National Grid EE,0.0
UserD,h15_su11,Storage EE,5.7
UserD,h15_su11,Gas Boiler,0.0
UserD,h15_su11,HP,0.0
UserD,h15_su11,AC,0.0
UserD,h15_su11,Storage HW,0.0
UserD,h15_su11,Radiators,0.0
UserD,h15_su11,Floor heating,0.0
UserD,h15_su11,Induction stove,0.0
UserD,h15_su11,Gas stove,0.0
UserD,h15_su11,Gas National Grid,0.0
UserD,h16_su11,PV sys,0.0
UserD,h16_su11,National Grid EE,0.0
UserD,h16_su11,Storage EE,4.7292639442241065
UserD,h16_su11,Gas Boiler,0.0
UserD,h16_su11,HP,0.0
UserD,h16_su11,AC,0.0
UserD,h16_su11,Storage HW,0.0
UserD,h16_su11,Radiators,0.0
UserD,h16_su11,Floor heating,0.0
UserD,h16_su11,Induction stove,0.0
UserD,h16_su11,Gas stove,0.0
UserD,h16_su11,Gas National Grid,0.0
UserD,h17_su11,PV sys,0.0
UserD,h17_su11,National Grid EE,0.0
UserD,h17_su11,Storage EE,5.7
UserD,h17_su11,Gas Boiler,0.0
UserD,h17_su11,HP,0.0
UserD,h17_su11,AC,0.0
UserD,h17_su11,Storage HW,0.0
UserD,h17_su11,Radiators,0.0
UserD,h17_su11,Floor heating,0.0
UserD,h17_su11,Induction stove,0.0
UserD,h17_su11,Gas stove,0.0
UserD,h17_su11,Gas National Grid,0.0
UserD,h18_su11,PV sys,0.0
UserD,h18_su11,National Grid EE,0.0
UserD,h18_su11,Storage EE,5.7
UserD,h18_su11,Gas Boiler,0.0
UserD,h18_su11,HP,0.0
UserD,h18_su11,AC,0.0
UserD,h18_su11,Storage HW,0.0
UserD,h18_su11,Radiators,0.0
UserD,h18_su11,Floor heating,0.0
UserD,h18_su11,Induction stove,0.0
UserD,h18_su11,Gas stove,0.0
UserD,h18_su11,Gas National Grid,0.0
UserD,h19_su11,PV sys,0.0
UserD,h19_su11,National Grid EE,0.0
UserD,h19_su11,Storage EE,4.395503419670393
UserD,h19_su11,Gas Boiler,0.0
UserD,h19_su11,HP,0.0
UserD,h19_su11,AC,0.0
UserD,h19_su11,Storage HW,0.0
UserD,h19_su11,Radiators,0.0
UserD,h19_su11,Floor heating,0.0
UserD,h19_su11,Induction stove,0.0
UserD,h19_su11,Gas stove,0.0
UserD,h19_su11,Gas National Grid,0.0
UserD,h20_su11,PV sys,0.0
UserD,h20_su11,National Grid EE,0.0
UserD,h20_su11,Storage EE,3.0899280116760712
UserD,h20_su11,Gas Boiler,0.0
UserD,h20_su11,HP,0.0
UserD,h20_su11,AC,0.0
UserD,h20_su11,Storage HW,0.0
UserD,h20_su11,Radiators,0.0
UserD,h20_su11,Floor heating,0.0
UserD,h20_su11,Induction stove,0.0
UserD,h20_su11,Gas stove,0.0
UserD,h20_su11,Gas National Grid,0.0
UserD,h21_su11,PV sys,0.0
UserD,h21_su11,National Grid EE,0.0
UserD,h21_su11,Storage EE,3.0899280116760712
UserD,h21_su11,Gas Boiler,0.0
UserD,h21_su11,HP,0.0
UserD,h21_su11,AC,0.0
UserD,h21_su11,Storage HW,0.0
UserD,h21_su11,Radiators,0.0
UserD,h21_su11,Floor heating,0.0
UserD,h21_su11,Induction stove,0.0
UserD,h21_su11,Gas stove,0.0
UserD,h21_su11,Gas National Grid,0.0
UserD,h22_su11,PV sys,0.0
UserD,h22_su11,National Grid EE,0.0
UserD,h22_su11,Storage EE,3.0899280116760712
UserD,h22_su11,Gas Boiler,0.0
UserD,h22_su11,HP,0.0
UserD,h22_su11,AC,0.0
UserD,h22_su11,Storage HW,0.0
UserD,h22_su11,Radiators,0.0
UserD,h22_su11,Floor heating,0.0
UserD,h22_su11,Induction stove,0.0
UserD,h22_su11,Gas stove,0.0
UserD,h22_su11,Gas National Grid,0.0
UserD,h23_su11,PV sys,0.0
UserD,h23_su11,National Grid EE,0.0
UserD,h23_su11,Storage EE,3.0899280116760712
UserD,h23_su11,Gas Boiler,0.0
UserD,h23_su11,HP,0.0
UserD,h23_su11,AC,0.0
UserD,h23_su11,Storage HW,0.0
UserD,h23_su11,Radiators,0.0
UserD,h23_su11,Floor heating,0.0
UserD,h23_su11,Induction stove,0.0
UserD,h23_su11,Gas stove,0.0
UserD,h23_su11,Gas National Grid,0.0
UserD,h24_su11,PV sys,0.0
UserD,h24_su11,National Grid EE,0.0
UserD,h24_su11,Storage EE,3.0899280116760712
UserD,h24_su11,Gas Boiler,0.0
UserD,h24_su11,HP,0.0
UserD,h24_su11,AC,0.0
UserD,h24_su11,Storage HW,0.0
UserD,h24_su11,Radiators,0.0
UserD,h24_su11,Floor heating,0.0
UserD,h24_su11,Induction stove,0.0
UserD,h24_su11,Gas stove,0.0
UserD,h24_su11,Gas National Grid,0.0
UserD,h01_su12,PV sys,0.0
UserD,h01_su12,National Grid EE,0.0
UserD,h01_su12,Storage EE,3.0899280116760712
UserD,h01_su12,Gas Boiler,0.0
UserD,h01_su12,HP,0.0
UserD,h01_su12,AC,0.0
UserD,h01_su12,Storage HW,0.0
UserD,h01_su12,Radiators,0.0
UserD,h01_su12,Floor heating,0.0
UserD,h01_su12,Induction stove,0.0
UserD,h01_su12,Gas stove,0.0
UserD,h01_su12,Gas National Grid,0.0
UserD,h02_su12,PV sys,0.0
UserD,h02_su12,National Grid EE,0.0
UserD,h02_su12,Storage EE,3.0899280116760712
UserD,h02_su12,Gas Boiler,0.0
UserD,h02_su12,HP,0.0
UserD,h02_su12,AC,0.0
UserD,h02_su12,Storage HW,0.0
UserD,h02_su12,Radiators,0.0
UserD,h02_su12,Floor heating,0.0
UserD,h02_su12,Induction stove,0.0
UserD,h02_su12,Gas stove,0.0
UserD,h02_su12,Gas National Grid,0.0
UserD,h03_su12,PV sys,0.0
UserD,h03_su12,National Grid EE,0.0
UserD,h03_su12,Storage EE,3.0899280116760712
UserD,h03_su12,Gas Boiler,0.0
UserD,h03_su12,HP,0.0
UserD,h03_su12,AC,0.0
UserD,h03_su12,Storage HW,0.0
UserD,h03_su12,Radiators,0.0
UserD,h03_su12,Floor heating,0.0
UserD,h03_su12,Induction stove,0.0
UserD,h03_su12,Gas stove,0.0
UserD,h03_su12,Gas National Grid,0.0
UserD,h04_su12,PV sys,0.0
UserD,h04_su12,National Grid EE,0.0
UserD,h04_su12,Storage EE,3.0899280116760712
UserD,h04_su12,Gas Boiler,0.0
UserD,h04_su12,HP,0.0
UserD,h04_su12,AC,0.0
UserD,h04_su12,Storage HW,0.0
UserD,h04_su12,Radiators,0.0
UserD,h04_su12,Floor heating,0.0
UserD,h04_su12,Induction stove,0.0
UserD,h04_su12,Gas stove,0.0
UserD,h04_su12,Gas National Grid,0.0
UserD,h05_su12,PV sys,0.0
UserD,h05_su12,National Grid EE,0.0
UserD,h05_su12,Storage EE,3.0899280116760712
UserD,h05_su12,Gas Boiler,0.0
UserD,h05_su12,HP,0.0
UserD,h05_su12,AC,0.0
UserD,h05_su12,Storage HW,0.0
UserD,h05_su12,Radiators,0.0
UserD,h05_su12,Floor heating,0.0
UserD,h05_su12,Induction stove,0.0
UserD,h05_su12,Gas stove,0.0
UserD,h05_su12,Gas National Grid,0.0
UserD,h06_su12,PV sys,0.0
UserD,h06_su12,National Grid EE,0.0
UserD,h06_su12,Storage EE,3.0899280116760712
UserD,h06_su12,Gas Boiler,0.0
UserD,h06_su12,HP,0.0
UserD,h06_su12,AC,0.0
UserD,h06_su12,Storage HW,0.0
UserD,h06_su12,Radiators,0.0
UserD,h06_su12,Floor heating,0.0
UserD,h06_su12,Induction stove,0.0
UserD,h06_su12,Gas stove,0.0
UserD,h06_su12,Gas National Grid,0.0
UserD,h07_su12,PV sys,0.0
UserD,h07_su12,National Grid EE,0.0
UserD,h07_su12,Storage EE,3.150928011676071
UserD,h07_su12,Gas Boiler,0.0
UserD,h07_su12,HP,0.0
UserD,h07_su12,AC,0.0
UserD,h07_su12,Storage HW,0.0
UserD,h07_su12,Radiators,0.0
UserD,h07_su12,Floor heating,0.0
UserD,h07_su12,Induction stove,0.0
UserD,h07_su12,Gas stove,0.0
UserD,h07_su12,Gas National Grid,0.0
UserD,h08_su12,PV sys,0.0
UserD,h08_su12,National Grid EE,0.0
UserD,h08_su12,Storage EE,3.2742780116760715
UserD,h08_su12,Gas Boiler,0.0
UserD,h08_su12,HP,0.0
UserD,h08_su12,AC,0.0
UserD,h08_su12,Storage HW,0.0
UserD,h08_su12,Radiators,0.0
UserD,h08_su12,Floor heating,0.0
UserD,h08_su12,Induction stove,0.0
UserD,h08_su12,Gas stove,0.0
UserD,h08_su12,Gas National Grid,0.0
UserD,h09_su12,PV sys,0.0
UserD,h09_su12,National Grid EE,0.0
UserD,h09_su12,Storage EE,3.506978011676071
UserD,h09_su12,Gas Boiler,0.0
UserD,h09_su12,HP,0.0
UserD,h09_su12,AC,0.0
UserD,h09_su12,Storage HW,0.0
UserD,h09_su12,Radiators,0.0
UserD,h09_su12,Floor heating,0.0
UserD,h09_su12,Induction stove,0.0
UserD,h09_su12,Gas stove,0.0
UserD,h09_su12,Gas National Grid,0.0
UserD,h10_su12,PV sys,0.0
UserD,h10_su12,National Grid EE,0.0
UserD,h10_su12,Storage EE,4.018878011676072
UserD,h10_su12,Gas Boiler,0.0
UserD,h10_su12,HP,0.0
UserD,h10_su12,AC,0.0
UserD,h10_su12,Storage HW,0.0
UserD,h10_su12,Radiators,0.0
UserD,h10_su12,Floor heating,0.0
UserD,h10_su12,Induction stove,0.0
UserD,h10_su12,Gas stove,0.0
UserD,h10_su12,Gas National Grid,0.0
UserD,h11_su12,PV sys,0.0
UserD,h11_su12,National Grid EE,0.0
UserD,h11_su12,Storage EE,4.371178011676071
UserD,h11_su12,Gas Boiler,0.0
UserD,h11_su12,HP,0.0
UserD,h11_su12,AC,0.0
UserD,h11_su12,Storage HW,0.0
UserD,h11_su12,Radiators,0.0
UserD,h11_su12,Floor heating,0.0
UserD,h11_su12,Induction stove,0.0
UserD,h11_su12,Gas stove,0.0
UserD,h11_su12,Gas National Grid,0.0
UserD,h12_su12,PV sys,0.0
UserD,h12_su12,National Grid EE,0.0
UserD,h12_su12,Storage EE,4.659528011676072
UserD,h12_su12,Gas Boiler,0.0
UserD,h12_su12,HP,0.0
UserD,h12_su12,AC,0.0
UserD,h12_su12,Storage HW,0.0
UserD,h12_su12,Radiators,0.0
UserD,h12_su12,Floor heating,0.0
UserD,h12_su12,Induction stove,0.0
UserD,h12_su12,Gas stove,0.0
UserD,h12_su12,Gas National Grid,0.0
UserD,h13_su12,PV sys,0.0
UserD,h13_su12,National Grid EE,0.0
UserD,h13_su12,Storage EE,5.093078011676071
UserD,h13_su12,Gas Boiler,0.0
UserD,h13_su12,HP,0.0
UserD,h13_su12,AC,0.0
UserD,h13_su12,Storage HW,0.0
UserD,h13_su12,Radiators,0.0
UserD,h13_su12,Floor heating,0.0
UserD,h13_su12,Induction stove,0.0
UserD,h13_su12,Gas stove,0.0
UserD,h13_su12,Gas National Grid,0.0
UserD,h14_su12,PV sys,0.0
UserD,h14_su12,National Grid EE,0.0
UserD,h14_su12,Storage EE,5.475278011676071
UserD,h14_su12,Gas Boiler,0.0
UserD,h14_su12,HP,0.0
UserD,h14_su12,AC,0.0
UserD,h14_su12,Storage HW,0.0
UserD,h14_su12,Radiators,0.0
UserD,h14_su12,Floor heating,0.0
UserD,h14_su12,Induction stove,0.0
UserD,h14_su12,Gas stove,0.0
UserD,h14_su12,Gas National Grid,0.0
UserD,h15_su12,PV sys,0.0
UserD,h15_su12,National Grid EE,0.0
UserD,h15_su12,Storage EE,5.7
UserD,h15_su12,Gas Boiler,0.0
UserD,h15_su12,HP,0.0
UserD,h15_su12,AC,0.0
UserD,h15_su12,Storage HW,0.0
UserD,h15_su12,Radiators,0.0
UserD,h15_su12,Floor heating,0.0
UserD,h15_su12,Induction stove,0.0
UserD,h15_su12,Gas stove,0.0
UserD,h15_su12,Gas National Grid,0.0
UserD,h16_su12,PV sys,0.0
UserD,h16_su12,National Grid EE,0.0
UserD,h16_su12,Storage EE,5.7
UserD,h16_su12,Gas Boiler,0.0
UserD,h16_su12,HP,0.0
UserD,h16_su12,AC,0.0
UserD,h16_su12,Storage HW,0.0
UserD,h16_su12,Radiators,0.0
UserD,h16_su12,Floor heating,0.0
UserD,h16_su12,Induction stove,0.0
UserD,h16_su12,Gas stove,0.0
UserD,h16_su12,Gas National Grid,0.0
UserD,h17_su12,PV sys,0.0
UserD,h17_su12,National Grid EE,0.0
UserD,h17_su12,Storage EE,5.7
UserD,h17_su12,Gas Boiler,0.0
UserD,h17_su12,HP,0.0
UserD,h17_su12,AC,0.0
UserD,h17_su12,Storage HW,0.0
UserD,h17_su12,Radiators,0.0
UserD,h17_su12,Floor heating,0.0
UserD,h17_su12,Induction stove,0.0
UserD,h17_su12,Gas stove,0.0
UserD,h17_su12,Gas National Grid,0.0
UserD,h18_su12,PV sys,0.0
UserD,h18_su12,National Grid EE,0.0
UserD,h18_su12,Storage EE,5.7
UserD,h18_su12,Gas Boiler,0.0
UserD,h18_su12,HP,0.0
UserD,h18_su12,AC,0.0
UserD,h18_su12,Storage HW,0.0
UserD,h18_su12,Radiators,0.0
UserD,h18_su12,Floor heating,0.0
UserD,h18_su12,Induction stove,0.0
UserD,h18_su12,Gas stove,0.0
UserD,h18_su12,Gas National Grid,0.0
UserD,h19_su12,PV sys,0.0
UserD,h19_su12,National Grid EE,0.0
UserD,h19_su12,Storage EE,5.7
UserD,h19_su12,Gas Boiler,0.0
UserD,h19_su12,HP,0.0
UserD,h19_su12,AC,0.0
UserD,h19_su12,Storage HW,0.0
UserD,h19_su12,Radiators,0.0
UserD,h19_su12,Floor heating,0.0
UserD,h19_su12,Induction stove,0.0
UserD,h19_su12,Gas stove,0.0
UserD,h19_su12,Gas National Grid,0.0
UserD,h20_su12,PV sys,0.0
UserD,h20_su12,National Grid EE,0.0
UserD,h20_su12,Storage EE,5.7
UserD,h20_su12,Gas Boiler,0.0
UserD,h20_su12,HP,0.0
UserD,h20_su12,AC,0.0
UserD,h20_su12,Storage HW,0.0
UserD,h20_su12,Radiators,0.0
UserD,h20_su12,Floor heating,0.0
UserD,h20_su12,Induction stove,0.0
UserD,h20_su12,Gas stove,0.0
UserD,h20_su12,Gas National Grid,0.0
UserD,h21_su12,PV sys,0.0
UserD,h21_su12,National Grid EE,0.0
UserD,h21_su12,Storage EE,5.7
UserD,h21_su12,Gas Boiler,0.0
UserD,h21_su12,HP,0.0
UserD,h21_su12,AC,0.0
UserD,h21_su12,Storage HW,0.0
UserD,h21_su12,Radiators,0.0
UserD,h21_su12,Floor heating,0.0
UserD,h21_su12,Induction stove,0.0
UserD,h21_su12,Gas stove,0.0
UserD,h21_su12,Gas National Grid,0.0
UserD,h22_su12,PV sys,0.0
UserD,h22_su12,National Grid EE,0.0
UserD,h22_su12,Storage EE,5.7
UserD,h22_su12,Gas Boiler,0.0
UserD,h22_su12,HP,0.0
UserD,h22_su12,AC,0.0
UserD,h22_su12,Storage HW,0.0
UserD,h22_su12,Radiators,0.0
UserD,h22_su12,Floor heating,0.0
UserD,h22_su12,Induction stove,0.0
UserD,h22_su12,Gas stove,0.0
UserD,h22_su12,Gas National Grid,0.0
UserD,h23_su12,PV sys,0.0
UserD,h23_su12,National Grid EE,0.0
UserD,h23_su12,Storage EE,5.7
UserD,h23_su12,Gas Boiler,0.0
UserD,h23_su12,HP,0.0
UserD,h23_su12,AC,0.0
UserD,h23_su12,Storage HW,0.0
UserD,h23_su12,Radiators,0.0
UserD,h23_su12,Floor heating,0.0
UserD,h23_su12,Induction stove,0.0
UserD,h23_su12,Gas stove,0.0
UserD,h23_su12,Gas National Grid,0.0
UserD,h24_su12,PV sys,0.0
UserD,h24_su12,National Grid EE,0.0
UserD,h24_su12,Storage EE,5.7
UserD,h24_su12,Gas Boiler,0.0
UserD,h24_su12,HP,0.0
UserD,h24_su12,AC,0.0
UserD,h24_su12,Storage HW,0.0
UserD,h24_su12,Radiators,0.0
UserD,h24_su12,Floor heating,0.0
UserD,h24_su12,Induction stove,0.0
UserD,h24_su12,Gas stove,0.0
UserD,h24_su12,Gas National Grid,0.0
UserD,h01_su13,PV sys,0.0
UserD,h01_su13,National Grid EE,0.0
UserD,h01_su13,Storage EE,5.127684690250672
UserD,h01_su13,Gas Boiler,0.0
UserD,h01_su13,HP,0.0
UserD,h01_su13,AC,0.0
UserD,h01_su13,Storage HW,0.0
UserD,h01_su13,Radiators,0.0
UserD,h01_su13,Floor heating,0.0
UserD,h01_su13,Induction stove,0.0
UserD,h01_su13,Gas stove,0.0
UserD,h01_su13,Gas National Grid,0.0
UserD,h02_su13,PV sys,0.0
UserD,h02_su13,National Grid EE,0.0
UserD,h02_su13,Storage EE,4.877963573968012
UserD,h02_su13,Gas Boiler,0.0
UserD,h02_su13,HP,0.0
UserD,h02_su13,AC,0.0
UserD,h02_su13,Storage HW,0.0
UserD,h02_su13,Radiators,0.0
UserD,h02_su13,Floor heating,0.0
UserD,h02_su13,Induction stove,0.0
UserD,h02_su13,Gas stove,0.0
UserD,h02_su13,Gas National Grid,0.0
UserD,h03_su13,PV sys,0.0
UserD,h03_su13,National Grid EE,0.0
UserD,h03_su13,Storage EE,4.623977570378683
UserD,h03_su13,Gas Boiler,0.0
UserD,h03_su13,HP,0.0
UserD,h03_su13,AC,0.0
UserD,h03_su13,Storage HW,0.0
UserD,h03_su13,Radiators,0.0
UserD,h03_su13,Floor heating,0.0
UserD,h03_su13,Induction stove,0.0
UserD,h03_su13,Gas stove,0.0
UserD,h03_su13,Gas National Grid,0.0
UserD,h04_su13,PV sys,0.0
UserD,h04_su13,National Grid EE,0.0
UserD,h04_su13,Storage EE,4.362241933456021
UserD,h04_su13,Gas Boiler,0.0
UserD,h04_su13,HP,0.0
UserD,h04_su13,AC,0.0
UserD,h04_su13,Storage HW,0.0
UserD,h04_su13,Radiators,0.0
UserD,h04_su13,Floor heating,0.0
UserD,h04_su13,Induction stove,0.0
UserD,h04_su13,Gas stove,0.0
UserD,h04_su13,Gas National Grid,0.0
UserD,h05_su13,PV sys,0.0
UserD,h05_su13,National Grid EE,0.0
UserD,h05_su13,Storage EE,4.082093079866692
UserD,h05_su13,Gas Boiler,0.0
UserD,h05_su13,HP,0.0
UserD,h05_su13,AC,0.0
UserD,h05_su13,Storage HW,0.0
UserD,h05_su13,Radiators,0.0
UserD,h05_su13,Floor heating,0.0
UserD,h05_su13,Induction stove,0.0
UserD,h05_su13,Gas stove,0.0
UserD,h05_su13,Gas National Grid,0.0
UserD,h06_su13,PV sys,0.0
UserD,h06_su13,National Grid EE,0.0
UserD,h06_su13,Storage EE,3.7746692562773636
UserD,h06_su13,Gas Boiler,0.0
UserD,h06_su13,HP,0.0
UserD,h06_su13,AC,0.0
UserD,h06_su13,Storage HW,0.0
UserD,h06_su13,Radiators,0.0
UserD,h06_su13,Floor heating,0.0
UserD,h06_su13,Induction stove,0.0
UserD,h06_su13,Gas stove,0.0
UserD,h06_su13,Gas National Grid,0.0
UserD,h07_su13,PV sys,0.0
UserD,h07_su13,National Grid EE,0.0
UserD,h07_su13,Storage EE,3.2831247898015645
UserD,h07_su13,Gas Boiler,0.0
UserD,h07_su13,HP,0.0
UserD,h07_su13,AC,0.0
UserD,h07_su13,Storage HW,0.0
UserD,h07_su13,Radiators,0.0
UserD,h07_su13,Floor heating,0.0
UserD,h07_su13,Induction stove,0.0
UserD,h07_su13,Gas stove,0.0
UserD,h07_su13,Gas National Grid,0.0
UserD,h08_su13,PV sys,0.0
UserD,h08_su13,National Grid EE,0.0
UserD,h08_su13,Storage EE,3.2065347582301302
UserD,h08_su13,Gas Boiler,0.0
UserD,h08_su13,HP,0.0
UserD,h08_su13,AC,0.0
UserD,h08_su13,Storage HW,0.0
UserD,h08_su13,Radiators,0.0
UserD,h08_su13,Floor heating,0.0
UserD,h08_su13,Induction stove,0.0
UserD,h08_su13,Gas stove,0.0
UserD,h08_su13,Gas National Grid,0.0
UserD,h09_su13,PV sys,0.0
UserD,h09_su13,National Grid EE,0.0
UserD,h09_su13,Storage EE,3.0719249999999985
UserD,h09_su13,Gas Boiler,0.0
UserD,h09_su13,HP,0.0
UserD,h09_su13,AC,0.0
UserD,h09_su13,Storage HW,0.0
UserD,h09_su13,Radiators,0.0
UserD,h09_su13,Floor heating,0.0
UserD,h09_su13,Induction stove,0.0
UserD,h09_su13,Gas stove,0.0
UserD,h09_su13,Gas National Grid,0.0
UserD,h10_su13,PV sys,0.0
UserD,h10_su13,National Grid EE,0.0
UserD,h10_su13,Storage EE,3.7154749999999988
UserD,h10_su13,Gas Boiler,0.0
UserD,h10_su13,HP,0.0
UserD,h10_su13,AC,0.0
UserD,h10_su13,Storage HW,0.0
UserD,h10_su13,Radiators,0.0
UserD,h10_su13,Floor heating,0.0
UserD,h10_su13,Induction stove,0.0
UserD,h10_su13,Gas stove,0.0
UserD,h10_su13,Gas National Grid,0.0
UserD,h11_su13,PV sys,0.0
UserD,h11_su13,National Grid EE,0.0
UserD,h11_su13,Storage EE,4.334899999999998
UserD,h11_su13,Gas Boiler,0.0
UserD,h11_su13,HP,0.0
UserD,h11_su13,AC,0.0
UserD,h11_su13,Storage HW,0.0
UserD,h11_su13,Radiators,0.0
UserD,h11_su13,Floor heating,0.0
UserD,h11_su13,Induction stove,0.0
UserD,h11_su13,Gas stove,0.0
UserD,h11_su13,Gas National Grid,0.0
UserD,h12_su13,PV sys,0.0
UserD,h12_su13,National Grid EE,0.0
UserD,h12_su13,Storage EE,5.002424999999998
UserD,h12_su13,Gas Boiler,0.0
UserD,h12_su13,HP,0.0
UserD,h12_su13,AC,0.0
UserD,h12_su13,Storage HW,0.0
UserD,h12_su13,Radiators,0.0
UserD,h12_su13,Floor heating,0.0
UserD,h12_su13,Induction stove,0.0
UserD,h12_su13,Gas stove,0.0
UserD,h12_su13,Gas National Grid,0.0
UserD,h13_su13,PV sys,0.0
UserD,h13_su13,National Grid EE,0.0
UserD,h13_su13,Storage EE,5.7
UserD,h13_su13,Gas Boiler,0.0
UserD,h13_su13,HP,0.0
UserD,h13_su13,AC,0.0
UserD,h13_su13,Storage HW,0.0
UserD,h13_su13,Radiators,0.0
UserD,h13_su13,Floor heating,0.0
UserD,h13_su13,Induction stove,0.0
UserD,h13_su13,Gas stove,0.0
UserD,h13_su13,Gas National Grid,0.0
UserD,h14_su13,PV sys,0.0
UserD,h14_su13,National Grid EE,0.0
UserD,h14_su13,Storage EE,4.876949999999999
UserD,h14_su13,Gas Boiler,0.0
UserD,h14_su13,HP,0.0
UserD,h14_su13,AC,0.0
UserD,h14_su13,Storage HW,0.0
UserD,h14_su13,Radiators,0.0
UserD,h14_su13,Floor heating,0.0
UserD,h14_su13,Induction stove,0.0
UserD,h14_su13,Gas stove,0.0
UserD,h14_su13,Gas National Grid,0.0
UserD,h15_su13,PV sys,0.0
UserD,h15_su13,National Grid EE,0.0
UserD,h15_su13,Storage EE,5.324549999999999
UserD,h15_su13,Gas Boiler,0.0
UserD,h15_su13,HP,0.0
UserD,h15_su13,AC,0.0
UserD,h15_su13,Storage HW,0.0
UserD,h15_su13,Radiators,0.0
UserD,h15_su13,Floor heating,0.0
UserD,h15_su13,Induction stove,0.0
UserD,h15_su13,Gas stove,0.0
UserD,h15_su13,Gas National Grid,0.0
UserD,h16_su13,PV sys,0.0
UserD,h16_su13,National Grid EE,0.0
UserD,h16_su13,Storage EE,5.7
UserD,h16_su13,Gas Boiler,0.0
UserD,h16_su13,HP,0.0
UserD,h16_su13,AC,0.0
UserD,h16_su13,Storage HW,0.0
UserD,h16_su13,Radiators,0.0
UserD,h16_su13,Floor heating,0.0
UserD,h16_su13,Induction stove,0.0
UserD,h16_su13,Gas stove,0.0
UserD,h16_su13,Gas National Grid,0.0
UserD,h17_su13,PV sys,0.0
UserD,h17_su13,National Grid EE,0.0
UserD,h17_su13,Storage EE,5.7
UserD,h17_su13,Gas Boiler,0.0
UserD,h17_su13,HP,0.0
UserD,h17_su13,AC,0.0
UserD,h17_su13,Storage HW,0.0
UserD,h17_su13,Radiators,0.0
UserD,h17_su13,Floor heating,0.0
UserD,h17_su13,Induction stove,0.0
UserD,h17_su13,Gas stove,0.0
UserD,h17_su13,Gas National Grid,0.0
UserD,h18_su13,PV sys,0.0
UserD,h18_su13,National Grid EE,0.0
UserD,h18_su13,Storage EE,5.447129799932412
UserD,h18_su13,Gas Boiler,0.0
UserD,h18_su13,HP,0.0
UserD,h18_su13,AC,0.0
UserD,h18_su13,Storage HW,0.0
UserD,h18_su13,Radiators,0.0
UserD,h18_su13,Floor heating,0.0
UserD,h18_su13,Induction stove,0.0
UserD,h18_su13,Gas stove,0.0
UserD,h18_su13,Gas National Grid,0.0
UserD,h19_su13,PV sys,0.0
UserD,h19_su13,National Grid EE,0.0
UserD,h19_su13,Storage EE,5.458454799932413
UserD,h19_su13,Gas Boiler,0.0
UserD,h19_su13,HP,0.0
UserD,h19_su13,AC,0.0
UserD,h19_su13,Storage HW,0.0
UserD,h19_su13,Radiators,0.0
UserD,h19_su13,Floor heating,0.0
UserD,h19_su13,Induction stove,0.0
UserD,h19_su13,Gas stove,0.0
UserD,h19_su13,Gas National Grid,0.0
UserD,h20_su13,PV sys,0.0
UserD,h20_su13,National Grid EE,0.0
UserD,h20_su13,Storage EE,5.458454799932413
UserD,h20_su13,Gas Boiler,0.0
UserD,h20_su13,HP,0.0
UserD,h20_su13,AC,0.0
UserD,h20_su13,Storage HW,0.0
UserD,h20_su13,Radiators,0.0
UserD,h20_su13,Floor heating,0.0
UserD,h20_su13,Induction stove,0.0
UserD,h20_su13,Gas stove,0.0
UserD,h20_su13,Gas National Grid,0.0
UserD,h21_su13,PV sys,0.0
UserD,h21_su13,National Grid EE,0.0
UserD,h21_su13,Storage EE,5.458454799932413
UserD,h21_su13,Gas Boiler,0.0
UserD,h21_su13,HP,0.0
UserD,h21_su13,AC,0.0
UserD,h21_su13,Storage HW,0.0
UserD,h21_su13,Radiators,0.0
UserD,h21_su13,Floor heating,0.0
UserD,h21_su13,Induction stove,0.0
UserD,h21_su13,Gas stove,0.0
UserD,h21_su13,Gas National Grid,0.0
UserD,h22_su13,PV sys,0.0
UserD,h22_su13,National Grid EE,0.0
UserD,h22_su13,Storage EE,5.293665209365317
UserD,h22_su13,Gas Boiler,0.0
UserD,h22_su13,HP,0.0
UserD,h22_su13,AC,0.0
UserD,h22_su13,Storage HW,0.0
UserD,h22_su13,Radiators,0.0
UserD,h22_su13,Floor heating,0.0
UserD,h22_su13,Induction stove,0.0
UserD,h22_su13,Gas stove,0.0
UserD,h22_su13,Gas National Grid,0.0
UserD,h23_su13,PV sys,0.0
UserD,h23_su13,National Grid EE,0.0
UserD,h23_su13,Storage EE,2.293665209365316
UserD,h23_su13,Gas Boiler,0.0
UserD,h23_su13,HP,0.0
UserD,h23_su13,AC,0.0
UserD,h23_su13,Storage HW,0.0
UserD,h23_su13,Radiators,0.0
UserD,h23_su13,Floor heating,0.0
UserD,h23_su13,Induction stove,0.0
UserD,h23_su13,Gas stove,0.0
UserD,h23_su13,Gas National Grid,0.0
UserD,h24_su13,PV sys,0.0
UserD,h24_su13,National Grid EE,0.0
UserD,h24_su13,Storage EE,0.9828655097493268
UserD,h24_su13,Gas Boiler,0.0
UserD,h24_su13,HP,0.0
UserD,h24_su13,AC,0.0
UserD,h24_su13,Storage HW,0.0
UserD,h24_su13,Radiators,0.0
UserD,h24_su13,Floor heating,0.0
UserD,h24_su13,Induction stove,0.0
UserD,h24_su13,Gas stove,0.0
UserD,h24_su13,Gas National Grid,0.0
UserD,h01_su14,PV sys,0.0
UserD,h01_su14,National Grid EE,0.0
UserD,h01_su14,Storage EE,0.6
UserD,h01_su14,Gas Boiler,0.0
UserD,h01_su14,HP,0.0
UserD,h01_su14,AC,0.0
UserD,h01_su14,Storage HW,0.0
UserD,h01_su14,Radiators,0.0
UserD,h01_su14,Floor heating,0.0
UserD,h01_su14,Induction stove,0.0
UserD,h01_su14,Gas stove,0.0
UserD,h01_su14,Gas National Grid,0.0
UserD,h02_su14,PV sys,0.0
UserD,h02_su14,National Grid EE,0.0
UserD,h02_su14,Storage EE,0.6
UserD,h02_su14,Gas Boiler,0.0
UserD,h02_su14,HP,0.0
UserD,h02_su14,AC,0.0
UserD,h02_su14,Storage HW,0.0
UserD,h02_su14,Radiators,0.0
UserD,h02_su14,Floor heating,0.0
UserD,h02_su14,Induction stove,0.0
UserD,h02_su14,Gas stove,0.0
UserD,h02_su14,Gas National Grid,0.0
UserD,h03_su14,PV sys,0.0
UserD,h03_su14,National Grid EE,0.0
UserD,h03_su14,Storage EE,0.6
UserD,h03_su14,Gas Boiler,0.0
UserD,h03_su14,HP,0.0
UserD,h03_su14,AC,0.0
UserD,h03_su14,Storage HW,0.0
UserD,h03_su14,Radiators,0.0
UserD,h03_su14,Floor heating,0.0
UserD,h03_su14,Induction stove,0.0
UserD,h03_su14,Gas stove,0.0
UserD,h03_su14,Gas National Grid,0.0
UserD,h04_su14,PV sys,0.0
UserD,h04_su14,National Grid EE,0.0
UserD,h04_su14,Storage EE,0.6
UserD,h04_su14,Gas Boiler,0.0
UserD,h04_su14,HP,0.0
UserD,h04_su14,AC,0.0
UserD,h04_su14,Storage HW,0.0
UserD,h04_su14,Radiators,0.0
UserD,h04_su14,Floor heating,0.0
UserD,h04_su14,Induction stove,0.0
UserD,h04_su14,Gas stove,0.0
UserD,h04_su14,Gas National Grid,0.0
UserD,h05_su14,PV sys,0.0
UserD,h05_su14,National Grid EE,0.0
UserD,h05_su14,Storage EE,0.6
UserD,h05_su14,Gas Boiler,0.0
UserD,h05_su14,HP,0.0
UserD,h05_su14,AC,0.0
UserD,h05_su14,Storage HW,0.0
UserD,h05_su14,Radiators,0.0
UserD,h05_su14,Floor heating,0.0
UserD,h05_su14,Induction stove,0.0
UserD,h05_su14,Gas stove,0.0
UserD,h05_su14,Gas National Grid,0.0
UserD,h06_su14,PV sys,0.0
UserD,h06_su14,National Grid EE,0.0
UserD,h06_su14,Storage EE,0.626075
UserD,h06_su14,Gas Boiler,0.0
UserD,h06_su14,HP,0.0
UserD,h06_su14,AC,0.0
UserD,h06_su14,Storage HW,0.0
UserD,h06_su14,Radiators,0.0
UserD,h06_su14,Floor heating,0.0
UserD,h06_su14,Induction stove,0.0
UserD,h06_su14,Gas stove,0.0
UserD,h06_su14,Gas National Grid,0.0
UserD,h07_su14,PV sys,0.0
UserD,h07_su14,National Grid EE,0.0
UserD,h07_su14,Storage EE,0.6
UserD,h07_su14,Gas Boiler,0.0
UserD,h07_su14,HP,0.0
UserD,h07_su14,AC,0.0
UserD,h07_su14,Storage HW,0.0
UserD,h07_su14,Radiators,0.0
UserD,h07_su14,Floor heating,0.0
UserD,h07_su14,Induction stove,0.0
UserD,h07_su14,Gas stove,0.0
UserD,h07_su14,Gas National Grid,0.0
UserD,h08_su14,PV sys,0.0
UserD,h08_su14,National Grid EE,0.0
UserD,h08_su14,Storage EE,0.9260750000000002
UserD,h08_su14,Gas Boiler,0.0
UserD,h08_su14,HP,0.0
UserD,h08_su14,AC,0.0
UserD,h08_su14,Storage HW,0.0
UserD,h08_su14,Radiators,0.0
UserD,h08_su14,Floor heating,0.0
UserD,h08_su14,Induction stove,0.0
UserD,h08_su14,Gas stove,0.0
UserD,h08_su14,Gas National Grid,0.0
UserD,h09_su14,PV sys,0.0
UserD,h09_su14,National Grid EE,0.0
UserD,h09_su14,Storage EE,0.6
UserD,h09_su14,Gas Boiler,0.0
UserD,h09_su14,HP,0.0
UserD,h09_su14,AC,0.0
UserD,h09_su14,Storage HW,0.0
UserD,h09_su14,Radiators,0.0
UserD,h09_su14,Floor heating,0.0
UserD,h09_su14,Induction stove,0.0
UserD,h09_su14,Gas stove,0.0
UserD,h09_su14,Gas National Grid,0.0
UserD,h10_su14,PV sys,0.0
UserD,h10_su14,National Grid EE,0.0
UserD,h10_su14,Storage EE,0.6
UserD,h10_su14,Gas Boiler,0.0
UserD,h10_su14,HP,0.0
UserD,h10_su14,AC,0.0
UserD,h10_su14,Storage HW,0.0
UserD,h10_su14,Radiators,0.0
UserD,h10_su14,Floor heating,0.0
UserD,h10_su14,Induction stove,0.0
UserD,h10_su14,Gas stove,0.0
UserD,h10_su14,Gas National Grid,0.0
UserD,h11_su14,PV sys,0.0
UserD,h11_su14,National Grid EE,0.0
UserD,h11_su14,Storage EE,0.7337910776096797
UserD,h11_su14,Gas Boiler,0.0
UserD,h11_su14,HP,0.0
UserD,h11_su14,AC,0.0
UserD,h11_su14,Storage HW,0.0
UserD,h11_su14,Radiators,0.0
UserD,h11_su14,Floor heating,0.0
UserD,h11_su14,Induction stove,0.0
UserD,h11_su14,Gas stove,0.0
UserD,h11_su14,Gas National Grid,0.0
UserD,h12_su14,PV sys,0.0
UserD,h12_su14,National Grid EE,0.0
UserD,h12_su14,Storage EE,0.889015121886026
UserD,h12_su14,Gas Boiler,0.0
UserD,h12_su14,HP,0.0
UserD,h12_su14,AC,0.0
UserD,h12_su14,Storage HW,0.0
UserD,h12_su14,Radiators,0.0
UserD,h12_su14,Floor heating,0.0
UserD,h12_su14,Induction stove,0.0
UserD,h12_su14,Gas stove,0.0
UserD,h12_su14,Gas National Grid,0.0
UserD,h13_su14,PV sys,0.0
UserD,h13_su14,National Grid EE,0.0
UserD,h13_su14,Storage EE,1.586590121886026
UserD,h13_su14,Gas Boiler,0.0
UserD,h13_su14,HP,0.0
UserD,h13_su14,AC,0.0
UserD,h13_su14,Storage HW,0.0
UserD,h13_su14,Radiators,0.0
UserD,h13_su14,Floor heating,0.0
UserD,h13_su14,Induction stove,0.0
UserD,h13_su14,Gas stove,0.0
UserD,h13_su14,Gas National Grid,0.0
UserD,h14_su14,PV sys,0.0
UserD,h14_su14,National Grid EE,0.0
UserD,h14_su14,Storage EE,2.250490121886026
UserD,h14_su14,Gas Boiler,0.0
UserD,h14_su14,HP,0.0
UserD,h14_su14,AC,0.0
UserD,h14_su14,Storage HW,0.0
UserD,h14_su14,Radiators,0.0
UserD,h14_su14,Floor heating,0.0
UserD,h14_su14,Induction stove,0.0
UserD,h14_su14,Gas stove,0.0
UserD,h14_su14,Gas National Grid,0.0
UserD,h15_su14,PV sys,0.0
UserD,h15_su14,National Grid EE,0.0
UserD,h15_su14,Storage EE,2.698090121886026
UserD,h15_su14,Gas Boiler,0.0
UserD,h15_su14,HP,0.0
UserD,h15_su14,AC,0.0
UserD,h15_su14,Storage HW,0.0
UserD,h15_su14,Radiators,0.0
UserD,h15_su14,Floor heating,0.0
UserD,h15_su14,Induction stove,0.0
UserD,h15_su14,Gas stove,0.0
UserD,h15_su14,Gas National Grid,0.0
UserD,h16_su14,PV sys,0.0
UserD,h16_su14,National Grid EE,0.0
UserD,h16_su14,Storage EE,3.0735401218860265
UserD,h16_su14,Gas Boiler,0.0
UserD,h16_su14,HP,0.0
UserD,h16_su14,AC,0.0
UserD,h16_su14,Storage HW,0.0
UserD,h16_su14,Radiators,0.0
UserD,h16_su14,Floor heating,0.0
UserD,h16_su14,Induction stove,0.0
UserD,h16_su14,Gas stove,0.0
UserD,h16_su14,Gas National Grid,0.0
UserD,h17_su14,PV sys,0.0
UserD,h17_su14,National Grid EE,0.0
UserD,h17_su14,Storage EE,3.072418756867391
UserD,h17_su14,Gas Boiler,0.0
UserD,h17_su14,HP,0.0
UserD,h17_su14,AC,0.0
UserD,h17_su14,Storage HW,0.0
UserD,h17_su14,Radiators,0.0
UserD,h17_su14,Floor heating,0.0
UserD,h17_su14,Induction stove,0.0
UserD,h17_su14,Gas stove,0.0
UserD,h17_su14,Gas National Grid,0.0
UserD,h18_su14,PV sys,0.0
UserD,h18_su14,National Grid EE,0.0
UserD,h18_su14,Storage EE,2.8332750001331375
UserD,h18_su14,Gas Boiler,0.0
UserD,h18_su14,HP,0.0
UserD,h18_su14,AC,0.0
UserD,h18_su14,Storage HW,0.0
UserD,h18_su14,Radiators,0.0
UserD,h18_su14,Floor heating,0.0
UserD,h18_su14,Induction stove,0.0
UserD,h18_su14,Gas stove,0.0
UserD,h18_su14,Gas National Grid,0.0
UserD,h19_su14,PV sys,0.0
UserD,h19_su14,National Grid EE,0.0
UserD,h19_su14,Storage EE,1.6192059430503143
UserD,h19_su14,Gas Boiler,0.0
UserD,h19_su14,HP,0.0
UserD,h19_su14,AC,0.0
UserD,h19_su14,Storage HW,0.0
UserD,h19_su14,Radiators,0.0
UserD,h19_su14,Floor heating,0.0
UserD,h19_su14,Induction stove,0.0
UserD,h19_su14,Gas stove,0.0
UserD,h19_su14,Gas National Grid,0.0
UserD,h20_su14,PV sys,0.0
UserD,h20_su14,National Grid EE,0.0
UserD,h20_su14,Storage EE,0.6
UserD,h20_su14,Gas Boiler,0.0
UserD,h20_su14,HP,0.0
UserD,h20_su14,AC,0.0
UserD,h20_su14,Storage HW,0.0
UserD,h20_su14,Radiators,0.0
UserD,h20_su14,Floor heating,0.0
UserD,h20_su14,Induction stove,0.0
UserD,h20_su14,Gas stove,0.0
UserD,h20_su14,Gas National Grid,0.0
UserD,h21_su14,PV sys,0.0
UserD,h21_su14,National Grid EE,0.0
UserD,h21_su14,Storage EE,0.6
UserD,h21_su14,Gas Boiler,0.0
UserD,h21_su14,HP,0.0
UserD,h21_su14,AC,0.0
UserD,h21_su14,Storage HW,0.0
UserD,h21_su14,Radiators,0.0
UserD,h21_su14,Floor heating,0.0
UserD,h21_su14,Induction stove,0.0
UserD,h21_su14,Gas stove,0.0
UserD,h21_su14,Gas National Grid,0.0
UserD,h22_su14,PV sys,0.0
UserD,h22_su14,National Grid EE,0.0
UserD,h22_su14,Storage EE,0.6
UserD,h22_su14,Gas Boiler,0.0
UserD,h22_su14,HP,0.0
UserD,h22_su14,AC,0.0
UserD,h22_su14,Storage HW,0.0
UserD,h22_su14,Radiators,0.0
UserD,h22_su14,Floor heating,0.0
UserD,h22_su14,Induction stove,0.0
UserD,h22_su14,Gas stove,0.0
UserD,h22_su14,Gas National Grid,0.0
UserD,h23_su14,PV sys,0.0
UserD,h23_su14,National Grid EE,0.0
UserD,h23_su14,Storage EE,0.6
UserD,h23_su14,Gas Boiler,0.0
UserD,h23_su14,HP,0.0
UserD,h23_su14,AC,0.0
UserD,h23_su14,Storage HW,0.0
UserD,h23_su14,Radiators,0.0
UserD,h23_su14,Floor heating,0.0
UserD,h23_su14,Induction stove,0.0
UserD,h23_su14,Gas stove,0.0
UserD,h23_su14,Gas National Grid,0.0
UserD,h24_su14,PV sys,0.0
UserD,h24_su14,National Grid EE,0.0
UserD,h24_su14,Storage EE,0.6
UserD,h24_su14,Gas Boiler,0.0
UserD,h24_su14,HP,0.0
UserD,h24_su14,AC,0.0
UserD,h24_su14,Storage HW,0.0
UserD,h24_su14,Radiators,0.0
UserD,h24_su14,Floor heating,0.0
UserD,h24_su14,Induction stove,0.0
UserD,h24_su14,Gas stove,0.0
UserD,h24_su14,Gas National Grid,0.0
UserD,peak,PV sys,0.0
UserD,peak,National Grid EE,0.0
UserD,peak,Storage EE,0.0
UserD,peak,Gas Boiler,0.0
UserD,peak,HP,0.0
UserD,peak,AC,0.0
UserD,peak,Storage HW,0.0
UserD,peak,Radiators,0.0
UserD,peak,Floor heating,0.0
UserD,peak,Induction stove,0.0
UserD,peak,Gas stove,0.0
UserD,peak,Gas National Grid,0.0
